3792
5280
3216
-992
-3568
-3024
752
4704
3824
-816
-4160
-4928
-3984
-2576
-3520
-5040
-1424
4240
3328
-1488
-848
3984
5328
3376
2720
2896
1232
-1600
-3648
-4560
-5024
-5056
-3856
-2528
-3584
-4928
-2016
3488
6672
6000
1920
-2032
-320
4336
3680
-1136
-3152
-2512
-3008
-4384
-5104
-5040
-4080
-2768
-2016
-2064
-2928
-2880
592
4672
3936
-688
-4656
-5392
-1824
3712
6528
5872
4096
2752
3024
4656
5728
5552
4352
2960
2896
3040
384
-3824
-5568
-4944
-5136
-5344
-1936
2256
368
-4320
-1920
4256
2672
-3664
-3088
1904
768
-4064
-3344
1472
3488
2912
3264
4656
5840
5648
3008
-1056
-4352
-5136
-2624
1456
3792
3248
1120
-1440
-4304
-5344
-1072
4464
2368
-3808
-2272
4064
3216
-3184
-5296
-3184
-2560
-2816
-480
2416
1840
-1376
-3824
-4720
-4672
-3216
-528
2032
3648
3360
224
-3840
-5776
-5328
-3776
-2592
-3648
-4976
-2016
3616
6240
5536
4256
3200
3120
3232
688
-2368
-592
4080
5424
3552
2560
2880
2816
2768
4208
5312
2368
-1968
-1008
2672
656
-4112
-2496
3520
6032
4080
336
-2448
-704
2832
640
-4176
-2048
3936
3904
-1040
-3888
-3152
-848
1968
4736
5536
2256
-1888
-800
4016
5840
3680
896
-1568
-4080
-5088
-2624
1600
3280
2688
4080
5568
1744
-3856
-3648
1232
5120
5648
2464
-1648
-1776
1728
4240
4864
5824
5888
2128
-2064
-144
4512
3072
-3024
-6560
-5776
-1680
2336
1152
-3520
-5680
-3792
1072
5088
2208
-3776
-2832
3424
6208
4144
0
-4000
-4672
-2896
-3264
-4768
-2656
1728
3328
2800
3952
5296
3088
-1216
-3888
-3312
624
4640
3696
-1040
-4320
-4976
-4032
-2704
-3632
-5088
-1424
4256
3280
-1632
-960
4000
5392
3392
2688
2880
1248
-1600
-3728
-4656
-5056
-5072
-3904
-2624
-3664
-4992
-2048
3520
6752
6096
1920
-2176
-464
4288
3664
-1264
-3392
-2752
-3120
-4352
-5072
-5040
-4144
-2928
-2304
-2400
-3280
-3248
352
4560
3792
-944
-4832
-5392
-1792
3664
6384
5696
4176
3184
3408
4672
5552
5440
4448
3248
3328
3440
624
-3760
-5520
-4928
-5216
-5376
-1808
2432
432
-4352
-2000
4224
2688
-3664
-3008
2096
976
-3952
-3264
1664
3744
3104
3328
4640
5904
5712
2960
-1216
-4464
-5168
-2560
1680
4128
3504
1184
-1552
-4480
-5456
-1056
4576
2416
-3904
-2368
4080
3216
-3264
-5360
-3104
-2368
-2624
-432
2352
1792
-1344
-3792
-4704
-4704
-3312
-544
2192
3872
3552
400
-3696
-5632
-5184
-3808
-2800
-3808
-4992
-1968
3648
6272
5568
4304
3344
3360
3424
704
-2480
-720
4016
5456
3648
2656
2976
2832
2720
4208
5408
2464
-1968
-1024
2704
704
-4144
-2544
3520
6160
4304
416
-2592
-816
2848
640
-4288
-2144
3936
3968
-1056
-4016
-3296
-944
1888
4736
5648
2352
-1936
-896
4000
5904
3760
912
-1648
-4192
-5136
-2624
1664
3376
2752
4112
5616
1808
-3872
-3776
1104
5120
5744
2608
-1520
-1776
1600
4128
4912
5936
5968
2144
-2112
-176
4608
3184
-3008
-6640
-5856
-1728
2352
1136
-3648
-5808
-3824
1104
5104
2176
-3872
-2880
3536
6336
4112
-192
-4176
-4752
-2912
-3280
-4848
-2736
1696
3344
2768
-3584
-1568
1168
3680
5088
4816
2256
-432
576
3680
3456
976
1472
3888
3760
1328
-752
-1008
1184
3840
3600
576
-2256
-3920
-5280
-5136
-1392
3312
4080
1472
-352
-16
1952
4000
3664
1232
-384
-560
-976
-1024
1312
3984
2928
-32
288
3328
5072
4688
3136
1120
-208
64
1744
3760
4608
4336
4560
4656
2304
-480
512
3648
3856
1408
-336
-768
-496
-448
-2080
-4160
-3776
-1488
-64
-352
-1824
-3744
-5088
-4880
-2816
-128
992
560
688
816
-1376
-4064
-3280
-240
640
-432
-64
768
-1264
-4112
-3040
-16
-352
-3424
-5168
-4816
-3136
-1104
-544
-752
1008
3664
3920
1552
-1360
-3712
-5408
-5200
-1424
3296
4064
1408
-528
-704
-160
320
176
-416
-624
64
1648
3664
5408
5184
928
-3920
-2464
3040
3888
992
1648
4160
2112
-2960
-5632
-5040
-2656
-32
816
384
1728
3952
3600
1200
-464
-656
-176
-176
-1600
-3776
-5488
-5248
-1472
3280
3936
720
-2416
-4128
-4720
-4512
-4560
-4608
-3648
-1472
2048
4464
1696
-3376
-3856
-672
1056
272
-2464
-4640
-1632
3552
2320
-3248
-3984
-592
272
-560
800
3552
5488
5184
1376
-3392
-4608
-1920
1808
4112
3616
672
-3040
-4752
-1888
3120
4544
1744
-1552
-3824
-5104
-4912
-3376
-1280
640
976
-1280
-3968
-4240
-1792
2032
4416
1872
-3248
-4256
-1376
-304
-800
1200
4000
3232
256
-848
80
1120
944
-1376
-4000
-3728
-752
2592
4352
2992
96
-832
96
624
-48
-2096
-4176
-3712
-784
2336
4128
3808
1456
-1536
-3920
-5072
-4816
-3552
-1440
1344
3760
5072
4848
2368
-288
704
3792
3488
896
1392
3920
3808
1312
-832
-1072
1184
3920
3664
544
-2368
-4048
-5392
-5232
-1408
3376
4096
1408
-496
-160
1872
4016
3648
1120
-448
-496
-864
-944
1376
4080
3040
48
336
3408
5200
4784
3104
992
-256
16
1648
3744
4688
4432
4656
4736
2464
-208
768
3792
3824
1184
-464
-608
-240
-192
-1904
-4160
-3792
-1296
272
-96
-1744
-3792
-5152
-4944
-2944
-368
704
400
656
816
-1424
-4128
-3344
-352
592
-352
-48
592
-1440
-4208
-3136
-144
-512
-3552
-5264
-4912
-3184
-976
-400
-736
1072
3856
4000
1456
-1504
-3824
-5552
-5296
-1408
3408
4192
1440
-640
-784
-128
416
240
-432
-672
80
1744
3696
5360
5200
1024
-3824
-2432
3088
3968
1040
1696
4256
2144
-3056
-5744
-5152
-2880
-352
448
144
1712
4064
3568
992
-544
-624
-128
-96
-1488
-3760
-5600
-5296
-1424
3376
4064
832
-2336
-4096
-4736
-4560
-4608
-4736
-3760
-1488
2112
4544
1728
-3472
-4016
-768
1056
352
-2384
-4688
-1680
3616
2400
-3248
-4016
-592
304
-576
752
3552
5552
5248
1376
-3456
-4688
-1952
1856
4176
3664
688
-3072
-4832
-1952
3104
4528
1712
-1648
-3936
-5232
-4992
-3424
-1344
592
992
-1200
-3968
-4336
-1888
2032
4464
1824
-3392
-4384
-1456
-384
-880
1168
4016
3216
208
-864
64
1024
848
-1440
-4112
-3840
-816
2560
4320
3040
176
-768
160
688
-32
-2160
-4240
-3664
-624
2480
4208
3856
1504
-1488
-3904
-5088
-4880
-4352
-4320
-1504
2608
5072
4624
784
-3280
-2208
2496
4672
3904
3408
3616
4336
4288
624
-3568
-1792
2944
2320
-2496
-4640
-4000
-4336
-4528
-1568
2768
4576
3904
3296
3456
3520
3648
4336
4080
1184
-2720
-5024
-4512
-496
3520
1728
-2912
-2224
2576
4736
4096
3712
3680
3552
3568
3616
3728
3744
3632
4304
4336
832
-3328
-2288
2464
5216
4384
1024
-2944
-4608
-4048
-3696
-3920
-3968
-3952
-3920
-3856
-3760
-3808
-4480
-4496
-1584
2672
4368
3744
4016
4240
704
-3552
-1792
2944
1616
-3200
-1792
3056
1520
-3376
-1984
2864
2112
-2704
-4864
-4320
-3808
-3760
-4320
-4288
-1536
2656
5104
4448
1200
-2784
-5184
-4720
-1440
2704
5120
4464
400
-3504
-1568
3008
1712
-3040
-2400
2384
4464
3888
4384
4528
864
-3536
-2416
2560
4656
3744
3968
4320
1536
-2816
-5296
-4800
-1488
2608
4304
3744
3376
3760
4416
4112
1184
-2784
-4304
-3840
-3632
-3920
-4720
-4720
-1088
3296
2256
-2528
-4816
-4240
-3824
-4000
-3952
-3968
-4640
-4496
-768
3504
1552
-3360
-2080
2768
2240
-2448
-5328
-4848
-880
3408
1632
-3328
-1984
2976
1600
-3248
-2528
2368
5248
4560
1296
-2832
-5440
-4848
-752
3264
2208
-2544
-5456
-4736
-1520
2576
5088
4432
1056
-2976
-4704
-4176
-4448
-4464
-816
3248
1952
-2784
-5600
-4768
-656
3440
2256
-2768
-5008
-4016
-4080
-4320
-688
3568
1824
-2848
-2384
2176
5040
4384
416
-3680
-2688
2064
5184
4752
752
-3344
-1712
2816
2272
-2384
-5184
-4720
-1664
2480
4400
4048
4224
4096
1056
-3152
-4768
-4272
-4448
-4320
-1408
2800
5280
4752
784
-3312
-2128
2688
4784
3888
3488
3872
4512
4224
528
-3536
-1648
3120
2464
-2464
-4752
-4192
-4544
-4656
-1568
2864
4704
3984
3328
3472
3600
3744
4416
4144
1184
-2784
-5152
-4672
-608
3520
1728
-3024
-2320
2624
4880
4224
3792
3712
3520
3520
3632
3824
3888
3840
4576
4592
928
-3344
-2272
2544
5296
4384
976
-2960
-4544
-3952
-3728
-4128
-4144
-3920
-3792
-3824
-3824
-3920
-4640
-4624
-1680
2640
4352
3680
3984
4208
608
-3776
-2000
2880
1664
-3120
-1792
3008
1488
-3424
-2048
2832
2064
-2832
-5008
-4432
-3856
-3760
-4336
-4352
-1536
2768
5152
4368
1024
-3024
-5504
-4992
-1536
2800
5264
4496
368
-3504
-1584
2960
1664
-3040
-2416
2368
4512
3968
4416
4528
880
-3536
-2496
2480
4656
3824
4080
4336
1456
-2912
-5408
-4912
-1536
2608
4304
3744
3424
3856
4464
4112
1088
-2976
-4496
-3952
-3696
-4000
-4848
-4848
-1152
3312
2320
-2544
-4928
-4384
-3968
-4080
-3968
-3968
-4672
-4560
-832
3504
1568
-3376
-2016
2928
2352
-2496
-5472
-4960
-912
3424
1648
-3408
-2080
2992
1696
-3216
-2560
2384
5376
4736
1376
-2848
-5536
-4944
-768
3328
2288
-2512
-5520
-4848
-1552
2624
5168
4576
1184
-2992
-4752
-4208
-4528
-4640
-928
3296
2080
-2688
-5632
-4896
-752
3392
2272
-2704
-5024
-4208
-4384
-4608
-896
3424
1568
-3232
-2576
2384
5376
4656
608
-3520
-2496
2272
5264
4656
592
-3552
-1840
2864
2304
-2544
-5424
-4848
-1584
2640
4496
4064
4224
4176
1184
-3072
-4704
-4192
-4352
-4400
-1584
2480
4880
4336
480
-3456
-2320
2400
4752
4144
3424
3440
4336
4400
560
-3696
-1808
2848
2032
-2736
-4656
-3840
-4064
-4256
-1504
2608
4512
4048
3504
3568
3424
3440
4320
4192
1120
-2976
-5216
-4544
-560
3280
1408
-3088
-2288
2416
4496
3952
3744
3840
3728
3680
3552
3488
3472
3472
4128
4064
560
-3424
-2368
2336
5216
4464
944
-3152
-4832
-4176
-3616
-3712
-3920
-4080
-4096
-4000
-3728
-3584
-4240
-4256
-1376
2816
4496
3920
4160
4224
688
-3376
-1456
3056
1408
-3328
-1632
3248
1632
-3152
-1696
2976
2096
-2624
-4640
-4096
-3760
-3936
-4528
-4384
-1616
2576
5072
4512
1280
-2672
-4944
-4416
-1392
2544
5152
4576
272
-3664
-1408
3200
1536
-3264
-2272
2624
4448
3680
4128
4272
800
-3344
-2336
2384
4576
3872
3920
4048
1408
-2688
-5104
-4544
-1216
2768
4416
3856
3248
3472
4288
4160
1072
-3072
-4544
-3936
-3568
-3728
-4480
-4480
-1024
3040
1888
-2688
-4720
-4048
-3632
-3792
-3712
-3776
-4624
-4576
-880
3296
1440
-3120
-1632
2976
2080
-2704
-5296
-4560
-752
3200
1456
-3136
-1632
3040
1424
-3344
-2512
2272
4992
4336
1280
-2704
-5392
-4896
-800
3088
1872
-2752
-5328
-4416
-1424
2400
4960
4528
1184
-2848
-4448
-3984
-4496
-4512
-656
3408
2048
-2688
-5552
-4800
-768
3200
2112
-2624
-4880
-4144
-4272
-4368
-736
3344
1488
-3008
-2224
2448
5216
4432
464
-3456
-2304
2320
5120
4416
384
-3472
-1552
2944
2112
-2624
-5200
-4448
-1248
2736
4336
3840
4160
4208
1168
-3024
-4560
-4080
-4448
-4448
-1472
2736
5136
4464
528
-3392
-2144
2592
4784
4048
3456
3648
4464
4288
432
-3648
-1712
2912
2096
-2672
-4656
-3952
-4224
-4352
-1488
2672
4592
4128
3536
3552
3440
3520
4400
4256
1152
-2960
-5280
-4688
-640
3328
1472
-3136
-2368
2432
4576
3984
3744
3872
3728
3616
3520
3568
3616
3664
4368
4272
624
-3440
-2336
2416
5312
4480
896
-3136
-4704
-4048
-3632
-3904
-4064
-4032
-4016
-3968
-3776
-3712
-4384
-4384
-1424
2816
4496
3872
4144
4256
608
-3584
-1664
2960
1392
-3344
-1680
3152
1536
-3232
-1776
2944
2080
-2720
-4784
-4208
-3824
-3984
-4544
-4400
-1584
2656
5152
4480
1136
-2912
-5248
-4704
-1472
2672
5264
4576
256
-3616
-1392
3152
1536
-3200
-2240
2608
4448
3680
4080
4240
800
-3344
-2336
2400
4656
3984
4048
4048
1312
-2768
-5184
-4656
-1264
2816
4480
3920
3360
3616
4416
4224
1056
-3152
-4688
-4064
-3664
-3824
-4624
-4608
-1056
3104
1952
-2720
-4800
-4128
-3744
-3888
-3744
-3792
-4624
-4592
-960
3248
1440
-3152
-1648
3008
2080
-2768
-5376
-4608
-800
3184
1472
-3136
-1680
3072
1504
-3360
-2624
2288
5152
4448
1296
-2704
-5440
-4976
-848
3184
1984
-2752
-5408
-4512
-1472
2400
5008
4640
1296
-2864
-4496
-3968
-4512
-4656
-784
3472
2208
-2592
-5616
-4960
-928
3136
2176
-2544
-4944
-4384
-4624
-4688
-928
3216
1264
-3360
-2416
2656
5536
4656
592
-3344
-2144
2544
5232
4320
192
-3616
-1520
3136
2208
-2768
-5376
-4480
-1168
2832
4352
3792
4144
4288
1264
-2960
-4448
-4000
