2912
-1168
-3872
-4832
-5280
-5296
-3984
-2432
-3392
-5040
-2304
2000
352
-4304
-3184
1568
2064
-1392
-3968
-4800
-4928
-3440
112
3984
6496
6064
1232
-4080
-3568
1168
4160
3440
-544
-4496
-3008
1680
1920
-1648
-3104
-2544
-3392
-4784
-4224
-2768
-2816
-4336
-5760
-5504
-2576
1472
3872
3296
0
-4032
-5744
-5232
-5008
-5200
-3984
-2448
-3488
-5088
-2560
1744
1872
-1344
-3584
-3056
720
4704
3744
-912
-3760
-3072
160
4128
6128
5584
4224
2944
2352
2576
2528
2448
3520
4896
5008
3376
272
-2160
-1392
1584
4144
5120
4304
2864
2944
4560
5904
5632
2624
-1536
-3072
-2512
-3520
-4944
-2976
1312
4032
4848
5968
5936
1328
-4144
-3136
1664
1552
-1904
-1088
2224
1104
-2160
-928
2288
928
-3664
-6624
-5968
-896
4480
2416
-3824
-3216
1808
480
-4352
-2688
3552
6496
5696
4176
2832
2816
3024
-304
-4512
-2992
1648
1952
-1568
-3904
-3328
-256
3824
6496
5920
1680
-3600
-5728
-3760
240
4112
5616
5104
5296
5392
2768
-1440
-4816
-5424
-1712
3680
5840
3968
0
-2768
-16
4560
2176
-3824
-2848
3392
5904
3824
896
-1840
-3776
-4592
-5760
-5712
-1248
4128
3840
-992
-4384
-4992
-4976
-3616
1024
5024
2240
-3760
-4064
928
4272
4912
5840
5824
2304
-1808
-1904
1424
4624
5376
3040
-1152
-4896
-5600
-1360
4112
3728
-1232
-3456
-2688
-3232
-4704
-4816
-3360
-576
2192
2960
2624
3392
4800
5216
3680
-160
-4176
-5328
-3456
64
2624
928
-2272
-768
3920
5920
3904
-624
-4544
-3488
1280
4320
4960
5696
5648
2768
-1424
-4096
-4880
-5216
-5264
-4048
-2672
-3648
-5120
-2208
2176
480
-4272
-3184
1664
2192
-1360
-3984
-4800
-4944
-3424
224
4160
6672
6176
1232
-4160
-3664
1184
4320
3600
-512
-4512
-2944
1776
1936
-1744
-3200
-2624
-3424
-4800
-4304
-2944
-2976
-4352
-5728
-5440
-2448
1680
4064
3488
128
-3968
-5712
-5168
-4896
-5072
-4048
-2752
-3760
-5120
-2400
1952
1904
-1584
-3984
-3456
384
4480
3520
-1264
-4192
-3440
-80
4000
5968
5408
4208
3168
2672
2800
2640
2528
3552
4864
5072
3584
352
-2336
-1520
1792
4368
5120
4352
3120
3152
4512
5808
5632
2624
-1664
-3264
-2688
-3680
-5024
-2880
1536
4192
4864
5920
5920
1328
-4208
-3184
1712
1632
-1920
-1152
2224
1136
-2128
-864
2320
880
-3744
-6736
-6128
-912
4640
2512
-3872
-3232
1872
528
-4368
-2736
3504
6448
5632
4240
3168
3296
3392
-144
-4400
-2736
1968
2112
-1584
-3984
-3440
-352
3824
6560
5968
1696
-3616
-5792
-3856
176
4160
5728
5168
5328
5472
2896
-1392
-4880
-5504
-1696
3744
5888
4064
64
-2848
-208
4496
2256
-3824
-2928
3360
5952
3856
880
-1920
-3888
-4704
-5840
-5776
-1232
4256
3952
-944
-4384
-4976
-4992
-3664
1040
5120
2320
-3744
-4000
1072
4384
5008
5920
5856
2336
-1760
-1888
1440
4688
5504
3168
-1072
-4912
-5712
-1392
4224
3856
-1168
-3392
-2656
-3264
-4752
-4832
-3328
-560
2192
2992
2688
3440
4832
5280
3760
-96
-4192
-5424
-3536
48
2592
832
-2320
-704
4048
5984
3872
-640
-4544
-3584
1200
4352
5024
5760
5696
1104
3888
3824
1568
96
336
2064
3952
4016
1824
-1568
-3968
-2624
288
-800
-3920
-1952
3232
3936
1216
1488
3888
3280
400
-1104
-784
272
800
-736
-3392
-4992
-4752
-2288
336
-928
-3856
-2160
2912
5584
4960
2816
848
1520
3872
3632
1232
544
832
-800
-3472
-4912
-4608
-2560
32
1232
976
336
432
2080
4016
4096
1872
-1792
-4192
-2048
2816
5648
5056
2288
-304
320
3392
5280
4832
2656
32
-864
-480
-1488
-3584
-4512
-4304
-4400
-4496
-2816
-704
-1872
-4192
-1440
3584
2368
-3024
-3904
-1120
-1344
-3792
-3472
-1088
-384
-688
832
3584
4992
4656
3568
1632
-1424
-3920
-3536
-1280
-256
-544
208
1024
-1344
-4208
-1456
3680
2080
-3376
-2048
3472
2496
-2976
-3744
-368
1328
816
-48
-512
224
944
-1008
-3808
-3120
-80
800
-368
-576
-336
-1616
-3616
-4880
-4720
-2256
400
-912
-3920
-2304
2864
5696
5008
2816
352
-832
-480
-208
112
2032
4112
3280
448
-864
-400
-544
-640
1408
4000
3712
1168
-16
16
-1952
-4192
-1632
3360
3792
640
-576
224
704
208
-2144
-4320
-1808
3264
4208
1424
80
464
-96
-688
1264
4016
3504
1072
1584
4000
3216
192
-256
848
-736
-3712
-3664
-1184
-432
-816
1536
4336
2064
-3056
-4448
-1648
1904
4144
3856
1488
-656
-864
1040
3664
5152
4896
2848
800
1936
4256
2224
-2816
-5424
-4816
-2640
-688
-1472
-3728
-3488
-640
2896
4704
1472
-3520
-2304
3072
4256
928
-2560
-4224
-2720
144
-512
-3616
-3696
-1152
-352
-656
1312
4016
3840
1424
-192
128
2064
4096
4096
1744
-1728
-4096
-2736
176
-896
-4000
-1952
3328
3952
1104
1472
3952
3296
288
-1248
-864
336
880
-736
-3488
-5104
-4800
-2224
416
-944
-3968
-2240
2944
5696
5072
2848
816
1520
3936
3712
1216
368
608
-928
-3488
-4976
-4752
-2688
-64
1088
752
80
160
1904
4032
4112
1760
-2000
-4336
-2080
2944
5792
5152
2464
0
592
3520
5360
4960
2832
256
-560
-224
-1392
-3696
-4704
-4432
-4480
-4560
-2848
-672
-1888
-4336
-1568
3632
2480
-3008
-3872
-960
-1248
-3888
-3552
-1024
-208
-496
960
3648
5136
4832
3584
1488
-1568
-4016
-3552
-1152
-64
-400
272
976
-1424
-4304
-1552
3712
2160
-3376
-2096
3440
2496
-3008
-3808
-352
1488
1024
16
-656
64
928
-1008
-3872
-3248
-208
784
-272
-464
-208
-1504
-3664
-5008
-4784
-2320
192
-1200
-4048
-2224
2960
5728
5056
2816
320
-816
-384
-192
0
1936
4112
3344
496
-800
-368
-528
-672
1392
4080
3824
1216
-64
-48
-2032
-4304
-1728
3376
3984
800
-608
96
624
224
-2112
-4304
-1776
3296
4272
1456
16
368
-144
-720
1232
4032
3488
944
1488
4016
3280
288
-240
752
-832
-3728
-3664
-1216
-464
-784
1600
4400
2096
-3056
-4560
-1792
1840
4144
3888
1584
-608
-960
944
3696
5280
5008
2928
752
1856
4288
2336
-2800
-5504
-4928
-2688
-688
-1520
-3824
-3520
-560
2992
4768
1456
-3552
-2288
3120
4240
832
-2672
-4304
-2752
192
-432
-3600
-3728
-1184
-400
-736
-1328
2832
4576
3968
3424
3536
3568
3616
4368
4304
688
-3408
-1584
3056
1808
-2992
-2496
2384
4592
3840
4000
4144
1472
-2560
-4960
-4432
-592
3216
2048
-2480
-5296
-4688
-768
3184
1472
-3184
-2432
2544
4864
4208
3696
3520
3440
3792
3808
3520
4016
4032
1344
-2688
-5008
-4480
-1296
2640
4368
3920
3472
3600
3584
3664
4480
4336
704
-3392
-2384
2272
5264
4656
768
-3184
-2272
2320
5168
4512
1280
-2656
-4448
-3888
-3488
-3712
-3824
-3824
-3808
-3872
-3824
-3632
-4192
-4352
-1024
3184
2224
-2512
-4768
-3952
-3424
-3760
-3792
-3632
-4096
-4064
-1312
2800
4512
3984
4144
4144
1296
-2848
-4512
-3920
-4112
-4208
-768
3312
1456
-3264
-1888
3104
1872
-3152
-1856
3120
1872
-3008
-2496
2240
5056
4368
544
-3296
-1504
3008
1568
-3216
-1968
2736
2096
-2512
-4464
-3760
-3488
-3776
-4512
-4544
-992
3200
1472
-3200
-2560
2480
5504
4752
1568
-2368
-4752
-4256
-1248
2496
4832
4544
1472
-2576
-4272
-3728
-3936
-4048
-1296
2848
5136
4400
1136
-2640
-4928
-4640
-752
3440
1712
-2960
-1760
2864
2304
-2304
-5008
-4560
-1536
2672
4544
3888
4080
4240
816
-3248
-2064
2624
4720
3936
4080
4288
816
-3312
-1600
3040
2400
-2528
-4736
-3904
-4144
-4304
-768
3408
2384
-2432
-5376
-4528
-1136
2848
5232
4496
512
-3264
-1968
2704
4912
4304
3648
3472
4096
4432
1664
-2800
-4752
-4304
-3680
-3472
-4096
-4304
-1680
2400
4944
4688
800
-3456
-1792
3040
2656
-2144
-5184
-4704
-992
3040
2080
-2672
-4784
-3840
-3872
-4032
-1168
3056
4752
3968
3328
3488
3632
3792
4544
4368
624
-3536
-1696
2960
1616
-3264
-2560
2544
4672
3760
4000
4256
1568
-2544
-4992
-4416
-544
3216
1984
-2640
-5456
-4800
-816
3232
1536
-3184
-2496
2528
4896
4240
3728
3600
3552
3856
3872
3600
4080
4032
1264
-2832
-5232
-4720
-1408
2640
4384
3888
3360
3456
3568
3744
4544
4368
688
-3456
-2384
2416
5456
4864
912
-3088
-2112
2576
5424
4704
1408
-2624
-4384
-3808
-3488
-3872
-4064
-4048
-3968
-3968
-3840
-3520
-4176
-4496
-1104
3344
2352
-2624
-4944
-4032
-3504
-3936
-3920
-3648
-4080
-4096
-1360
2848
4624
4096
4240
4208
1232
-3056
-4640
-3824
-3888
-4096
-752
3296
1376
-3440
-1952
3232
1984
-3216
-1904
3216
1952
-3088
-2640
2192
5136
4480
528
-3392
-1504
3104
1568
-3264
-1936
2864
2160
-2544
-4480
-3776
-3472
-3776
-4544
-4608
-1024
3152
1344
-3360
-2640
2400
5424
4736
1584
-2432
-4848
-4224
-1168
2544
4832
4512
1424
-2608
-4272
-3760
-4064
-4224
-1376
2912
5264
4464
1104
-2768
-5072
-4736
-832
3408
1728
-2976
-1808
2880
2320
-2368
-5104
-4624
-1552
2704
4640
3984
4112
4224
736
-3408
-2224
2624
4800
3936
4096
4416
864
-3392
-1680
3040
2400
-2592
-4864
-4016
-4224
-4384
-880
3312
2336
-2464
-5456
-4640
-1200
2832
5296
4624
544
-3424
-2176
2544
4752
4160
3696
3664
4144
4256
1552
-2704
-4560
-4160
-3728
-3712
-4304
-4320
-1584
2560
5040
4640
656
-3552
-1824
3024
2576
-2240
-5248
-4672
-864
3184
2144
-2688
-4832
-3984
-4096
-4240
-1232
2752
4512
4080
3616
3616
3440
3456
4368
4400
864
-3056
-1232
3168
1872
-2688
-2256
2304
4544
4016
4016
3872
1232
-2576
-4896
-4272
-352
3360
2128
-2304
-4960
-4288
-448
3328
1600
-2864
-2192
2432
4560
4032
3776
3744
3488
3568
3712
3728
4240
4096
1392
-2464
-4656
-4080
-928
2880
4496
4000
3632
3760
3536
3472
4384
4400
880
-3072
-2112
2224
5008
4400
576
-3184
-2176
2256
4912
4240
1088
-2768
-4432
-3856
-3312
-3360
-3424
-3472
-3424
-3504
-3696
-3664
-4000
-3856
-784
2976
2096
-2256
-4544
-4000
-3328
-3408
-3536
-3648
-4176
-4016
-1248
2704
4256
3808
4144
4224
1472
-2576
-4352
-3984
-4224
-4096
-512
3456
1616
-2880
-1648
2880
1712
-2800
-1552
2944
1744
-2656
-2032
2528
5216
4416
464
-3280
-1280
3232
1712
-2880
-1568
2896
1984
-2624
-4480
-3744
-3280
-3392
-4080
-4112
-640
3312
1520
-2960
-2336
2400
5248
4480
1296
-2576
-4848
-4176
-992
2752
4768
4144
1120
-2656
-4192
-3696
-3920
-3984
-1328
2704
5072
4416
1024
-2752
-4704
-4144
-496
3248
1392
-2944
-1440
3072
2192
-2432
-4784
-4112
-1296
2560
4448
4064
4352
4288
704
-3296
-2048
2576
4720
4080
4080
3952
464
-3264
-1296
3216
2496
-2288
-4544
-3936
-4192
-4144
-672
3264
2304
-2240
-5152
-4448
-1136
2784
5152
4464
496
-3248
-1904
2624
4640
4080
3680
3632
4048
4144
1520
-2560
-4304
-3952
-3568
-3504
-3968
-3888
-1216
2624
4832
4368
704
-3152
-1536
2864
2304
-2272
-4976
-4208
-528
3216
2128
-2512
-4592
-3856
-3920
-3968
-1152
2896
4608
4048
3472
3536
3504
3584
4448
4368
688
-3248
-1312
3120
1712
-2944
-2368
2384
4608
3952
4000
3936
1232
-2688
-5024
-4368
-368
3424
2160
-2352
-5056
-4352
-464
3344
1648
-2848
-2224
2432
4560
4016
3776
3776
3504
3584
3744
3760
4256
4112
1408
-2512
-4752
-4192
-992
2864
4480
3952
3520
3600
3488
3552
4496
4432
816
-3168
-2160
2304
5152
4544
736
-3056
-2016
2496
5136
4368
1152
-2736
-4432
-3824
-3312
-3488
-3648
-3680
-3584
-3632
-3712
-3552
-4000
-4032
-848
3152
2208
-2368
-4704
-4016
-3360
-3568
-3680
-3632
-4080
-4000
-1264
2736
4336
3904
4272
4320
1376
-2800
-4416
-3808
-3968
-3952
-448
3504
1536
-3088
-1760
2992
1824
-2864
-1616
3008
1808
-2720
-2144
2464
5264
4480
384
-3408
-1296
3296
1712
-2896
-1456
3056
2064
-2640
-4512
-3760
-3328
-3440
-4128
-4112
-608
3328
1488
-2976
-2352
2352
5184
4480
1344
-2544
-4880
-4176
-912
2848
4816
4176
1120
-2688
-4224
-3728
-3984
-4096
-1360
2800
5232
4560
1056
-2880
-4864
-4192
-480
3216
1360
-2960
-1456
3072
2176
-2512
-4864
-4144
-1296
2608
4528
4112
4336
4272
656
-3440
-2208
2544
4784
4064
4048
4032
544
-3328
-1440
3184
2560
-2272
-4592
-4016
-4272
-4272
-832
3136
2320
-2144
-5152
-4560
-1296
2672
5216
4688
592
-3392
-2144
2448
4464
3936
3696
3792
4096
3968
1424
-2432
-4096
-3776
-3536
-3664
-4128
-3888
-1104
2784
4912
4336
672
-3104
-1504
2832
2240
-2304
-5024
-4256
-496
3312
2240
-2384
-4544
-3936
-4096
-4144
