3744
2352
-16
-2576
-4112
-4112
-2128
512
272
-2592
-3392
-1520
-1280
-3168
-3648
-1760
528
1312
-464
-3200
-3376
-608
2112
3440
4560
4944
2336
-1952
-3504
-1712
112
208
-1296
-3248
-3456
-1584
192
832
1264
1408
-336
-2896
-2480
256
448
-2320
-4272
-4192
-3104
-1584
-448
-400
-1360
-2848
-3808
-3760
-3872
-4000
-2048
864
592
-2384
-3456
-1728
48
816
960
1024
2032
3600
3728
2144
768
752
1872
3360
4528
4576
2864
208
-1056
-752
-944
-1296
576
3408
3232
448
-624
688
736
-704
272
3200
3136
272
-96
2656
4592
4448
3200
1568
944
1296
112
-2608
-3648
-1760
1120
3328
4864
5072
2176
-2224
-3616
-1488
592
1072
384
-560
-464
496
880
256
-1056
-2704
-4240
-4528
-1520
3008
2960
-1776
-3680
-1312
-1040
-3392
-2560
1936
5088
4944
2928
352
-928
-544
-1104
-3040
-3376
-1504
320
1024
976
912
1552
2864
4368
4768
2160
-2080
-3328
-720
2176
3616
4160
4160
4224
4416
3920
2336
-688
-3488
-1936
2688
3776
880
-752
176
2320
4096
2128
-2384
-2352
2256
3472
448
-432
1056
400
-2400
-4640
-4832
-1888
2592
4544
2832
-448
-3072
-3232
-800
2416
4128
2352
-1760
-3744
-2016
976
3376
4640
4432
3392
2048
160
-992
384
3120
4208
2752
-544
-3392
-2112
2448
4272
2128
1024
1696
128
-2944
-2720
256
1392
48
-1328
-1472
432
3136
3408
816
-2176
-3632
-2416
256
1104
-80
-736
112
2016
3840
3536
880
-1904
-3312
-3200
-1648
752
3024
4256
4224
3408
1936
-352
-2752
-4192
-4112
-2096
576
352
-2640
-3376
-1120
-816
-2976
-3504
-1664
448
1360
-128
-2832
-3200
-624
2144
3648
4736
4928
2176
-2160
-3728
-1984
-256
-112
-1440
-3408
-3760
-1760
256
944
1344
1488
-304
-3040
-2688
160
528
-2192
-4272
-4256
-3024
-1376
-160
-80
-1280
-3056
-3984
-3840
-4000
-4176
-2368
368
96
-2800
-3664
-1616
256
896
896
720
1600
3328
3632
2112
640
480
1616
3280
4512
4608
3056
512
-880
-688
-736
-992
768
3616
3456
560
-496
768
656
-608
624
3392
2992
64
-128
2800
4752
4416
3104
1696
1184
1280
-80
-2560
-3440
-1888
640
2896
4592
4832
2160
-1856
-3392
-1920
32
1008
608
-496
-624
400
848
-32
-1584
-3056
-4336
-4448
-1376
3136
3024
-1728
-3664
-1520
-1424
-3584
-2368
2096
5040
4864
2832
288
-992
-848
-1568
-3312
-3424
-1536
256
992
864
704
1472
3056
4640
4896
2112
-2112
-3248
-704
2048
3392
3856
3952
4144
4208
3696
2448
-432
-3504
-2240
2464
3792
816
-1104
-208
2128
4096
2192
-2448
-2496
2288
3712
720
-336
896
160
-2448
-4416
-4480
-1744
2496
4464
2688
-832
-3328
-3184
-720
2560
4368
2384
-1872
-3712
-2000
736
3200
4672
4384
3216
1952
224
-992
288
3040
4112
2528
-624
-3248
-2096
2256
4272
2320
912
1216
-240
-3008
-2880
-128
1104
112
-1120
-1360
432
3264
3584
960
-1888
-3376
-2640
-240
784
-240
-816
128
2000
3744
3456
832
-1904
-3392
-3536
-2112
592
3232
4560
4480
1056
3072
2864
624
-1136
-1328
96
2336
2944
944
-1680
-3056
-2496
-880
-1136
-3264
-2432
1776
3040
368
-160
2464
3248
1392
208
368
608
256
-928
-2512
-3696
-3952
-2528
-592
-1168
-3248
-2416
1296
4000
4320
2688
240
16
2256
2736
480
-784
-384
-976
-2704
-3856
-3840
-2672
-1152
-400
-352
-624
-816
336
2416
2992
1104
-1888
-3648
-2192
1408
3872
3888
2272
576
704
2496
3776
3696
2640
1072
224
336
-400
-2384
-3648
-3536
-3488
-3840
-2784
-528
-720
-3088
-2080
2096
2224
-2016
-3248
-496
144
-2384
-3168
-928
624
496
1056
2752
3872
3776
2720
752
-1664
-3296
-2816
-816
496
528
560
464
-1392
-3552
-1936
2208
2208
-2000
-2448
1664
2320
-1536
-3136
-1264
-144
-624
-608
192
768
304
-1392
-3168
-3088
-1264
128
320
640
1008
-96
-2288
-3792
-3872
-2432
-736
-1312
-3312
-2368
1616
4096
3664
2288
992
352
432
176
-320
432
2208
2704
1280
64
112
144
16
1216
2960
2688
560
-384
256
-608
-2784
-1968
1648
3088
1488
80
-368
-288
176
-880
-3232
-2464
1568
3248
1152
-656
-688
-528
-336
1104
2928
2560
400
192
2384
2944
1136
32
-16
-1312
-3152
-2848
-656
448
144
1280
3312
2032
-2048
-3680
-1520
1536
3264
2720
560
-960
-592
928
2480
3504
3712
2320
96
352
2752
2288
-1504
-4096
-3936
-2256
-208
-224
-2400
-3344
-1904
864
3152
1680
-2400
-2640
1360
3456
1936
-752
-2992
-3024
-1104
-752
-2528
-2720
-560
640
256
1104
3056
2992
736
-1136
-1264
336
2496
2880
896
-1696
-3232
-2624
-832
-1232
-3328
-2144
2032
3104
544
-64
2224
3056
1424
112
144
512
192
-1184
-2976
-3984
-3856
-2304
-368
-928
-3184
-2432
1424
4096
4032
2128
-64
176
2624
3056
672
-768
-464
-1104
-2992
-4112
-3808
-2448
-864
-240
-672
-1248
-1088
592
2816
3200
1184
-1744
-3568
-2256
1472
4096
4048
2384
816
960
2544
3632
3504
2336
816
368
688
-320
-2528
-3760
-3488
-3376
-3856
-2768
-272
-432
-3104
-2224
2112
2592
-1504
-2944
-624
-240
-2528
-2896
-736
512
288
752
2304
3568
3648
2704
960
-1424
-3312
-3056
-1040
448
528
448
304
-1360
-3280
-1488
2704
2352
-2272
-2704
1712
2448
-1632
-3440
-1472
-16
-208
-432
-128
368
288
-1184
-2896
-2928
-1408
-128
256
640
976
-128
-2512
-4208
-4192
-2416
-352
-896
-3184
-2496
1392
3968
3840
2560
1056
256
448
192
-576
192
2384
3008
1296
-64
112
288
16
944
2880
2976
640
-544
352
-416
-2928
-2160
1792
3328
1520
-80
-384
80
656
-576
-2960
-2080
1744
2944
640
-1024
-896
-688
-272
1424
3216
2560
240
128
2432
3168
1664
640
192
-1440
-3360
-3024
-608
768
512
1600
3504
2160
-1696
-3248
-1488
1280
3232
2960
720
-1072
-800
976
2832
3856
3824
2304
112
256
2608
2320
-1376
-4096
-4080
-2192
0
-112
-2320
-3184
-1776
816
3072
1808
-2160
-2544
1248
3232
1584
-1168
-3120
-2864
-1072
-1168
-3104
-3008
-704
320
-16
1264
3504
3392
1168
-480
-464
1136
3232
3520
1456
-1488
-3488
-2560
-160
-848
-3376
-1792
2736
3552
992
896
3168
3200
960
-320
-64
576
608
-768
-2832
-4096
-4000
-2208
-144
-960
-3248
-1952
2368
4832
4304
2288
400
912
3200
3376
1120
-48
160
-800
-2848
-4160
-4064
-2480
-336
704
448
-144
-160
1312
3328
3600
1520
-1696
-3664
-1856
2368
4960
4592
2432
272
432
2736
4464
4384
2832
736
-32
368
-672
-3024
-4064
-3632
-3536
-3696
-2384
-480
-1264
-3424
-1424
3040
2368
-2304
-3168
-592
-688
-2992
-2864
-720
80
-176
896
3152
4640
4512
3216
1136
-1600
-3648
-3120
-880
352
176
384
656
-1232
-3536
-1408
3040
2096
-2624
-2032
2752
2592
-2000
-3280
-736
784
464
96
96
608
864
-832
-3152
-2768
-464
480
48
112
256
-912
-2832
-4144
-4128
-2240
-64
-944
-3376
-2128
2320
4880
4288
2512
640
-304
-112
-176
-320
1296
3536
3280
880
-416
-128
-192
-416
1152
3440
3216
832
-176
224
-1344
-3616
-1744
2720
3472
832
-320
144
432
368
-1168
-3248
-1632
2576
3568
1232
-112
16
-256
-320
1440
3616
3136
848
944
3168
3184
896
16
400
-928
-3200
-2976
-608
336
-48
1600
3776
1840
-2512
-3792
-1344
1968
3984
3408
1104
-496
-336
1184
3168
4464
4384
2480
288
1152
3600
2368
-1968
-4528
-4192
-2176
-144
-656
-2864
-3072
-880
2080
3904
1568
-2784
-2304
2240
3840
1504
-1488
-3360
-2560
-240
-528
-2992
-3104
-800
240
32
1360
3392
3136
1088
-320
-256
1328
3328
3456
1344
-1488
-3376
-2528
-272
-880
-3312
-1792
2720
3616
928
736
3200
3280
832
-416
64
672
544
-848
-2832
-4016
-3968
-2288
-160
-896
-3280
-2032
2304
4784
4416
2640
832
1136
3136
3184
1072
64
288
-656
-2640
-3952
-3856
-2304
-320
592
384
-272
-352
1312
3584
3872
1664
-1680
-3808
-2112
2112
4816
4528
2368
416
880
3120
4464
4256
2880
896
-64
64
-832
-2800
-3760
-3584
-3680
-3824
-2304
-240
-1104
-3472
-1584
2976
2480
-2224
-3280
-624
-608
-3152
-3312
-1040
0
-144
1024
3168
4352
4208
3168
1248
-1360
-3328
-2928
-784
512
400
544
656
-1376
-3648
-1456
2960
2064
-2592
-1984
2864
2640
-2176
-3472
-800
672
208
-128
16
560
672
-1040
-3152
-2768
-496
544
224
400
592
-768
-2928
-4224
-4112
-2096
208
-704
-3456
-2384
2304
5088
4416
2464
496
-464
-160
16
-64
1344
3360
3040
672
-592
-160
-48
-128
1456
3616
3200
640
-432
-32
-1472
-3488
-1552
2704
3488
1072
-192
112
448
304
-1424
-3440
-1632
2720
3776
1376
-48
96
-176
-272
1440
3488
2816
624
976
3264
3152
896
64
256
-1184
-3200
-2816
-560
304
-32
1648
3936
2160
-2272
-3712
-1360
1856
3792
3296
1120
-544
-544
928
3072
4608
4560
2592
464
1296
3568
2336
-1856
-4400
-4192
-2240
-160
-624
-2912
-3264
-1088
2016
3936
1584
-2848
-2352
2288
3968
1520
-1696
-3584
-2608
-144
-512
-3072
-3104
-672
272
-160
3200
1504
-880
-3184
-4480
-4304
-2096
400
-352
-3216
-3216
-1040
-1312
-3328
-3280
-1216
736
1088
-816
-3248
-3184
-496
2144
3472
4464
4384
1232
-2880
-3568
-1328
240
-32
-1664
-3392
-3344
-1680
-320
256
928
1056
-864
-3296
-2656
-64
-160
-2800
-4304
-3888
-2640
-1008
192
16
-1472
-3136
-3776
-3616
-3936
-4048
-2048
480
-240
-3136
-3536
-1360
288
704
528
384
1600
3440
3216
1312
128
320
1488
3168
4320
4016
2240
-16
-1024
-560
-480
-704
928
3264
2704
192
-384
704
400
-656
752
3392
2784
16
112
2720
4160
3952
2752
1152
816
1088
-592
-3088
-3408
-1472
912
2960
4624
4672
1472
-2736
-3712
-1600
416
944
208
-752
-496
512
752
0
-1248
-2768
-4400
-4624
-1200
3152
2240
-2448
-3424
-896
-1072
-3296
-2032
2128
4528
4192
2352
0
-960
-496
-1280
-3120
-3152
-1376
272
864
480
336
1456
3216
4816
4880
1712
-2448
-3088
-448
2112
3536
3920
3648
3856
4192
3408
1552
-1408
-3792
-1856
2496
3008
160
-1152
-128
2128
3872
1584
-2736
-2080
2464
3152
176
-560
672
-48
-2480
-4432
-4416
-1408
2656
3968
1952
-1152
-3296
-3088
-560
2736
4272
1936
-2352
-3872
-1760
1152
3216
4224
4016
2912
1264
-560
-1248
432
2992
3552
1408
-2048
-4000
-1584
2896
3696
1184
384
1056
-528
-3088
-2704
-256
624
-256
-1152
-1024
928
3392
3312
720
-2128
-3648
-2592
-16
768
-336
-848
32
1872
3456
2816
272
-2160
-3472
-3344
-1664
832
3104
4256
4016
3104
1664
-704
-3104
-4464
-4432
-2320
448
-64
-3040
-3200
-832
-928
-3104
-3216
-1280
368
672
-928
-3184
-3120
-576
1856
3328
4608
4624
1552
-2560
-3520
-1504
128
-16
-1552
-3232
-3088
-1296
96
640
1264
1200
-992
-3424
-2560
144
64
-2672
-4368
-4016
-2624
-1040
-80
-288
-1568
-3232
-4048
-3792
-3760
-3840
-2144
208
-384
-3008
-3360
-1296
256
624
448
432
1696
3424
3328
1536
288
464
1632
3312
4560
4320
2480
272
-720
-448
-368
-336
1280
3360
2768
272
-464
512
272
-640
800
3280
2624
48
192
2880
4560
4368
3024
1424
928
960
-608
-3040
-3584
-1664
912
2928
4400
4464
1536
-2528
-3616
-1568
288
560
16
-512
-352
288
448
-256
-1424
-2816
-4336
-4464
-1072
3104
2112
-2528
-3424
-912
-1264
-3536
-2112
2368
5040
4576
2384
-64
-976
-624
-1504
-3408
-3472
-1488
240
768
528
416
1328
2976
4384
4384
1632
-2304
-3264
-688
2160
3520
3824
3792
3984
3968
3216
1664
-1248
-3696
-1808
2480
3136
480
-848
128
2368
3920
1360
-3088
-2384
2304
3072
224
-272
896
-192
-2688
-4352
-4320
-1584
2384
3808
1744
-1552
-3568
-3136
-720
2304
3824
1744
-2256
-3680
-1648
1216
3376
4400
3968
2640
1184
-288
-896
720
3264
3872
1792
-1552
-3488
-1440
2672
3712
1520
512
896
-736
-3264
-2672
-80
672
-320
-1200
-1104
816
3344
3312
640
-2288
-3728
-2640
-240
608
-176
-544
320
2144
3648
3040
656
-1856
-3584
-3632
-1648
1056
3200
4288
4160
