-336
-2944
-3488
-1728
-192
-176
-1520
-3296
-3760
-2288
672
3424
2848
-208
-96
3120
2592
-2032
-3680
-1456
-1072
-3120
-3040
-528
1040
816
-208
-976
0
2544
4560
4736
2512
-352
288
3440
2864
-1664
-4608
-4336
-2736
-1152
-1328
-3264
-3744
-1952
-976
-1200
-16
2608
4512
4560
2688
64
-1344
-1200
-640
-576
-1536
-3008
-3648
-2432
848
3760
2592
-1760
-4880
-4848
-2432
288
352
-2352
-4592
-4448
-2512
-128
976
832
1472
3216
4208
3920
3728
3904
2848
1056
1696
3824
1952
-2736
-2640
2032
3744
1664
1296
3232
3456
1536
576
784
-320
-2784
-4256
-4096
-3360
-2000
704
3456
3648
1584
432
800
128
-1216
384
3568
2128
-2784
-2576
2432
2576
-2288
-2480
2288
3584
560
-1312
-1024
-144
608
128
-976
288
3168
3216
432
-688
464
784
336
1344
3120
4288
4448
2368
-576
64
3280
2816
-1680
-4848
-4560
-2416
0
1264
944
224
-480
-2000
-3584
-2896
-256
1312
1008
944
1248
-208
-2928
-3744
-2048
-432
288
2000
3840
1952
-2496
-3424
-512
656
-624
-1008
48
1936
3680
2096
-2304
-4032
-1984
-576
-832
-112
1056
-192
-3024
-3424
-1424
-1344
-3392
-3056
-144
784
-400
448
3184
3648
1600
800
1296
-432
-3408
-2496
1872
4144
2464
-704
-3152
-3568
-1920
320
1360
128
-2592
-4528
-4528
-3024
-1344
-1792
-3520
-2240
1936
4528
4336
2944
1504
1696
3280
3248
768
-2464
-4400
-2240
2368
2576
-1920
-3824
-1136
2224
3856
2736
144
176
2928
3600
1536
608
1024
-368
-2992
-3536
-1808
-256
-128
-1360
-3024
-3568
-2160
928
3712
3024
16
288
3424
2592
-2208
-3824
-1568
-1344
-3392
-3168
-592
1152
1232
80
-944
224
2880
4480
4496
2624
-112
288
3264
2704
-1776
-4800
-4656
-2944
-1088
-1200
-3200
-3584
-1680
-736
-1088
16
2672
4576
4576
2656
-16
-1360
-1120
-544
-560
-1792
-3488
-3856
-2304
800
3488
2400
-1968
-4992
-4656
-2304
-16
-224
-2896
-4928
-4656
-2624
-128
944
688
1360
3136
4032
3824
3824
4096
3072
1136
1552
3728
2080
-2592
-2624
2064
3808
1696
1424
3440
3504
1520
656
992
-128
-2816
-4528
-4320
-3456
-2080
576
3392
3776
1888
688
800
-48
-1424
144
3376
2176
-2528
-2304
2528
2352
-2624
-2768
1952
3344
512
-1552
-1472
-368
736
272
-960
304
3152
3056
256
-768
528
1056
576
1216
2976
4336
4416
2304
-512
16
3024
2432
-1984
-4864
-4544
-2656
-144
1456
1184
448
-192
-2016
-3824
-2976
-208
1280
992
976
1200
-320
-2960
-3584
-1712
-112
336
1856
3840
2176
-2336
-3360
-432
784
-512
-1024
-112
1904
3856
2224
-2272
-4064
-2096
-720
-1008
-320
992
-240
-3248
-3568
-1360
-1312
-3456
-3232
-496
416
-560
320
2960
3568
1728
880
1216
-672
-3600
-2384
2208
4432
2672
-656
-3344
-3728
-1904
208
1040
-80
-2560
-4416
-4432
-2960
-1392
-1824
-3408
-2192
1808
4528
4576
3120
1328
1376
3168
3296
848
-2304
-4160
-1888
2784
2672
-2128
-3872
-960
2368
3904
2624
-256
-240
2768
3648
1600
640
1072
2608
752
-1472
-3184
-4096
-4000
-2496
-704
-1072
-3008
-2784
-496
-480
-2816
-3136
-864
864
496
-1312
-3136
-3344
-1648
528
2128
3440
3792
1392
-2272
-3088
-928
864
864
-720
-2736
-2784
-640
720
144
-464
-400
-1280
-2960
-2816
-976
-704
-2512
-3952
-4000
-2880
-944
560
672
-496
-2272
-3472
-3488
-3424
-3616
-2560
-720
-960
-3008
-3152
-848
672
288
-608
-992
128
2176
2480
672
-832
-848
384
2256
3584
3520
2208
496
-208
160
48
-320
880
2752
2656
944
-128
-256
-592
-656
880
2800
2512
784
736
2400
3600
3696
2480
416
-592
-496
-1424
-3040
-2864
-768
1312
2544
3568
4000
1760
-2000
-2912
-608
768
-80
-640
16
288
-352
-528
32
-416
-2288
-4048
-4096
-1264
2528
2224
-1968
-3232
-592
-288
-2816
-2384
1408
3904
3632
2224
784
224
512
-416
-2576
-2832
-704
672
144
-704
-672
432
2160
3776
4048
1680
-2000
-3408
-1792
608
2528
3520
3440
3312
3328
2608
880
-1728
-3680
-2112
1712
2880
1104
-384
-672
576
2640
1584
-2192
-2384
1440
2896
1136
352
352
-1072
-2944
-4064
-4192
-1856
1968
3296
1168
-1552
-3120
-3424
-2160
640
2992
1824
-1872
-3312
-1152
1360
2576
3392
3632
2448
432
-928
-592
1312
3104
2880
912
-1664
-3424
-2032
1792
3232
1120
-384
-192
-1152
-3040
-2992
-1248
-176
-96
-128
160
1360
2896
2928
1152
-1152
-2816
-2752
-1328
-224
192
96
-288
384
2160
2736
1344
-800
-2736
-3104
-1184
1280
2832
3632
3664
2656
768
-1360
-2976
-3888
-3984
-2544
-592
-928
-3088
-2944
-464
-320
-2736
-3104
-784
704
64
-1568
-3136
-3344
-1680
672
2448
3792
4240
1856
-2208
-3424
-1184
848
1040
-432
-2688
-3024
-864
640
176
-272
-240
-1328
-3072
-2912
-1136
-880
-2624
-4032
-4000
-2624
-512
1072
1104
-432
-2528
-3696
-3632
-3552
-3664
-2496
-688
-992
-2912
-2784
-384
832
80
-1008
-1248
224
2432
2576
576
-960
-976
192
2096
3568
3536
2304
832
160
336
240
112
1360
3008
2736
1024
-64
-320
-576
-432
1120
2928
2560
752
688
2352
3472
3520
2560
672
-384
-240
-1168
-3120
-3312
-1104
1264
2576
3664
4096
1664
-2352
-3408
-1040
576
-128
-832
-272
368
144
-48
128
-624
-2416
-4064
-4304
-1632
2400
2368
-1792
-3264
-816
-368
-2656
-2320
1360
3920
3696
2272
704
96
512
-400
-2864
-3376
-1120
656
416
-480
-720
224
2064
3712
3936
1648
-1920
-3344
-1664
848
2624
3376
3408
3504
3584
2720
816
-1728
-3360
-1616
2064
3216
1536
-144
-592
800
2992
1760
-2320
-2496
1600
3168
1072
0
208
-912
-2784
-4032
-4096
-1792
2000
3376
1088
-1968
-3360
-3072
-1728
688
2928
1952
-1888
-3584
-1360
1328
2688
3584
3680
2336
400
-848
-688
1056
2960
3040
1136
-1584
-3424
-2064
1776
3136
960
-432
-208
-1344
-3168
-2784
-1008
-128
-96
-80
112
1152
2784
3056
1456
-816
-2576
-2624
-1216
-112
176
-48
-432
432
2560
3344
1760
-784
-2800
-2960
-1088
1200
2720
3456
3472
2912
1056
-1200
-3168
-4224
-4048
-2272
-112
-688
-3152
-2880
-416
-640
-2976
-3216
-1184
624
720
-1136
-3232
-3152
-960
1424
3088
4352
4304
1360
-2656
-3584
-1312
608
528
-1184
-3296
-3392
-1168
416
288
272
416
-1184
-3296
-2624
-272
-320
-2704
-4336
-4176
-2752
-752
576
432
-960
-2752
-3664
-3552
-3728
-3856
-2208
-128
-784
-3088
-3040
-800
560
448
-112
-208
1280
3376
3232
976
-656
-432
1120
3136
4464
4304
2624
496
-448
-288
-400
-304
1520
3568
2976
624
-352
80
-160
-448
1344
3552
2720
256
384
2752
4240
4096
2688
768
96
336
-944
-3168
-3408
-1104
1584
3232
4224
4176
1488
-2464
-3408
-1088
688
512
-48
-80
48
48
160
64
-1024
-2896
-4576
-4672
-1408
2928
2368
-2272
-3376
-688
-768
-3136
-1968
2208
4608
4208
2544
752
80
288
-880
-3072
-3152
-1024
464
448
-32
-80
1008
2960
4656
4560
1424
-2640
-3424
-944
1552
3024
3792
3888
3968
3984
3232
1376
-1600
-3632
-1520
2672
3456
1088
-512
-224
1760
3744
1712
-2592
-2128
2320
3392
832
-192
224
-816
-2864
-4400
-4320
-1328
2784
3952
1504
-1792
-3504
-2928
-784
2064
3904
2032
-2304
-3792
-1392
1440
3200
4272
4144
2656
720
-688
-688
1120
3280
3504
1296
-1952
-3776
-1760
2384
3536
1296
48
288
-1088
-3216
-2848
-720
352
64
-528
-448
1280
3440
3296
816
-1936
-3408
-2608
-544
432
176
-400
-544
928
3184
3408
1280
-1376
-3280
-3280
-1200
1408
3328
4416
4352
2992
896
-1280
-3104
-4272
-4112
-2112
-16
-816
-3280
-2960
-528
-688
-2928
-3024
-848
832
736
-1072
-3168
-3152
-816
1600
3120
4432
4576
1648
-2384
-3312
-1168
560
416
-1216
-3200
-3184
-928
576
288
192
416
-1088
-3344
-2864
-496
-432
-2688
-4208
-4176
-2960
-896
576
448
-960
-2816
-3904
-3744
-3712
-3888
-2384
-176
-656
-2992
-3088
-848
624
592
16
-224
1152
3280
3280
1136
-448
-240
1200
3040
4224
4080
2608
688
-160
112
-32
-304
1152
3248
2960
848
-80
224
-112
-400
1216
3264
2608
432
688
3152
4608
4320
2816
848
192
400
-1056
-3344
-3440
-1184
1392
3296
4688
4608
1392
-2736
-3312
-864
656
368
-96
0
192
48
0
48
-912
-2832
-4400
-4336
-1184
2832
2192
-2112
-2992
-592
-1024
-3344
-2032
2224
4736
4400
2576
512
-160
192
-992
-3216
-3072
-848
528
464
-48
-192
816
2784
4496
4512
1648
-2320
-3408
-1168
1584
3424
4160
3904
3808
3920
3184
1248
-1696
-3680
-1552
2592
3408
1184
-432
-400
1584
3760
1776
-2672
-2352
2080
3200
752
-192
256
-800
-2800
-4336
-4336
-1424
2640
3776
1376
-1776
-3440
-3104
-1168
1792
3776
1872
-2304
-3584
-1184
1616
3376
4368
4224
2784
816
-688
-624
1360
3472
3600
1520
-1760
-3888
-1840
2624
3744
1296
96
368
-1152
-3328
-2816
-704
208
-48
-368
-176
1392
3296
3248
1248
-1344
-3168
-2720
-736
256
0
-320
-144
1264
3216
3248
1040
-1616
-3344
-3104
-1040
1424
3296
4176
3968
-400
-2736
-2784
-944
320
96
-1328
-3008
-3280
-1584
1408
3760
2864
208
752
3424
2096
-2240
-3072
-976
-1248
-3088
-2384
96
1328
928
-176
-688
720
3184
4656
4336
2144
-16
1120
3584
2224
-1952
-4144
-3728
-2288
-784
-896
-2528
-2688
-1056
-352
-560
672
3072
4544
4288
2576
480
-640
-672
-304
-288
-1264
-2672
-3024
-1600
1360
3600
2016
-2112
-4448
-3824
-1616
384
64
-2304
-4080
-3904
-1952
416
1168
656
1328
3152
4112
3840
3792
4016
2912
1216
2000
3776
1632
-2592
-2048
2368
3600
1424
1408
3536
3536
1632
1008
1280
32
-2304
-3696
-3632
-2864
-1360
1216
3536
3472
1552
608
928
320
-464
1504
4032
1744
-2816
-1744
2976
2224
-2384
-1856
2688
3376
368
-1200
-736
208
1008
480
-576
880
3552
3024
304
-384
848
1200
864
1536
3072
4368
4448
2336
-128
816
3488
2416
-1872
-4336
-3808
-1888
384
1648
1392
768
-32
-1760
-3280
-2560
-80
1440
1264
1232
1248
-496
-2944
-3024
-1056
128
368
2016
3888
1888
-2416
-2960
-80
944
-96
-400
448
2240
3664
1808
-2032
-3072
-1184
-80
-272
352
1200
-288
-2912
-2880
-880
-1104
-2976
-2336
256
736
-400
624
3248
3600
1600
720
992
-736
-3104
-1568
2592
4112
2064
-944
-2976
-2976
-1280
528
1040
-320
-2432
-3696
-3696
-2352
-640
-1296
-3184
-1616
2672
4912
4368
2656
1088
1520
3376
3392
944
-2144
-3728
-1152
3152
2544
-1904
-3104
-336
2640
4032
2816
304
560
3152
3568
1632
976
1376
-192
-2800
-3104
-1328
32
16
-1248
-2784
-2912
-1248
1392
3520
2608
32
752
3552
2144
-2160
-2944
-832
-1008
-3008
-2624
-80
1488
1248
32
-704
640
3136
4608
4384
2320
-80
800
3472
2320
-1968
-4240
-3776
-2256
-704
-960
-2816
-2944
-1056
-304
-592
592
3008
4592
4304
2384
176
-832
-704
-128
0
-1280
-3008
-3264
-1600
1456
3856
2480
-1712
-4400
-3984
-1584
704
240
-2464
-4144
-3712
-2000
64
1040
816
1376
3072
4112
4048
3920
3840
2672
1136
1968
3776
1648
-2560
-1872
2624
3664
1360
1280
3232
3184
1344
640
832
-240
-2496
-3952
-3696
-2656
-1264
1136
3568
3616
1760
880
1024
160
-656
1296
3824
1712
-2608
-1440
3216
2352
-2400
-2000
2528
3504
672
-1168
-880
320
1184
496
-448
1072
3584
2992
112
-720
608
960
528
1520
3376
4528
4304
2000
-368
864
3584
2400
-1920
-4464
-3936
-1888
384
1472
1088
560
0
-1536
-3040
-2256
128
1360
1120
1248
1392
-400
-2928
-3088
-1008
416
768
2176
3600
1456
-2528
-2752
240
1264
32
-496
352
2256
3648
1632
-2432
-3472
-1344
-144
-384
368
1248
-400
-3120
-3040
-896
-1136
-3200
-2576
80
560
-416
784
3280
3472
1552
832
1152
-656
-3136
-1536
2768
4256
2160
-768
-2864
-3072
-1280
816
1344
-192
-2512
-3920
-3808
-2320
-800
-1664
-3392
-1744
2416
4816
4656
2992
1120
1440
3376
3280
784
-2064
-3472
-1120
2880
2336
-1888
-3024
-256
2624
3856
2576
176
528
3152
3552
1680
944
1056
