1056
-4112
-6336
-5376
-4512
-5136
-5696
-5536
-6064
-5600
-432
5120
2848
-2976
-1600
3808
2832
-3168
-6208
-6032
-6496
-6288
-2576
2784
6432
6176
1184
-3824
-2096
4336
8352
7216
1712
-3328
-1328
4144
2896
-4048
-7552
-6336
-5360
-5776
-5856
-5456
-5168
-5152
-5600
-5072
-1264
4368
7840
7088
2480
-3200
-5872
-5200
-4640
-5440
-5760
-5424
-6064
-5552
-544
4528
2720
-3808
-8160
-7328
-1792
3552
2224
-4128
-8224
-7152
-2384
3040
5744
5776
5680
5952
6176
6512
6368
5584
5216
5760
6720
5680
768
-3920
-2432
3088
6368
6448
5776
5296
5072
5200
5648
5104
1120
-4672
-7088
-6128
-5856
-5392
-1376
4064
6224
5424
5568
5680
1328
-3696
-1392
3984
2048
-3520
-1856
3520
1728
-3696
-1872
4064
3632
-2368
-6704
-6464
-1248
4480
2480
-3568
-1680
4800
3072
-3712
-3328
2864
6016
5712
5584
6016
7008
6784
1856
-3472
-1360
4080
2944
-3696
-8064
-7184
-2592
2912
6496
6400
2112
-3984
-7584
-6704
-2256
3088
5568
5168
5280
4992
1280
-3856
-6944
-6576
-2064
4176
7600
6192
480
-4816
-2512
3792
2544
-4016
-3488
3696
7760
6048
1392
-3728
-6128
-5440
-5488
-5568
-1376
3600
2144
-3632
-6480
-6096
-6560
-6528
-1648
4080
2400
-3280
-2496
3664
6512
5632
5696
5104
432
-4224
-2720
3184
7104
6080
1408
-3824
-7152
-6720
-1456
4112
2432
-4368
-7440
-5936
-5072
-5968
-6704
-5648
-1360
4240
6720
5872
5168
5872
6896
6416
2336
-3872
-7552
-6064
-416
4144
1584
-4336
-3728
3056
7792
6864
1584
-3424
-2176
3552
6384
5600
5376
4896
1104
-4048
-6320
-5472
-4688
-5360
-5824
-5536
-6080
-5664
-368
5280
2864
-3008
-1504
3952
2864
-3232
-6240
-5952
-6416
-6416
-2816
2688
6432
6144
1152
-3872
-2192
4272
8384
7296
1744
-3360
-1296
4208
2896
-4080
-7616
-6416
-5360
-5712
-5856
-5552
-5264
-5168
-5536
-4944
-1072
4624
8032
7152
2480
-3184
-5792
-5088
-4592
-5504
-5840
-5488
-6128
-5568
-464
4672
2768
-3936
-8368
-7504
-1888
3488
2144
-4224
-8320
-7296
-2592
2912
5760
5808
5712
6080
6384
6736
6528
5696
5264
5808
6816
5856
880
-3952
-2448
3216
6464
6416
5792
5440
5136
5088
5536
5072
1072
-4784
-7216
-6192
-5888
-5376
-1264
4192
6224
5344
5568
5760
1408
-3664
-1344
4112
2096
-3616
-1888
3616
1728
-3840
-1904
4224
3776
-2288
-6576
-6336
-1264
4400
2512
-3424
-1504
5024
3280
-3600
-3328
2768
5920
5712
5712
6160
7104
6896
2000
-3360
-1248
4192
2976
-3776
-8192
-7344
-2672
2960
6608
6448
2160
-3968
-7648
-6784
-2256
3168
5664
5248
5344
5056
1280
-3936
-6992
-6576
-2096
4176
7712
6384
560
-5008
-2864
3584
2576
-3888
-3488
3552
7696
6192
1536
-3760
-6160
-5424
-5520
-5664
-1424
3600
2080
-3712
-6496
-6096
-6656
-6656
-1744
4032
2384
-3264
-2544
3600
6496
5632
5648
5072
368
-4368
-2784
3280
7232
6000
1136
-4112
-7248
-6592
-1344
4032
2288
-4512
-7680
-6240
-5200
-5888
-6736
-5920
-1552
4480
7280
6320
5184
5488
6672
6736
2928
-3504
-7600
-6400
-544
4448
1808
-4544
-4112
2816
7792
7136
1936
-3184
-2000
3808
6512
5456
5168
4752
3776
5728
3824
-752
-3584
-2768
1040
4640
4192
160
-4208
-6416
-4864
-2112
-3344
-5872
-2208
4240
3952
-592
32
4720
5840
3456
2064
1824
1040
-720
-3280
-5440
-6448
-6400
-4416
-2096
-3488
-5920
-2752
4096
7680
6496
2544
-928
336
4304
3920
-528
-2640
-2128
-3040
-5264
-6576
-6448
-4800
-2592
-1616
-2064
-2880
-2272
1072
4608
4288
192
-4640
-6384
-2496
4032
7616
7216
4688
2368
2848
5408
6960
6720
5056
2960
2448
2464
-160
-4304
-6288
-6112
-6144
-5744
-2416
1280
-544
-4752
-2048
4400
3072
-3536
-3856
544
-16
-4096
-3632
784
2880
2400
3296
5712
7008
6176
3616
-208
-4144
-5888
-3504
1040
3280
2272
864
-608
-4096
-6384
-1760
4896
2736
-4272
-2656
4480
3472
-3920
-6176
-3312
-1712
-1408
-208
912
1040
-192
-3360
-6288
-5552
-2160
320
1600
2928
2848
-240
-4256
-6672
-6784
-4368
-1920
-3424
-5936
-2832
3968
7552
7024
5056
3104
2256
1952
224
-1360
800
4960
5824
3328
1984
2480
2256
2000
3904
5680
3568
-288
-496
1392
-832
-4896
-2464
4592
6592
2848
-304
-864
272
1440
-976
-4688
-2272
3984
4544
-480
-3280
-2176
-592
1072
4160
6064
3248
-992
96
4976
6080
2784
384
-784
-3488
-5712
-3520
1040
2704
2160
4160
6304
2480
-3888
-4720
-80
4608
6064
3712
48
-1312
416
3424
5984
7200
6336
2720
-832
928
5088
3200
-3648
-7616
-6512
-2496
1008
-256
-4720
-6208
-3168
2160
5648
2112
-4416
-3136
4272
7072
3648
-1376
-5184
-5104
-2480
-2896
-5312
-3600
1056
2848
2352
3824
5776
3920
-640
-3520
-2688
1104
4656
4240
208
-4256
-6544
-4992
-2208
-3424
-5936
-2208
4272
3888
-816
-176
4704
5984
3616
2176
1920
1072
-752
-3328
-5552
-6608
-6544
-4496
-2128
-3520
-5984
-2736
4192
7808
6592
2512
-1056
256
4368
3936
-640
-2848
-2336
-3184
-5312
-6608
-6496
-4896
-2736
-1808
-2240
-2960
-2352
1040
4656
4352
192
-4688
-6496
-2576
4048
7680
7248
4768
2512
2976
5504
7024
6784
5168
3104
2544
2544
-96
-4304
-6320
-6144
-6160
-5808
-2432
1344
-480
-4752
-2016
4512
3136
-3520
-3728
768
128
-4128
-3616
928
3024
2464
3296
5712
7008
6176
3584
-256
-4192
-5904
-3456
1136
3360
2288
816
-656
-4112
-6384
-1728
4928
2736
-4304
-2672
4528
3504
-3968
-6272
-3392
-1920
-1648
-208
1088
1088
-336
-3456
-6288
-5680
-2400
240
1728
3104
2912
-256
-4304
-6720
-6832
-4464
-2048
-3536
-6016
-2880
3984
7648
7136
5168
3168
2240
1888
128
-1488
752
5056
5936
3376
1952
2464
2288
2032
3936
5744
3552
-352
-496
1472
-784
-4912
-2464
4624
6736
3040
-272
-1056
192
1632
-752
-4672
-2336
4000
4480
-640
-3376
-2144
-544
1152
4256
6144
3216
-1104
16
4992
6144
2896
416
-848
-3584
-5760
-3488
1184
2848
2256
4256
6400
2528
-3904
-4672
112
4864
6192
3632
-176
-1408
544
3616
6096
7232
6368
2656
-992
784
5088
3264
-3600
-7584
-6448
-2256
1520
240
-4560
-6368
-3456
1904
5568
2128
-4416
-3152
4288
7216
3920
-1136
-5152
-5264
-2688
-3040
-5344
-3520
1280
3152
2560
864
5472
6368
3840
1984
2624
4464
5920
6352
4384
-1344
-6368
-4016
1360
-176
-5216
-3056
4048
6288
4224
4640
6448
4320
-608
-3856
-3616
-160
2720
304
-5392
-8736
-7856
-2992
1728
-304
-5408
-3312
4512
8544
7312
5168
4048
4368
5664
5536
3856
3216
2944
-272
-5376
-8448
-7744
-3648
1392
3696
2992
2240
2976
4496
5824
6384
4416
-1312
-5904
-3072
4384
9056
8256
3168
-1632
-416
5264
8880
8016
3888
-992
-3200
-3088
-4000
-6016
-7184
-7344
-7168
-6544
-4976
-3680
-4928
-6048
-1520
4672
3184
-3728
-6368
-4384
-3952
-5504
-5360
-3456
-2688
-2480
688
5840
8112
7120
5936
3936
-832
-5632
-6128
-3536
-2672
-3072
-400
2576
-736
-5712
-2368
4592
2608
-4288
-2480
4496
2896
-4512
-5184
416
4192
4000
608
-2944
-1216
2672
-208
-6160
-4528
1696
2352
-1472
-2992
-2800
-4064
-6080
-7856
-7744
-3168
1712
-464
-5488
-3408
4288
9040
8208
4032
-848
-3824
-3696
-1184
2480
5760
6768
3968
-912
-3280
-2832
-3024
-2976
528
5184
6816
4960
1200
-2784
-5952
-6432
-1408
5232
4448
-1536
-1792
2640
2480
-2256
-5984
-6272
-2048
4336
6528
4000
2752
3088
592
-2320
192
5344
6256
4032
4656
6672
3728
-1664
-1392
2176
320
-5184
-6304
-3616
-2816
-2640
1552
5904
3184
-3984
-7216
-4336
1136
5536
6896
4864
304
-2912
-224
5808
8480
7104
5040
4080
5168
6192
2448
-4544
-8128
-7136
-4976
-3888
-4960
-6464
-4176
1552
6336
6688
1264
-4752
-2512
4736
5408
-880
-6224
-7008
-3152
1552
464
-4848
-6320
-3776
-2768
-2592
816
5504
6432
3840
1984
2704
4544
5952
6368
4368
-1504
-6576
-4064
1424
-224
-5376
-3136
4112
6400
4240
4608
6496
4400
-576
-3872
-3648
-192
2720
256
-5488
-8864
-7936
-3008
1712
-368
-5520
-3312
4656
8736
7456
5200
4000
4400
5776
5616
3824
3136
2832
-416
-5552
-8576
-7824
-3728
1280
3600
2928
2240
3040
4592
5936
6464
4352
-1504
-6144
-3184
4496
9280
8448
3232
-1680
-432
5360
9008
8128
3952
-1008
-3328
-3296
-4160
-6080
-7200
-7392
-7232
-6576
-5056
-3856
-5120
-6128
-1520
4720
3200
-3776
-6432
-4448
-4032
-5600
-5392
-3488
-2800
-2656
608
5904
8224
7200
5952
3936
-832
-5648
-6160
-3520
-2624
-3120
-512
2560
-672
-5696
-2368
4624
2640
-4304
-2464
4576
2928
-4624
-5344
304
4080
3920
640
-2912
-1280
2592
-224
-6224
-4656
1632
2400
-1456
-3120
-2992
-4176
-6176
-7968
-7888
-3264
1680
-528
-5584
-3440
4352
9152
8336
4112
-832
-3840
-3760
-1296
2400
5808
6928
4128
-816
-3216
-2688
-2848
-2784
736
5392
6832
4784
1200
-2560
-5856
-6576
-1488
5488
4832
-1312
-1824
2496
2480
-2032
-5808
-6384
-2192
4384
6560
3952
2816
3264
640
-2416
96
5360
6368
4208
4832
6816
3824
-1616
-1376
2160
320
-5216
-6368
-3696
-2912
-2672
1616
6016
3248
-4016
-7328
-4432
1184
5728
7008
4784
208
-2848
-80
5952
8640
7280
5088
3984
5152
6368
2576
-4656
-8416
-7360
-4944
-3616
-4784
-6624
-4576
1200
6256
6928
1376
-4992
-2688
5008
5952
-432
-6048
-7184
-3520
1184
144
-5104
-6384
-3584
-2464
-2352
816
5168
6000
3824
2320
3008
4512
5552
5936
4208
-1232
-5904
-3392
1600
-208
-4832
-2560
3904
5904
4320
4848
6064
3584
-1104
-4080
-3696
-112
2800
336
-5200
-8304
-7216
-2384
1904
-320
-5008
-2752
4496
7984
6704
4896
4192
4496
5344
5136
3888
3520
3056
-256
-5200
-8032
-7152
-3040
1792
3888
3152
2496
3296
4560
5488
5984
4208
-1232
-5424
-2560
4400
8560
7552
2512
-1936
-448
5104
8416
7360
3232
-1392
-3408
-3360
-4144
-5760
-6656
-6864
-6720
-6048
-4704
-3904
-5104
-5520
-944
4368
2560
-3648
-5968
-4464
-4144
-5200
-4944
-3520
-3040
-2640
656
5616
7616
6608
5600
3808
-752
-5296
-5776
-3584
-3008
-3232
-304
2624
-656
-5184
-1840
4272
2016
-4016
-1840
4256
2224
-4416
-4448
928
4384
4048
464
-3120
-1200
2688
-176
-5760
-3856
2048
2224
-1760
-3312
-3136
-4192
-5856
-7376
-7072
-2528
1920
-448
-5072
-2832
4320
8528
7536
3408
-1296
-4064
-3824
-1056
2848
5936
6320
3216
-1392
-3472
-3024
-3248
-3024
480
4880
6512
4928
1152
-3120
-6080
-5856
-768
5040
3664
-1952
-1648
2864
2368
-2672
-6128
-5760
-1472
4224
6080
3984
3088
3264
496
-2416
80
4992
5936
4192
4896
6272
2944
-2048
-1264
2288
384
-4880
-5968
-3680
-3120
-2688
1504
5392
2624
-3936
-6800
-4144
960
5168
6592
4752
272
-2944
-288
5568
7952
6480
4736
4256
5296
5696
1808
-4528
-7536
-6480
-4672
-4048
-5136
-6080
-3408
2176
6368
6032
672
-4416
-1840
4576
4576
-1536
-6288
-6496
-2448
1856
480
-4576
-5936
-3824
-3072
-2672
784
5136
6016
3808
2320
3088
4608
5600
5936
4144
-1440
-6096
-3408
1664
-240
-4944
-2608
3968
5984
4336
4832
6096
3648
-1104
-4144
-3744
-112
2816
320
-5280
-8416
-7280
-2400
1920
-336
-5072
-2736
4640
8128
6784
4896
4160
4560
5456
5152
3824
3424
2944
-400
-5328
-8128
-7200
-3088
1728
3792
3072
2512
3376
4656
5616
6032
4144
-1392
-5616
-2640
4464
8704
7664
2544
-1984
-464
5168
8512
7456
3280
-1456
-3568
-3552
-4288
-5808
-6688
-6944
-6784
-6048
-4736
-4032
-5232
-5568
-928
4416
2592
-3680
-6000
-4496
-4240
-5296
-4944
-3520
-3136
-2800
608
5664
7696
6640
5600
3808
-720
-5264
-5792
-3568
-2992
-3312
-400
2608
-592
-5168
-1856
4272
2016
-4048
-1840
4320
2240
-4512
-4576
848
4336
4032
496
-3088
-1216
2656
-192
-5824
-3920
2048
2256
-1808
-3472
-3312
-4272
-5920
-7472
-7184
-2592
1904
-480
-5120
-2848
4352
8592
7648
3472
-1296
-4080
-3888
-1184
2752
5952
6480
3376
-1296
-3424
-2928
-3104
-2848
688
5072
6480
4704
1120
-2912
-6016
-6032
-848
5264
4016
-1776
-1664
2768
2400
-2432
-5936
-5824
-1584
4272
6096
3936
3152
3424
512
-2496
0
5008
6016
4320
5008
6368
3008
-2000
-1264
2288
400
-4880
-6000
-3728
-3184
-2704
1568
5504
2688
-3936
-6880
-4224
1024
5360
6688
4688
208
-2896
-160
5696
8112
6656
4768
4128
5264
5856
1904
-4656
-7792
-6704
-4656
-3808
-4992
-6256
-3792
1840
6304
6288
784
-4688
-2000
4896
5120
-1120
-6144
-6672
-2832
1488
144
-4816
-5968
-3600
-2784
-2496
