6032
5616
1536
-4368
-7824
-6896
-1600
3504
2256
-3264
-6192
-5984
-5328
-4928
-5744
-5952
-1280
4160
1728
-4576
-3680
3232
6976
6752
6896
6240
1904
-3600
-5936
-5040
-4224
-4960
-5440
-5120
-5760
-5824
-2064
3504
6560
5552
304
-4816
-2768
3104
2400
-4016
-7168
-6016
-5040
-4880
-4752
-5056
-5520
-5760
-5840
-6032
-6896
-6416
-1648
3520
2416
-3184
-6896
-6256
-1808
3552
6048
6000
5792
5680
5424
5216
5072
5456
5968
6208
7024
6912
2960
-2784
-5360
-4864
-5040
-4832
-96
5408
3056
-3552
-2368
4032
2832
-3200
-1456
4736
3216
-2864
-2016
4400
7504
6432
5312
5312
5824
5184
1520
-3680
-6752
-5824
-1104
4880
8096
6560
1744
-3328
-6720
-6576
-1088
4912
2656
-4032
-2624
4272
3744
-3280
-6752
-6224
-6544
-5776
-704
4192
2736
-2720
-5776
-6000
-6240
-5424
-1296
4336
7920
7408
2784
-2672
-5376
-5648
-5264
-4960
-5712
-5936
-2144
3536
6048
5856
5856
6336
7184
6464
1232
-4528
-3232
3376
7152
6736
6240
6656
6400
5888
6368
5712
704
-4384
-1616
4752
3200
-3472
-3136
3840
8064
6352
800
-3856
-1424
4544
3088
-3280
-2304
3552
2688
-4064
-7984
-6304
-1376
3968
7264
6304
528
-5136
-3616
3472
7888
6416
1696
-3376
-6528
-5808
-960
4976
7296
6096
6144
6352
1776
-3648
-2320
3696
7456
6208
800
-3968
-2432
3328
6352
5872
5888
5520
656
-4800
-2432
4112
3728
-2816
-6960
-5776
-304
5056
3600
-3184
-7664
-6816
-1168
4640
2688
-3904
-3440
3680
8032
7120
2544
-3568
-6512
-5664
-5424
-5312
-1120
5024
7360
6320
6128
5760
1664
-4320
-7872
-6960
-1632
3520
2288
-3248
-6224
-6080
-5520
-5120
-5808
-5936
-1248
4176
1632
-4832
-3904
3184
7072
6896
7072
6368
1920
-3648
-6048
-5248
-4432
-5072
-5504
-5184
-5824
-5888
-2080
3568
6640
5552
224
-4944
-2848
3120
2384
-4160
-7408
-6272
-5120
-4736
-4592
-5088
-5664
-5936
-6032
-6176
-6992
-6560
-1728
3568
2432
-3232
-6928
-6288
-1856
3520
6000
5952
5872
5840
5552
5280
5088
5424
5984
6320
7152
7040
3072
-2704
-5296
-4816
-5024
-4880
-112
5504
3168
-3504
-2288
4144
2896
-3120
-1216
5072
3440
-2832
-2000
4576
7728
6544
5296
5248
5792
5184
1456
-3744
-6736
-5760
-1008
5008
8224
6608
1696
-3424
-6704
-6464
-1040
4912
2672
-4016
-2656
4272
3792
-3248
-6784
-6352
-6784
-6032
-720
4368
2768
-2896
-5856
-5904
-6288
-5680
-1424
4464
8096
7504
2832
-2656
-5392
-5680
-5344
-5104
-5808
-5952
-2176
3520
6080
5920
5936
6416
7232
6496
1200
-4672
-3328
3472
7328
6816
6240
6672
6480
5968
6400
5696
624
-4512
-1664
4832
3328
-3392
-3184
3728
8096
6544
880
-4016
-1520
4768
3376
-3168
-2288
3536
2544
-4304
-8112
-6304
-1328
4032
7328
6352
512
-5248
-3760
3408
7952
6544
1744
-3472
-6656
-5872
-896
5184
7520
6272
6272
6400
1760
-3616
-2144
3920
7600
6208
608
-4256
-2496
3536
6576
5920
5792
5376
512
-5008
-2672
3936
3744
-2576
-6576
-5424
48
5552
4176
-2720
-7504
-7040
-1568
4336
2656
-3728
-3344
3552
8000
7328
2880
-3296
-6512
-5856
-5552
-5232
-944
5248
7616
6480
-3392
464
3872
5728
6480
6464
4608
2384
3376
5456
3088
-1088
16
4032
3648
-144
-1696
288
3712
6240
6032
3056
-928
-4608
-7376
-7024
-1728
4208
4112
-816
-4128
-3152
848
4432
3504
-400
-1360
1184
2560
2224
3744
6160
5264
2496
2688
5392
6912
6080
3104
-912
-3504
-2960
416
4544
6544
6176
6128
6464
4688
2320
3296
5392
3488
-528
-1376
976
3184
2800
-928
-4768
-3952
576
3648
2880
-592
-4576
-6976
-6976
-5168
-2928
-2112
-2592
-2384
-1952
-3728
-6368
-5936
-2544
208
912
704
-608
-3888
-6608
-5376
-2480
-2800
-5568
-7104
-6288
-3136
976
2592
2208
3536
5456
3968
-336
-3968
-5920
-7280
-6752
-1776
4016
4000
-16
-1248
304
464
-624
-352
656
-16
-1296
144
4080
7408
7056
1296
-4880
-2992
3648
3792
-800
288
4752
2944
-3744
-7552
-7104
-5040
-3040
-2656
-2512
688
4448
3504
-304
-1360
912
3152
2752
-432
-4544
-7536
-7248
-2048
4672
6640
3328
-1248
-4832
-6496
-6400
-6336
-6000
-3712
240
4656
6608
2240
-4832
-6576
-2896
768
1664
-1408
-5152
-2176
4400
3168
-4400
-6656
-2896
-224
960
3232
5664
7216
6576
1632
-4208
-4688
-144
4448
6528
6080
3136
-1952
-5440
-2512
3680
4672
0
-4224
-6112
-7008
-6176
-3056
272
1376
-496
-4016
-5952
-4240
0
4720
6560
2208
-4288
-4512
512
2784
1952
3392
6256
5696
2272
-384
-1584
-1808
-1792
-3584
-6256
-6272
-3152
1408
5376
5680
2384
-576
-1168
112
1344
-592
-4896
-6448
-3376
1440
4688
3952
-128
-4064
-6128
-6832
-6096
-3456
368
3808
5744
6624
6656
4720
2352
3344
5536
3088
-1136
112
4160
3632
-240
-1728
352
3824
6320
6096
3152
-800
-4592
-7440
-7072
-1712
4272
4224
-704
-4064
-3152
864
4464
3504
-432
-1376
1200
2592
2288
3760
6160
5280
2544
2768
5440
6976
6128
3040
-1152
-3728
-3008
464
4576
6544
6160
6160
6576
4784
2352
3328
5424
3440
-576
-1376
1072
3376
2976
-880
-4816
-3936
656
3744
2992
-480
-4544
-7008
-7008
-5216
-3056
-2256
-2736
-2480
-2000
-3760
-6432
-6016
-2640
96
896
720
-720
-4080
-6736
-5456
-2560
-2832
-5568
-7104
-6320
-3104
1072
2688
2256
3600
5472
3872
-480
-4016
-5920
-7328
-6832
-1808
4032
3936
-160
-1296
384
464
-720
-352
768
0
-1408
48
4080
7440
7072
1328
-4912
-3040
3616
3696
-992
144
4768
3024
-3712
-7568
-7152
-5120
-3120
-2720
-2592
608
4416
3472
-400
-1392
976
3232
2832
-400
-4592
-7600
-7280
-2096
4656
6704
3344
-1312
-4896
-6544
-6496
-6448
-6096
-3728
288
4736
6688
2288
-4912
-6752
-3104
720
1856
-1184
-5104
-2240
4400
3184
-4416
-6752
-3024
-320
992
3360
5760
7312
6656
1664
-4208
-4656
-128
4464
6592
6208
3248
-1904
-5456
-2496
3728
4736
32
-4256
-6192
-7104
-6240
-3040
368
1456
-592
-4208
-6032
-4144
240
4912
6608
2176
-4320
-4496
592
3024
2224
3536
6288
5808
2544
-240
-1872
-2352
-2256
-3760
-6256
-6384
-3568
960
5232
5872
2752
-464
-1456
-112
1536
-272
-4800
-6576
-3680
1152
4576
3856
-368
-4256
-6144
-6816
-6064
-5952
-4096
432
5568
8368
7584
2864
-1808
-416
4656
6048
4144
3824
5168
5872
4448
32
-3216
224
5968
5040
-1200
-5344
-6640
-7984
-7456
-2192
4288
6192
3712
1712
2448
4224
5456
5856
4384
848
-2480
-4112
-3392
1152
5904
3904
-1584
-800
5104
7984
6896
5136
3360
2128
2560
4192
5952
6832
6912
7536
7280
2976
-1840
-608
4528
6720
4576
640
-2544
-3456
-3440
-4592
-6032
-5728
-3872
-2448
-2848
-4464
-6272
-7952
-7872
-4160
912
3056
2544
2784
2752
-1488
-6528
-4512
1600
1600
-2704
-1584
2272
-624
-6304
-4512
1120
240
-5616
-8432
-7344
-5328
-3616
-3216
-2864
400
5072
6720
4064
-1056
-6128
-8864
-7520
-2080
4112
6736
4848
0
-3680
-1536
2880
1552
-3056
-2544
2080
4912
6064
7760
7120
1120
-5008
-3280
3488
5984
4208
4592
5840
2240
-4656
-8928
-8288
-3936
928
3056
3168
3984
5392
5824
4352
848
-2480
-3232
-3056
-4272
-6336
-8272
-7744
-1808
5120
4848
-1360
-5744
-6736
-7136
-7456
-7152
-6704
-6336
-4336
1200
5824
2128
-5216
-4656
1568
2400
-2432
-6448
-6592
-1488
4560
2400
-4944
-4704
1376
1440
-2480
-720
5360
8784
7296
1776
-4592
-7392
-4864
1424
6480
5088
-1264
-6416
-6848
-2384
3968
6896
4400
-1104
-6288
-8256
-7104
-5920
-4496
-432
2624
-160
-5488
-7408
-4560
1472
5776
2800
-4256
-6704
-4208
-3120
-3152
960
6064
4016
-2080
-2656
1632
4384
3424
-1328
-6272
-5104
1152
6144
6944
2848
-2592
-2000
2656
2400
-2560
-6288
-6992
-4112
1472
5296
5952
5744
4112
-736
-6208
-8176
-7152
-6064
-4176
416
5648
8512
7776
3056
-1728
-368
4752
6096
4160
3952
5328
5936
4448
-16
-3280
272
6112
5136
-1248
-5488
-6784
-8112
-7552
-2208
4400
6336
3792
1760
2544
4320
5552
5920
4384
832
-2480
-4096
-3328
1280
6080
4064
-1472
-720
5232
8176
7056
5168
3312
2128
2640
4320
6096
7024
7040
7632
7408
3056
-1792
-464
4720
6752
4496
640
-2464
-3344
-3328
-4608
-6144
-5824
-3936
-2464
-2832
-4512
-6352
-8000
-7904
-4176
1024
3248
2672
2912
2960
-1376
-6608
-4544
1696
1584
-2864
-1680
2240
-752
-6496
-4624
1152
272
-5680
-8528
-7392
-5328
-3632
-3232
-2864
448
5104
6736
4192
-896
-6160
-9008
-7616
-2080
4128
6768
4912
80
-3712
-1584
2960
1648
-3072
-2608
2064
4944
6176
7952
7312
1136
-5120
-3328
3568
6048
4208
4672
5968
2272
-4736
-8992
-8320
-3952
960
3040
3120
4032
5520
5904
4384
848
-2560
-3392
-3216
-4416
-6480
-8400
-7792
-1792
5248
5024
-1248
-5808
-6880
-7264
-7600
-7392
-6928
-6384
-4208
1424
6032
2160
-5456
-4992
1312
2384
-2240
-6336
-6688
-1568
4656
2432
-5168
-5008
1216
1392
-2464
-576
5552
8912
7312
1744
-4656
-7456
-4880
1456
6496
5056
-1328
-6496
-6912
-2400
4064
7040
4464
-1168
-6432
-8400
-7216
-6048
-4592
-464
2640
-160
-5552
-7504
-4560
1616
5952
2848
-4368
-6832
-4272
-3104
-3104
1088
6240
4144
-2000
-2672
1472
4080
3120
-1568
-6544
-5424
816
5968
7104
3264
-2176
-1888
2384
2208
-2272
-5952
-7152
-4640
992
5168
6112
5840
3920
-1040
-6432
-8352
-7280
-5568
-4048
208
5184
7792
6784
2128
-2128
-544
4240
5664
4272
4000
4800
5424
4368
96
-3264
32
5424
4192
-1856
-5472
-6304
-7296
-6576
-1696
3984
5648
3696
2208
2928
4256
5008
5392
4336
896
-2752
-4496
-3520
1024
5328
3120
-1968
-880
4800
7328
6192
4736
3456
2560
2992
4304
5552
6144
6320
7008
6512
2208
-2160
-720
4144
6320
4528
688
-2752
-3872
-3840
-4640
-5568
-5248
-3904
-2928
-3312
-4592
-5920
-7264
-7072
-3440
1392
3312
2816
3088
2864
-1376
-5968
-3664
2048
1456
-2960
-1584
2368
-448
-5728
-3744
1488
288
-5312
-7792
-6672
-4928
-3728
-3584
-3056
224
4624
6256
3984
-832
-5776
-8256
-6672
-1568
3840
6272
4736
0
-3808
-1488
3072
1488
-3296
-2512
2448
5088
5776
7072
6224
592
-4576
-2624
3328
5504
4336
4768
5248
1536
-4576
-8208
-7440
-3200
1392
3376
3504
4064
4960
5392
4304
880
-2720
-3680
-3488
-4384
-6032
-7584
-6832
-1248
4768
3888
-2016
-5792
-6304
-6512
-6848
-6576
-6112
-5920
-4208
944
5072
1520
-4880
-3712
2080
2224
-2896
-6560
-5936
-880
4128
1632
-4704
-3760
1840
1296
-2688
-864
5024
8128
6416
1232
-4384
-6880
-4656
1184
5872
4240
-1984
-6480
-6160
-1760
3808
6336
4192
-896
-5856
-7616
-6432
-5584
-4496
-496
2656
80
-5056
-6992
-4384
1200
5040
2208
-4048
-6144
-4240
-3568
-3328
864
5440
3120
-2560
-2544
2016
4688
3488
-1232
-5744
-4224
1808
6176
6272
1936
-3024
-1808
2912
2272
-2992
-6448
-6448
-3184
2112
5296
5440
5232
3984
-512
-5744
-7504
-6480
-5648
-4128
192
5232
7904
6944
2256
-2048
-480
4320
5664
4272
4112
4928
5440
4336
64
-3264
80
5552
4272
-1920
-5584
-6400
-7408
-6672
-1680
4112
5776
3776
2272
3024
4368
5120
5472
4336
880
-2784
-4496
-3440
1168
5472
3248
-1856
-784
4928
7504
6336
4752
3392
2576
3088
4416
5728
6336
6416
7040
6592
2272
-2112
-576
4320
6352
4480
656
-2704
-3776
-3760
-4688
-5664
-5312
-3952
-2944
-3328
-4640
-6032
-7360
-7120
-3392
1552
3520
2960
3232
3040
-1312
-6032
-3680
2128
1424
-3088
-1664
2304
-576
-5888
-3824
1536
352
-5344
-7840
-6656
-4928
-3760
-3648
-3088
272
4672
6272
4048
-704
-5760
-8368
-6752
-1568
3872
6256
4752
32
-3840
-1536
3120
1568
-3312
-2560
2448
5120
5824
7200
6352
608
-4672
-2640
3376
5520
4336
4864
5392
1584
-4640
-8288
-7488
-3200
1440
3344
3488
4112
5056
5440
4336
880
-2784
-3792
-3632
-4544
-6144
-7648
-6848
-1216
4880
4064
-1952
-5872
-6432
-6592
-6944
-6768
-6304
-5984
-4112
1184
5328
1552
-5136
-4048
1856
2192
-2752
-6464
-6032
-928
4256
1680
-4912
-4048
1696
1264
-2640
-752
5168
8192
6400
1200
-4400
-6928
-4688
1216
5888
4208
-2032
-6544
-6240
-1776
3888
6448
4256
-928
-5968
-7712
-6496
-5680
-4576
-512
2672
64
-5088
-7024
-4384
1344
5232
2256
-4144
-6288
-4304
-3568
-3280
976
5632
3280
-2496
-2576
1856
4416
3232
-1472
-6016
-4560
1472
6016
6464
2336
-2672
-1728
2704
2160
-2688
-6160
-6624
-3680
1680
5200
5632
5328
3760
-848
-6000
-7712
-6592
