2528
992
-1344
-3392
-4240
-3232
-512
944
-1104
-3344
-2448
-1168
-2208
-3328
-2656
-944
896
1024
-1424
-3312
-1808
1072
2672
3488
4288
3264
-368
-3280
-2832
-1040
-400
-1072
-2432
-3328
-2608
-912
320
1056
1680
944
-1776
-3232
-1040
1024
-672
-3456
-4160
-3376
-2208
-1056
-544
-1040
-2256
-3376
-3552
-3408
-3872
-3312
-576
1040
-960
-3408
-3008
-1072
416
1152
1088
1200
2448
3360
2544
1184
704
1200
2272
3440
4080
3344
1040
-1104
-1424
-1104
-1568
-1024
1712
3328
1264
-1040
-224
976
-240
-848
1632
3360
1184
-864
768
3440
4144
3440
2112
1088
1312
992
-1360
-3520
-3168
-960
1520
3504
4528
3328
-368
-3424
-3072
-896
672
896
-160
-928
-32
1008
464
-1056
-2352
-3488
-4480
-3344
800
3328
336
-3344
-2624
-1120
-2608
-3312
-256
3344
4416
3280
880
-1152
-1376
-1264
-2480
-3456
-2768
-1216
304
1152
1072
1184
2176
3504
4480
3376
-512
-3344
-1904
1200
2880
3440
3568
3440
3488
3472
2896
1008
-2256
-3344
256
3408
1632
-1072
-832
1168
3344
3344
-560
-3296
-96
3456
1616
-1024
0
1040
-880
-3552
-4704
-3360
304
3488
3536
944
-2144
-3424
-1840
1200
3584
3376
-32
-3520
-3568
-1008
1632
3504
4144
3520
2496
1040
-832
-960
1424
3616
3408
1040
-2304
-3440
-128
3520
3088
1200
1328
1040
-1760
-3392
-1248
1120
592
-1120
-1936
-960
1792
3504
1952
-1104
-3328
-3392
-992
1056
320
-1024
-544
1152
2912
3408
1616
-1136
-2944
-3488
-2896
-1008
1584
3584
4080
3616
2752
1040
-1488
-3616
-4480
-3408
-512
1072
-1072
-3472
-2576
-1216
-2320
-3584
-2880
-992
880
992
-1568
-3568
-1920
1200
2832
3568
4432
3408
-384
-3488
-3088
-1248
-608
-1280
-2640
-3552
-2880
-1120
304
1200
1824
992
-1872
-3376
-1040
1152
-608
-3536
-4320
-3568
-2416
-1232
-736
-1280
-2512
-3584
-3728
-3600
-4032
-3408
-624
992
-1104
-3568
-3024
-1024
432
1120
992
1120
2576
3632
2656
1088
576
1168
2384
3696
4400
3568
1120
-1184
-1552
-1120
-1520
-976
1888
3600
1424
-1024
-192
1024
-240
-816
1856
3616
1200
-1040
816
3712
4448
3648
2256
1184
1360
1008
-1408
-3648
-3280
-976
1600
3680
4800
3536
-400
-3664
-3296
-928
768
976
-160
-976
-80
960
384
-1168
-2480
-3680
-4752
-3552
880
3552
384
-3584
-2880
-1280
-2784
-3520
-224
3632
4768
3552
1008
-1120
-1312
-1184
-2576
-3664
-2784
-1056
400
1120
1008
1136
2224
3696
4784
3600
-480
-3536
-2192
1056
3024
3744
3808
3648
3776
3728
3056
1072
-2336
-3504
240
3600
1792
-1104
-944
1168
3536
3536
-640
-3536
-160
3584
1680
-1056
32
1136
-880
-3696
-4928
-3488
448
3744
3680
944
-2272
-3680
-2096
1184
3856
3648
-32
-3664
-3616
-944
1776
3696
4336
3680
2576
1024
-832
-960
1456
3712
3520
1008
-2496
-3632
-112
3696
3120
1072
1232
992
-1904
-3600
-1376
1088
592
-1120
-1968
-1008
1808
3584
2000
-1168
-3488
-3600
-1088
1104
304
-1104
-560
1280
3152
3664
1728
-1200
-3136
-3728
-3056
-1024
1712
3808
4304
3712
2352
3344
1824
-352
-1232
-368
1856
3280
2128
-480
-2672
-3120
-1488
-400
-2176
-3104
224
3312
1792
-256
1264
3200
2224
480
160
512
512
-336
-1952
-3328
-3808
-3120
-1232
-448
-2288
-3152
-176
3424
4432
3248
944
-256
1536
3376
2000
-208
-480
-512
-1856
-3312
-3824
-3200
-1664
-352
-48
-368
-816
-272
1808
3296
2320
-368
-2976
-3184
-64
3424
4400
3264
1424
512
1632
3392
4000
3328
1760
432
480
352
-1456
-3264
-3536
-3296
-3664
-3280
-960
416
-1728
-3088
416
3296
304
-3200
-1744
368
-1280
-3184
-1744
352
528
560
1968
3488
4016
3456
1824
-544
-2736
-3312
-1632
544
1120
656
448
-496
-2816
-3184
672
3264
-96
-3152
48
3280
448
-3232
-2480
-320
-80
-400
-32
464
512
-416
-2320
-3296
-2080
-304
240
304
752
368
-1488
-3312
-3968
-3184
-1120
-288
-2272
-3296
-256
3504
4480
3456
1840
496
384
560
-208
-256
1776
3376
2320
528
208
448
192
624
2496
3472
1680
-400
16
384
-1952
-3168
80
3408
2640
464
-384
-320
400
400
-1952
-3152
96
3392
2288
-304
-816
-336
-288
480
2592
3456
1376
-256
1456
3376
2336
528
192
-416
-2384
-3392
-1728
384
464
576
2720
3376
-128
-3408
-2512
592
3040
3568
1776
-480
-848
528
2240
3568
4256
3536
1072
-240
1888
3376
496
-3376
-4544
-3344
-928
400
-1296
-3280
-2720
-272
2704
3312
-448
-3296
-400
3424
3104
368
-2208
-3296
-1808
-416
-1920
-3424
-1792
432
544
624
2416
3504
1920
-400
-1296
-288
2048
3536
2336
-480
-2848
-3360
-1616
-480
-2400
-3376
224
3504
1840
-304
1408
3440
2288
368
80
528
560
-304
-2016
-3520
-4080
-3360
-1312
-400
-2352
-3344
-224
3568
4672
3504
1136
-192
1584
3504
2112
-160
-400
-384
-1872
-3520
-4080
-3392
-1728
-336
-48
-448
-976
-384
1936
3616
2480
-496
-3216
-3360
-144
3520
4656
3520
1616
688
1840
3616
4224
3504
1840
512
656
512
-1472
-3504
-3824
-3568
-3920
-3440
-928
464
-1872
-3312
400
3472
336
-3360
-1776
496
-1328
-3376
-1792
544
720
608
2000
3648
4208
3584
1984
-416
-2816
-3520
-1744
512
1104
672
512
-480
-2992
-3440
672
3504
-80
-3328
96
3504
448
-3440
-2640
-432
-208
-512
-64
512
640
-352
-2416
-3456
-2176
-352
240
432
944
464
-1536
-3520
-4272
-3424
-1280
-416
-2400
-3392
-224
3712
4704
3568
1888
560
464
640
-192
-320
1760
3488
2464
608
288
560
304
736
2640
3664
1776
-432
16
464
-1984
-3296
48
3520
2848
640
-336
-336
432
432
-2048
-3280
160
3600
2416
-384
-992
-432
-272
576
2768
3696
1488
-384
1344
3488
2560
672
192
-528
-2608
-3552
-1664
544
560
688
2960
3584
-96
-3488
-2544
688
3184
3680
1808
-496
-848
640
2432
3696
4320
3584
1072
-272
2000
3600
560
-3504
-4736
-3504
-944
464
-1328
-3424
-2864
-320
2848
3536
-416
-3408
-352
3664
3296
464
-2240
-3360
-1872
-544
-2128
-3568
-1792
512
608
688
1920
3248
2048
176
-496
384
2224
3264
2320
48
-2368
-3088
-1120
144
-1968
-3120
224
3232
1888
336
1952
3248
1664
-256
-640
-208
368
192
-1456
-3312
-4016
-3136
-832
128
-2016
-3184
-208
3408
4304
3152
1216
368
1984
3328
1936
192
208
48
-1568
-3296
-3936
-3184
-1360
208
544
64
-352
336
2208
3312
2416
16
-2688
-3104
-16
3472
4432
3200
1040
-96
1264
3392
4144
3296
1296
-352
-384
-400
-1904
-3408
-3536
-3360
-3680
-3232
-1232
-368
-2448
-3104
672
3216
48
-3280
-2032
-352
-1872
-3296
-1920
-288
-336
-192
1520
3408
3952
3328
2064
80
-2304
-3312
-1952
-160
48
-240
368
96
-2384
-3120
704
3232
-336
-3200
288
3248
48
-3408
-2144
272
656
256
-64
-144
352
0
-2096
-3344
-1696
384
464
-192
-112
-432
-1936
-3440
-4112
-3232
-736
304
-1936
-3216
-240
3472
4432
3360
1488
-240
-688
-416
-384
464
2512
3408
1712
-336
-592
-320
-704
-208
1984
3376
2064
208
64
-400
-2704
-3168
464
3424
2032
-320
-496
240
544
-384
-2736
-3216
272
3376
2400
240
16
320
-304
-96
2016
3296
1744
464
2096
3424
1648
-288
112
240
-1808
-3312
-1952
-208
-400
-112
2400
3200
-192
-3376
-2736
0
2432
3312
2128
208
-672
-80
1696
3520
4224
3312
1216
464
2464
3312
80
-3616
-4496
-3248
-1184
-368
-2064
-3520
-2336
448
3232
3248
-784
-3296
-80
3504
2576
-512
-2896
-3376
-1328
144
-1648
-3376
-1952
-80
-176
0
2112
3504
2192
96
-656
368
2384
3456
2384
-16
-2544
-3344
-1296
144
-1968
-3152
304
3392
1968
352
2080
3488
1872
-208
-672
-144
496
192
-1632
-3584
-4320
-3360
-864
176
-2112
-3360
-224
3600
4576
3376
1328
464
2160
3520
2032
256
384
272
-1552
-3472
-4160
-3360
-1344
432
832
320
-128
544
2400
3520
2608
96
-2800
-3312
-64
3680
4736
3392
1008
-192
1312
3616
4368
3440
1392
-256
-320
-464
-2096
-3600
-3664
-3472
-3808
-3376
-1296
-400
-2624
-3376
640
3376
32
-3440
-1984
-224
-1968
-3472
-1904
-128
-256
-144
1712
3680
4192
3536
2224
96
-2416
-3424
-2064
-224
32
-208
464
96
-2592
-3280
864
3440
-384
-3360
320
3424
96
-3536
-2240
320
752
272
-144
-224
400
192
-2016
-3456
-1792
368
384
-240
-32
-416
-2080
-3632
-4272
-3424
-928
128
-2128
-3344
-192
3680
4640
3456
1488
-224
-576
-272
-336
384
2480
3520
1840
-288
-560
-240
-608
-96
2080
3504
2160
288
144
-368
-2880
-3392
480
3664
2256
-240
-528
224
608
-352
-2864
-3376
288
3536
2496
192
-64
240
-368
-80
2192
3504
1728
256
2000
3616
1920
-160
48
96
-2016
-3472
-1968
-80
-320
-48
2624
3472
-160
-3584
-2912
16
2608
3536
2240
224
-656
64
1920
3760
4432
3440
1232
432
2544
3440
80
-3760
-4624
-3360
-1232
-320
-2032
-3568
-2384
496
3344
3328
-864
-3472
-112
3664
2752
-496
-3088
-3552
-1360
208
-1664
-3504
-2080
-160
-272
-64
2720
1024
-1504
-3504
-4160
-2976
-208
1088
-1136
-3280
-2288
-1088
-2128
-3248
-2656
-832
1120
1056
-1584
-3248
-1408
1456
2752
3456
4304
3216
-512
-3344
-2800
-1056
-496
-1136
-2400
-3264
-2640
-928
480
1344
1936
1008
-1872
-3120
-656
1200
-800
-3536
-4080
-3280
-2208
-1136
-672
-1136
-2288
-3360
-3520
-3424
-3888
-3136
-304
1088
-1168
-3536
-2912
-880
624
1296
1136
1264
2544
3440
2672
1344
880
1376
2368
3488
4160
3344
848
-1296
-1488
-1168
-1648
-928
1968
3344
1008
-1072
160
1232
-400
-960
1808
3360
880
-1056
880
3552
4144
3440
2224
1376
1568
1008
-1472
-3552
-3104
-832
1712
3712
4624
3216
-544
-3488
-3072
-752
976
1088
-240
-912
240
1200
352
-1200
-2368
-3456
-4368
-3024
1120
3264
80
-3328
-2432
-1152
-2672
-3072
192
3728
4656
3248
672
-1264
-1392
-1296
-2432
-3344
-2736
-1152
560
1472
1328
1376
2320
3664
4560
3216
-752
-3264
-1568
1488
3056
3552
3632
3488
3536
3536
2992
1008
-2352
-3216
576
3424
1408
-1024
-448
1536
3472
3152
-832
-3216
240
3472
1280
-1136
208
1136
-992
-3584
-4560
-3072
640
3744
3680
976
-2192
-3312
-1456
1648
3808
3296
-208
-3488
-3392
-880
1808
3696
4224
3600
2688
1120
-912
-992
1600
3840
3520
960
-2400
-3200
240
3680
3088
1312
1488
992
-1920
-3296
-848
1360
496
-1360
-2096
-896
2016
3568
1760
-1312
-3344
-3152
-592
1280
192
-1104
-240
1600
3200
3392
1392
-1296
-2912
-3424
-2864
-864
1872
3776
4144
3616
2784
1008
-1600
-3664
-4400
-3248
-320
1056
-1296
-3536
-2416
-1104
-2256
-3504
-2848
-864
1200
1104
-1696
-3440
-1536
1536
3040
3824
4624
3424
-512
-3552
-3040
-1136
-496
-1216
-2576
-3440
-2688
-864
592
1440
2016
1024
-1952
-3248
-688
1248
-832
-3696
-4240
-3440
-2352
-1264
-832
-1328
-2464
-3456
-3600
-3552
-4048
-3232
-208
1296
-1104
-3616
-3040
-944
704
1456
1264
1392
2768
3664
2784
1376
864
1392
2512
3760
4432
3520
928
-1312
-1568
-1248
-1680
-848
2192
3568
1088
-1056
224
1280
-416
-944
2016
3584
912
-1072
1104
3904
4384
3552
2352
1536
1712
1136
-1440
-3632
-3216
-880
1792
3952
4928
3440
-560
-3728
-3392
-992
960
1152
-288
-960
352
1312
368
-1216
-2368
-3536
-4576
-3152
1232
3536
144
-3584
-2688
-1264
-2816
-3312
80
3872
4896
3472
784
-1232
-1248
-1184
-2576
-3584
-2704
-928
656
1360
1152
1280
2368
3792
4736
3344
-848
-3568
-1792
1440
3184
3808
3872
3728
3824
3808
3184
1120
-2384
-3344
576
3568
1456
-1152
-528
1600
3680
3408
-816
-3376
224
3664
1488
-992
336
1184
-1072
-3776
-4816
-3296
608
3824
3760
976
-2336
-3568
-1728
1504
3856
3392
-272
-3760
-3600
-880
1968
3920
4400
3712
2752
1104
-960
-992
1680
3984
3696
1008
-2592
-3472
208
3824
3152
1264
1472
944
-2064
-3472
-992
1248
464
-1280
-2064
-928
2048
3712
1840
-1344
-3472
-3312
-688
1232
128
-1216
-368
1584
3344
3616
1504
-1408
-3136
-3632
-2992
-912
1936
3936
4320
3792
