-1408
-3328
-2656
-1072
-512
-1136
-2432
-3296
-2832
-880
2064
3312
896
-992
1376
3264
160
-3344
-2640
-1168
-2336
-3168
-1200
1184
1904
1088
-560
-1040
976
3472
4384
3312
480
-896
1520
3312
432
-3440
-4368
-3344
-1888
-1152
-2224
-3344
-2416
-1152
-1344
-1040
1120
3456
4288
3280
944
-1056
-1552
-1072
-640
-1072
-2400
-3360
-3008
-976
2176
3296
448
-3280
-4544
-3184
-368
1152
-592
-3376
-4304
-3184
-784
1280
1504
1248
2272
3488
3632
3424
3648
3424
1952
1216
2928
3376
-464
-3280
-288
3504
2896
1248
2272
3488
2480
1264
1456
1168
-1056
-3408
-3984
-3440
-2672
-976
1760
3472
2640
1104
992
992
-512
-880
1936
3344
-400
-3280
160
3312
-48
-3280
-208
3360
1872
-1152
-1936
-1040
464
1136
-240
-912
1520
3328
1280
-1040
-240
1328
1344
1344
2416
3520
4128
3264
320
-1152
1456
3392
560
-3456
-4640
-3408
-1024
1216
1824
1120
192
-1152
-2960
-3376
-1248
1168
1584
1216
1600
1136
-1360
-3456
-2912
-1024
144
1312
3328
3392
-432
-3392
-1456
1152
384
-1024
-480
1264
3264
3360
-48
-3360
-2928
-1168
-1136
-1072
544
1152
-1200
-3392
-2528
-1328
-2576
-3360
-944
1136
-64
-1120
1120
3552
2880
1344
1568
1136
-1888
-3344
-160
3520
3616
1104
-1728
-3456
-3072
-1072
928
1152
-1024
-3504
-4256
-3456
-1888
-1280
-2864
-3392
-128
3600
4512
3520
1920
1264
2608
3488
1696
-1296
-3712
-3344
816
3456
192
-3440
-2112
1328
3536
3424
736
-1136
912
3488
2848
1344
1488
1088
-1456
-3472
-2816
-1152
-528
-1232
-2624
-3552
-3120
-1088
2048
3424
944
-1056
1456
3488
224
-3504
-2800
-1296
-2560
-3408
-1264
1296
2032
1152
-592
-1152
912
3600
4640
3472
368
-1200
1408
3472
544
-3552
-4560
-3488
-2016
-1296
-2352
-3456
-2512
-1248
-1440
-1104
1184
3648
4544
3536
1040
-1184
-1712
-1216
-800
-1200
-2544
-3568
-3184
-992
2352
3552
448
-3616
-4976
-3472
-480
1136
-640
-3520
-4560
-3504
-1008
1184
1472
1248
2320
3568
3776
3632
3840
3632
2112
1312
3072
3568
-432
-3424
-256
3712
3008
1232
2352
3696
2608
1216
1392
1184
-1104
-3616
-4208
-3552
-2768
-1056
1856
3696
2848
1296
1232
1136
-544
-944
2064
3600
-384
-3504
144
3552
-16
-3440
-144
3648
2080
-1088
-1920
-1072
448
1120
-352
-1040
1600
3584
1424
-1168
-480
1184
1296
1312
2432
3680
4384
3504
448
-1072
1584
3552
576
-3632
-4848
-3520
-1056
1232
1824
1088
192
-1216
-3120
-3536
-1328
1136
1568
1248
1616
1040
-1520
-3616
-2992
-1040
80
1248
3440
3584
-368
-3504
-1552
1168
384
-1104
-544
1312
3408
3504
-112
-3648
-3136
-1168
-1120
-1168
544
1200
-1296
-3600
-2576
-1184
-2560
-3536
-1136
1056
-64
-1008
1328
3728
2896
1296
1568
1104
-2096
-3584
-176
3712
3776
1104
-1920
-3696
-3152
-1008
944
1008
-1248
-3728
-4464
-3632
-2000
-1312
-2896
-3456
-160
3664
4640
3648
2032
1328
2704
3632
1840
-1248
-3824
-3552
784
3584
240
-3584
-2256
1360
3648
3568
848
-1056
1072
3728
2976
1296
1472
1152
1712
-416
-2272
-3424
-3920
-3312
-1408
-432
-2064
-3344
-1456
208
-1552
-3328
-1872
480
960
-336
-2320
-3392
-2480
-304
1792
3424
4464
3312
-512
-3312
-2160
432
1392
416
-1872
-3296
-1856
384
528
-256
-144
-528
-2432
-3392
-1776
-368
-1488
-3424
-4128
-3408
-1584
352
1152
368
-1600
-3408
-3760
-3440
-3712
-3392
-1456
-368
-2032
-3456
-1888
320
576
-240
-848
-224
1984
3440
2112
-224
-1120
-288
1632
3552
4224
3424
1760
384
208
416
96
512
2352
3376
2176
416
-288
-416
-400
576
2640
3472
1856
528
1696
3536
4128
3392
1408
-400
-448
-512
-2272
-3488
-2144
464
2368
3584
4448
3328
-544
-3424
-2016
576
592
-448
-176
432
-16
-416
224
352
-1280
-3456
-4672
-3344
912
3408
192
-3424
-1888
288
-1648
-3248
-352
3488
4528
3456
1664
288
352
128
-1968
-3408
-1856
320
624
-320
-992
-384
1472
3552
4624
3392
-352
-3392
-2864
-288
2016
3472
3792
3584
3760
3504
2000
-464
-3120
-3360
208
3408
2672
384
-816
-288
2272
3328
-336
-3328
-368
3440
2592
368
112
-304
-1984
-3632
-4528
-3312
544
3584
2720
-448
-2912
-3552
-2576
-240
2720
3376
-64
-3520
-2720
432
2512
3616
4272
3600
1568
-400
-896
448
2624
3552
2272
-464
-3216
-3408
224
3520
2352
-272
-528
-496
-2352
-3536
-2128
-224
400
272
48
560
2320
3552
2672
336
-2240
-3456
-2304
-432
448
336
-368
-304
1680
3472
2768
288
-2272
-3440
-2160
496
2528
3648
4112
3568
1872
-448
-2448
-3664
-4112
-3408
-1408
-464
-2288
-3616
-1520
320
-1536
-3488
-2064
416
992
-416
-2528
-3616
-2560
-224
1936
3632
4704
3472
-560
-3536
-2416
272
1280
272
-2032
-3488
-2000
336
576
-208
-112
-496
-2528
-3552
-1824
-368
-1664
-3712
-4384
-3600
-1728
256
1120
352
-1696
-3600
-3952
-3616
-3888
-3520
-1536
-496
-2240
-3600
-1808
528
672
-352
-1104
-480
1984
3616
2080
-416
-1248
-336
1648
3680
4432
3616
1872
368
128
416
128
544
2480
3584
2384
560
-256
-512
-544
576
2800
3648
1920
512
1712
3680
4384
3664
1568
-384
-480
-512
-2320
-3648
-2208
592
2576
3744
4640
3504
-592
-3664
-2208
512
592
-464
-208
448
96
-352
192
272
-1440
-3680
-4864
-3456
976
3584
208
-3600
-1936
336
-1808
-3520
-448
3616
4736
3648
1808
432
528
320
-2032
-3616
-1904
496
720
-368
-1088
-480
1456
3664
4864
3600
-320
-3584
-3168
-496
2048
3616
3904
3712
3984
3760
2144
-480
-3296
-3552
208
3616
2896
480
-896
-384
2336
3472
-368
-3488
-368
3648
2832
496
48
-432
-2064
-3760
-4752
-3520
560
3744
2768
-560
-3040
-3728
-2816
-384
2752
3488
-48
-3648
-2752
560
2672
3728
4368
3648
1520
-464
-896
512
2752
3728
2384
-528
-3472
-3648
272
3712
2320
-512
-672
-560
-2496
-3680
-2304
-448
320
368
64
512
2368
3728
2800
336
-2320
-3568
-2416
-496
400
304
-384
-240
1792
3600
2880
352
-2352
-3664
-2304
528
2624
3776
4320
3760
1904
176
-1760
-3216
-3792
-3008
-912
160
-1536
-2944
-1408
-144
-1760
-3120
-1936
-80
784
192
-1824
-3152
-1968
528
2304
3472
4320
3120
-592
-3152
-2112
80
688
-320
-2176
-3120
-1888
-96
336
272
720
208
-2000
-3088
-1312
176
-1200
-3312
-3856
-3008
-1472
48
592
-208
-1904
-3264
-3360
-3104
-3488
-3056
-880
208
-1584
-3024
-1744
0
448
224
-32
512
2336
3376
2112
256
-304
480
2000
3424
3984
3264
1392
-304
-512
-208
-528
-48
2080
3312
1760
-240
-288
304
-160
16
2128
3296
1456
-128
1248
3408
4064
3296
1600
288
432
176
-1792
-3232
-2304
-64
1952
3520
4448
3184
-528
-3152
-2160
-48
544
272
96
-48
-32
256
448
-256
-1824
-3440
-4336
-2944
1152
3312
128
-3168
-1824
-256
-2160
-3088
48
3568
4448
3360
1360
-208
-240
-368
-2080
-3136
-1904
-256
368
304
112
544
1872
3488
4432
3168
-560
-3280
-2256
512
2512
3472
3584
3456
3632
3376
2208
96
-2608
-3008
544
3488
2192
-320
-912
432
2944
3296
-576
-3152
32
3520
2144
-224
-16
192
-1408
-3376
-4336
-3008
672
3424
2784
112
-2368
-3280
-2080
688
3376
3312
-208
-3296
-2592
80
2160
3584
4144
3376
1840
336
-592
48
2080
3376
2608
144
-2736
-3136
336
3440
2400
320
448
352
-1872
-3232
-1616
400
576
-192
-736
-64
2080
3504
2336
-320
-2720
-3328
-1552
416
576
-192
-416
496
2416
3472
2208
-304
-2496
-3280
-2144
112
2192
3584
4032
3392
1968
48
-1904
-3344
-3968
-3168
-896
176
-1728
-3232
-1584
-240
-1888
-3312
-2048
-16
832
64
-1968
-3328
-2128
496
2448
3680
4512
3232
-640
-3328
-2240
32
720
-320
-2320
-3312
-1936
-32
384
288
736
176
-2176
-3328
-1392
256
-1200
-3440
-3984
-3136
-1616
-96
448
-336
-1984
-3376
-3584
-3440
-3824
-3264
-944
224
-1680
-3344
-2080
-96
544
320
-16
544
2464
3568
2240
272
-320
528
2128
3632
4208
3456
1536
-240
-496
-208
-544
-16
2288
3568
1904
-160
-208
320
-160
96
2288
3440
1520
-96
1408
3680
4272
3408
1648
320
496
272
-1808
-3312
-2288
48
2080
3680
4672
3344
-576
-3344
-2288
-128
464
208
16
-128
-16
384
560
-208
-1840
-3504
-4512
-3120
1184
3472
112
-3344
-1920
-288
-2288
-3248
32
3712
4624
3520
1488
-128
-128
-304
-2240
-3360
-1888
-32
464
208
-64
416
1920
3712
4672
3312
-592
-3488
-2448
464
2608
3664
3776
3584
3792
3552
2336
128
-2720
-3168
560
3664
2304
-288
-880
480
3056
3456
-544
-3280
32
3712
2336
-128
0
112
-1568
-3552
-4528
-3136
720
3632
2928
48
-2496
-3408
-2240
528
3360
3408
-208
-3424
-2656
176
2288
3680
4320
3504
1792
192
-688
32
2224
3632
2704
32
-2896
-3200
464
3680
2480
144
176
96
-2096
-3376
-1728
304
592
-96
-688
-32
2192
3632
2432
-256
-2720
-3392
-1632
384
560
-256
-544
432
2496
3648
2336
-368
-2704
-3504
-2256
128
2256
3712
4192
3536
-1584
-3472
-2784
-1264
-720
-1296
-2544
-3456
-3088
-976
2144
3136
448
-1168
1536
3280
0
-3408
-2688
-1456
-2672
-3184
-960
1408
1952
912
-848
-1168
1008
3504
4368
3088
64
-1168
1520
3216
192
-3584
-4368
-3328
-2032
-1424
-2448
-3440
-2496
-1296
-1440
-1008
1264
3536
4272
3136
688
-1328
-1664
-1152
-848
-1328
-2528
-3472
-3168
-976
2352
3280
128
-3648
-4736
-3136
-224
1120
-816
-3600
-4480
-3280
-704
1408
1536
1312
2336
3424
3600
3456
3648
3456
2128
1504
3008
3104
-800
-3296
-112
3552
2896
1328
2256
3376
2496
1424
1584
1088
-1312
-3600
-4000
-3424
-2800
-1136
1776
3520
2640
1200
1184
960
-832
-1104
1952
3216
-768
-3360
416
3280
-464
-3392
32
3376
1600
-1344
-1984
-992
624
1104
-576
-1104
1680
3360
960
-1296
-192
1424
1344
1344
2352
3440
4112
3120
48
-1264
1536
3328
272
-3728
-4688
-3200
-720
1456
1984
1152
-32
-1568
-3216
-3232
-896
1440
1712
1424
1856
1136
-1568
-3648
-3072
-1152
192
1424
3264
3072
-768
-3408
-1200
1216
48
-1312
-384
1552
3360
3168
-368
-3600
-3088
-1408
-1408
-1136
672
1120
-1456
-3616
-2656
-1504
-2752
-3232
-624
1168
-416
-1328
1200
3600
2784
1344
1696
1072
-2112
-3392
-32
3600
3616
1072
-1856
-3648
-3264
-1152
1072
1280
-1136
-3696
-4304
-3488
-2016
-1488
-2992
-3280
80
3632
4416
3424
1952
1456
2768
3344
1312
-1648
-3824
-3200
1024
3360
-80
-3424
-1824
1616
3584
3232
400
-1264
1072
3584
2720
1184
1456
1008
-1648
-3648
-2912
-1232
-640
-1328
-2688
-3648
-3184
-944
2368
3392
528
-1200
1664
3520
-16
-3664
-2848
-1456
-2720
-3312
-1040
1488
2112
992
-928
-1280
1072
3760
4672
3264
32
-1200
1776
3552
176
-3840
-4640
-3584
-2224
-1568
-2608
-3648
-2720
-1568
-1792
-1296
1200
3712
4544
3376
688
-1568
-1984
-1408
-1024
-1488
-2704
-3680
-3424
-1200
2336
3408
144
-3824
-5008
-3360
-240
1232
-848
-3792
-4640
-3312
-624
1568
1696
1456
2528
3696
3824
3616
3792
3568
2144
1520
3200
3328
-832
-3472
-96
3728
2944
1312
2416
3584
2528
1344
1584
1168
-1344
-3792
-4272
-3696
-2944
-1136
1856
3680
2832
1440
1520
1232
-832
-1216
2032
3408
-736
-3504
416
3456
-368
-3504
48
3552
1680
-1456
-2144
-1120
608
1152
-608
-1184
1712
3456
992
-1328
-240
1376
1296
1328
2496
3760
4448
3328
112
-1184
1680
3424
224
-3888
-4880
-3360
-832
1456
2080
1168
-128
-1632
-3280
-3456
-1152
1344
1696
1360
1808
1104
-1664
-3840
-3264
-1216
224
1552
3552
3376
-736
-3584
-1280
1232
32
-1408
-464
1568
3552
3392
-368
-3808
-3184
-1328
-1376
-1200
720
1200
-1568
-3808
-2672
-1392
-2800
-3456
-720
1248
-368
-1344
1280
3760
2928
1408
1696
1056
-2208
-3488
48
3872
3824
1040
-2064
-3808
-3248
-1072
992
1040
-1360
-3872
-4512
-3664
-2112
-1584
-3168
-3488
48
3792
4592
3584
2112
1568
2880
3488
1440
-1616
-3920
-3312
1024
3472
-48
-3552
-1920
1664
3760
3392
480
-1280
1104
3760
2896
1248
1504
1088
