5840
3184
-1824
-6784
-9168
-7824
-2528
1648
-864
-5680
-5680
-3616
-4288
-5856
-5824
-3696
608
2800
-1616
-6928
-4784
1968
6064
7520
8864
7376
944
-5424
-6064
-2784
-1040
-2448
-4832
-6112
-5728
-3568
-352
2400
3856
2688
-2512
-6784
-3632
1648
-288
-6448
-8704
-7088
-4832
-2672
-1648
-2672
-4848
-6800
-7520
-7488
-8240
-7584
-2544
1856
-448
-5456
-6544
-3920
-320
2416
3152
3536
5296
6592
5552
3376
2304
3248
5184
7088
8656
8080
3760
-1392
-3088
-2464
-2976
-2496
2608
7312
4080
-2048
-1200
2848
1056
-2048
2016
7232
4208
-1216
784
6832
9008
7376
4928
3136
3024
2480
-1360
-5856
-6624
-3312
2032
7184
9696
7424
896
-5168
-6704
-4128
512
3584
1056
-2944
-1008
3360
2256
-2480
-5376
-6960
-8720
-6976
288
5808
2240
-4720
-5888
-3968
-5296
-6176
-1168
6144
9744
8320
3520
-1184
-2880
-3200
-4656
-6016
-5728
-3744
-384
2368
2848
3136
4976
7328
9120
7616
464
-6336
-4864
1936
6336
7424
7824
8096
7872
7184
6160
3264
-2848
-6432
-816
6640
4624
-2000
-2336
2768
7088
6800
368
-5440
-1280
6432
4768
-1584
-1056
2208
-544
-6608
-9488
-7136
-624
5728
7440
3808
-2800
-7216
-4768
2208
7360
7008
1344
-5152
-6944
-3408
2384
7360
8832
7216
5808
4048
-48
-2288
1296
6368
7376
3584
-2928
-6304
-1600
5600
6608
3520
2912
2592
-2432
-7088
-3840
2288
2368
-1600
-3792
-2352
2832
7344
5088
-1664
-6800
-7520
-2880
2576
1648
-2576
-1952
2752
6640
7664
4352
-1776
-5808
-6432
-5712
-3232
2032
7216
8704
7360
5952
3440
-1584
-6720
-9216
-7824
-2464
1744
-784
-5616
-5744
-3792
-4464
-5920
-5840
-3744
608
2832
-1664
-7024
-4784
2128
6208
7632
8944
7376
944
-5376
-6128
-3056
-1472
-2944
-5088
-6080
-5840
-3968
-528
2688
4320
3008
-2384
-6752
-3536
1824
-176
-6432
-8704
-7072
-4864
-2800
-1744
-2688
-4880
-6880
-7568
-7520
-8288
-7632
-2608
1792
-528
-5536
-6544
-3872
-336
2320
3072
3488
5360
6752
5584
3120
1920
2960
5136
7264
8896
8288
3968
-1200
-2912
-2240
-2688
-2272
2800
7504
4272
-1920
-1168
2832
1008
-2064
2080
7296
4192
-1200
896
6976
9152
7504
5024
3248
3104
2384
-1584
-6016
-6576
-3056
2368
7392
9808
7536
928
-5216
-6688
-4048
528
3520
1040
-2880
-1056
3184
2256
-2288
-5296
-7120
-8976
-7184
256
5936
2304
-4848
-5936
-3872
-5280
-6304
-1216
6256
9920
8512
3648
-1152
-2816
-3120
-4672
-6064
-5680
-3664
-336
2368
2784
3040
4928
7408
9248
7680
464
-6416
-4944
1968
6464
7504
7824
8064
7808
7168
6272
3408
-2736
-6336
-784
6592
4560
-2080
-2320
2976
7280
6784
320
-5344
-1136
6464
4576
-1824
-1104
2368
-464
-6752
-9680
-7184
-560
5792
7440
3760
-2864
-7328
-4944
2064
7360
7040
1296
-5232
-6928
-3312
2480
7456
8928
7312
5856
4032
-96
-2320
1328
6464
7456
3536
-3040
-6352
-1584
5680
6768
3632
2880
2528
-2464
-7120
-3840
2304
2384
-1568
-3712
-2256
2944
7536
5344
-1520
-6816
-7648
-3008
2544
1696
-2576
-2016
2688
6624
7728
4448
-1776
-5920
-6576
-5760
-3104
2256
7408
8768
7360
-1104
2960
5040
4928
4720
4944
4320
3648
4736
4816
480
-3424
-800
3344
1488
-2592
-1856
2288
5008
5616
5456
3936
448
-3648
-6304
-5344
-256
3968
2016
-3280
-6032
-4528
32
3472
1312
-2768
-1600
3056
4832
4016
4416
5392
4672
3568
3920
4912
5424
4528
1168
-3264
-5584
-4368
-416
3792
5360
4736
4656
5152
4384
3552
4640
4800
960
-2816
-1472
2864
5472
4320
-240
-3952
-2192
2864
5584
4256
320
-3840
-5776
-5504
-4672
-4000
-3952
-4320
-4032
-3584
-4368
-5584
-5488
-3456
48
2544
1376
-2288
-5168
-5744
-4624
-3600
-3920
-4944
-5520
-4656
-1072
3360
4720
4032
4608
4720
1488
-2928
-4912
-5008
-5584
-4976
-384
3744
1520
-2544
-1152
2160
768
-2240
-704
2240
512
-2800
-1376
3376
6496
5440
16
-4448
-1424
3776
1536
-3168
-736
4016
1984
-3648
-5984
-5424
-4608
-4160
-4688
-4192
-32
3632
1376
-2640
-1632
2880
5600
4496
608
-3744
-6336
-5520
-896
4448
6288
4208
192
-3744
-5312
-4928
-5024
-4480
-1360
2816
5792
5600
928
-4688
-6240
-3728
576
3232
288
-3968
-1216
4176
2064
-4416
-6304
-3744
-512
2688
4720
5120
5632
4928
400
-3856
-2336
2576
5408
5696
5568
4048
-592
-4176
-1312
3584
2480
-2640
-5184
-5296
-5600
-4560
-640
2736
1712
-2448
-5584
-5136
-1568
2816
5968
5536
480
-4112
-2064
3344
5024
3888
4256
5488
5344
3600
320
-3296
-4640
-4112
-4352
-5376
-5632
-4160
-272
4304
5888
3664
-368
-2704
-432
2944
1184
-4016
-6400
-4336
272
3632
2016
-2592
-5104
-5312
-5456
-4560
-1184
2896
5056
5120
4960
5136
4448
3696
4752
4896
576
-3392
-752
3440
1584
-2576
-1888
2272
5056
5728
5552
3920
320
-3760
-6384
-5456
-304
4112
2256
-3120
-5920
-4320
352
3808
1616
-2528
-1536
2848
4496
3792
4416
5552
4800
3520
3856
5024
5664
4688
1216
-3264
-5632
-4496
-480
3872
5520
4896
4832
5344
4528
3616
4688
4864
960
-2928
-1536
2944
5616
4464
-144
-3872
-2000
3168
5872
4512
528
-3664
-5632
-5440
-4704
-4176
-4208
-4576
-4256
-3808
-4496
-5600
-5520
-3552
0
2544
1360
-2368
-5264
-5840
-4688
-3680
-4064
-4992
-5504
-4672
-1072
3392
4768
4144
4752
4768
1360
-3168
-5088
-5024
-5552
-4960
-368
3760
1456
-2672
-1168
2336
832
-2368
-736
2432
608
-2960
-1552
3296
6432
5392
-16
-4512
-1472
3664
1376
-3328
-832
3968
1936
-3744
-6032
-5392
-4576
-4240
-4816
-4320
-80
3648
1344
-2768
-1760
2896
5696
4624
720
-3696
-6400
-5648
-960
4464
6320
4208
144
-3872
-5488
-5152
-5280
-4704
-1520
2720
5872
5776
960
-4816
-6336
-3712
560
3104
64
-4160
-1216
4352
2160
-4496
-6384
-3712
-464
2656
4688
5088
5648
4944
400
-3856
-2256
2672
5440
5664
5600
4160
-528
-4144
-1296
3552
2352
-2800
-5280
-5280
-5552
-4544
-608
2800
1744
-2480
-5664
-5232
-1600
2912
6112
5632
496
-4160
-2128
3312
5088
3984
4320
5520
5360
3616
288
-3408
-4816
-4256
-4416
-5392
-5680
-4272
-336
4304
5968
3728
-384
-2800
-432
3104
1344
-3968
-6464
-4400
256
3664
1968
-2736
-5232
-5328
-5472
-4656
-4912
-1264
3408
7088
8720
7696
3488
192
2640
6320
4496
1216
2720
5712
5008
1584
-1424
-1184
3344
7424
5696
176
-4160
-6944
-9088
-7648
-832
5664
5456
944
-1488
48
3536
5968
4960
1616
-576
-816
-1104
-432
3712
7200
4384
64
1824
6816
8656
7136
4176
800
-944
192
3296
6496
7744
7504
7984
7632
3600
112
2368
6176
5344
1712
-560
-784
-176
-848
-3936
-6464
-5072
-1392
544
-640
-3616
-6736
-8752
-8176
-4512
-368
848
192
656
416
-3760
-7648
-5136
80
704
-1104
-32
640
-3744
-7728
-4848
-464
-2240
-7104
-8896
-7360
-4176
-1088
-416
-208
2944
6384
5632
1248
-3648
-7456
-9424
-7504
-848
5440
5744
1984
-1072
-1760
-224
1296
304
-1472
-1248
608
3152
6416
9120
7440
-160
-6160
-2272
5152
5120
1584
3440
6144
1728
-6016
-9648
-8304
-4384
-768
192
512
3264
5952
4896
1616
-592
-656
304
-272
-3232
-6848
-9328
-7904
-736
6480
6192
448
-4384
-6912
-7952
-7984
-7824
-7200
-5184
-1200
4640
7152
1008
-6784
-5952
-192
1760
-688
-4896
-6560
-800
5760
1872
-6464
-6000
-416
352
-688
2400
7104
9360
7296
640
-5888
-6608
-1840
4352
7664
5648
-128
-5680
-6832
-1536
5312
6272
1488
-3952
-7664
-8816
-7280
-4640
-1760
992
816
-3360
-6992
-6176
-1408
4784
7056
1424
-5888
-5840
-1296
-112
-368
3536
7440
4784
-400
-1472
224
1200
160
-3904
-7616
-5952
-416
4848
7168
4432
-320
-1136
816
1040
-928
-4256
-7136
-5744
-432
4336
6256
5168
1296
-3792
-7616
-8640
-7360
-5024
-1392
3344
7184
8880
7824
3552
176
2544
6288
4720
1600
2976
5808
5216
1904
-1328
-1312
3328
7536
5680
32
-4304
-7056
-9216
-7760
-864
5744
5616
1120
-1264
320
3744
6080
5168
1904
-432
-864
-1200
-480
3728
7312
4496
32
1776
6880
8752
7184
4224
896
-864
256
3408
6608
7840
7584
8112
7760
3632
48
2352
6224
5392
1696
-544
-656
64
-656
-3936
-6592
-5104
-1248
752
-448
-3552
-6816
-8896
-8320
-4720
-656
528
-176
288
96
-4016
-7824
-5232
48
736
-1072
32
736
-3728
-7808
-4912
-464
-2288
-7232
-9024
-7504
-4288
-1152
-464
-192
3024
6464
5664
1216
-3760
-7568
-9536
-7584
-832
5504
5760
1936
-1120
-1792
-256
1248
240
-1520
-1232
672
3248
6560
9296
7584
-160
-6272
-2336
5216
5120
1408
3344
6240
1776
-6128
-9792
-8448
-4560
-928
64
432
3296
6032
4880
1536
-656
-736
176
-384
-3280
-6912
-9456
-8032
-752
6544
6192
288
-4608
-7072
-8048
-8080
-7936
-7280
-5216
-1184
4704
7200
992
-6832
-5968
-192
1696
-848
-5072
-6640
-784
5792
1824
-6560
-5984
-272
432
-704
2416
7184
9472
7392
624
-5952
-6560
-1680
4480
7792
5840
112
-5584
-6880
-1536
5424
6288
1360
-4128
-7760
-8864
-7344
-4640
-1616
1072
640
-3616
-7136
-6080
-1120
5040
7168
1392
-5952
-5888
-1232
32
-160
3728
7552
4944
-160
-1376
32
960
0
-4016
-7760
-6128
-496
4880
7312
4560
-336
-1168
928
1136
-976
-4416
-7248
-5744
-304
4528
6400
5264
1312
-3840
-7712
-8720
-7408
-4560
-1280
3168
6784
8336
7136
2944
-80
2432
5888
4256
1504
2912
5328
4640
1664
-1264
-1264
3120
7040
5104
-320
-4256
-6656
-8496
-6896
-448
5360
5040
1024
-1024
512
3616
5568
4640
1744
-416
-1072
-1456
-544
3584
6768
3872
-192
1744
6576
8160
6592
3872
928
-528
624
3456
6224
7248
7072
7600
7088
3056
-128
2208
5808
5088
1840
-416
-992
-592
-1232
-3952
-5984
-4608
-1456
128
-1040
-3696
-6400
-8160
-7536
-3936
-16
1088
464
912
512
-3616
-7184
-4464
496
640
-1392
-128
752
-3472
-7216
-4272
-176
-2128
-6816
-8368
-6768
-3824
-1216
-736
-352
2768
6000
5312
1296
-3376
-7120
-8912
-6784
-480
5104
5376
2080
-960
-1968
-272
1584
352
-1760
-1232
1072
3440
6176
8496
6688
-496
-5664
-1792
4832
4720
1856
3664
5616
1184
-5856
-9056
-7680
-3824
-400
512
912
3376
5520
4528
1728
-432
-832
-112
-688
-3360
-6560
-8704
-7152
-288
6192
5440
-128
-4464
-6528
-7424
-7520
-7328
-6656
-4864
-1184
4352
6528
560
-6480
-5200
288
1664
-1184
-5072
-5984
-304
5328
1280
-6176
-5200
48
352
-832
2192
6784
8832
6592
288
-5552
-6128
-1760
4080
7216
5008
-704
-5664
-6176
-1040
5088
5824
1472
-3680
-7312
-8272
-6656
-4368
-1872
848
880
-3040
-6528
-5824
-1344
4448
6416
1056
-5552
-5376
-1392
-496
-512
3424
6976
4160
-784
-1440
544
1536
304
-3744
-7152
-5264
176
4960
6720
3744
-752
-1040
1184
1088
-1312
-4480
-6704
-4976
144
4384
5808
4736
1312
-3488
-7232
-8112
-6768
-4672
-1408
3120
6848
8416
7216
3008
-64
2368
5856
4448
1856
3152
5392
4816
1984
-1168
-1376
3088
7104
5024
-528
-4432
-6752
-8560
-6928
-464
5392
5168
1184
-816
768
3792
5632
4800
2000
-288
-1104
-1536
-576
3616
6848
3920
-256
1680
6608
8208
6592
3888
976
-464
688
3536
6288
7280
7136
7712
7168
3072
-192
2160
5808
5120
1840
-384
-864
-368
-1072
-3968
-6080
-4624
-1312
336
-864
-3648
-6496
-8320
-7696
-4128
-256
784
128
592
256
-3824
-7360
-4592
480
704
-1344
-80
816
-3472
-7296
-4320
-192
-2192
-6944
-8480
-6880
-3936
-1312
-816
-336
2880
6064
5296
1200
-3520
-7248
-8992
-6848
-480
5168
5376
2032
-1008
-2016
-304
1552
304
-1792
-1248
1088
3520
6304
8640
6784
-496
-5760
-1824
4880
4656
1664
3568
5696
1216
-5968
-9216
-7824
-4000
-544
384
848
3392
5568
4528
1680
-496
-912
-256
-800
-3424
-6624
-8800
-7216
-288
6224
5392
-304
-4656
-6672
-7504
-7616
-7440
-6720
-4864
-1152
4368
6560
560
-6496
-5184
304
1616
-1312
-5200
-6016
-272
5360
1264
-6240
-5184
160
432
-864
2208
6896
8944
6640
272
-5600
-6080
-1648
4176
7328
5184
-496
-5600
-6224
-1040
5152
5824
1328
-3824
-7376
-8320
-6704
-4336
-1728
912
720
-3264
-6640
-5728
-1088
4672
6496
1008
-5632
-5408
-1344
-368
-304
3600
7072
4304
-560
-1344
384
1280
144
-3856
-7296
-5408
96
4992
6800
3808
-784
-1088
1264
1184
-1376
-4640
-6816
-4944
272
4528
5904
4816
1328
-3568
-7344
-8192
-6816
