2064
6224
5968
2848
1280
2576
4944
6384
6192
3312
-2848
-7056
-3536
1344
-1488
-5872
-1920
5152
6000
3792
5152
6960
4144
-864
-3744
-3184
208
2352
-864
-6448
-9264
-7840
-2624
1392
-1664
-6064
-2176
6064
9232
7248
4672
3648
4736
6240
5280
3056
2656
2304
-1312
-6368
-8992
-7776
-3312
1520
3296
2384
1808
2976
4976
6368
6336
3392
-2736
-6320
-1984
5808
9760
8176
2656
-1760
336
6288
9408
7968
3424
-1344
-3120
-3136
-4576
-6688
-7552
-7648
-7520
-6576
-4560
-3600
-5632
-6176
-288
5488
2256
-4768
-6032
-3808
-4336
-6016
-5024
-2880
-2576
-2272
1552
6800
8560
7200
5696
3104
-1984
-6192
-5664
-2736
-2224
-2704
0
2160
-1984
-5968
-912
5392
1392
-5088
-1248
5376
1776
-5712
-5024
864
4096
3616
256
-2816
-624
2480
-1456
-6896
-4000
2192
2160
-1536
-2720
-2896
-4656
-6800
-8448
-7760
-2592
1632
-1600
-6000
-2256
5824
9760
8192
3664
-1120
-3664
-3360
-1024
2656
6288
7296
3952
-1072
-2960
-2272
-2576
-2096
1904
6048
6432
4048
864
-2784
-6400
-6544
-256
6448
4432
-1808
-1536
2736
2240
-2496
-6384
-6352
-1056
5392
6304
3216
2448
2880
224
-1984
1312
6016
5872
3760
5296
7232
3424
-1856
-992
1984
-816
-5888
-5888
-3088
-2784
-2160
2720
6272
2064
-5104
-7120
-3296
2320
6192
6656
4016
-272
-2400
1168
6992
8976
7088
4512
3616
5552
6560
1568
-5968
-8976
-7184
-4384
-3312
-5216
-7072
-4320
1920
6960
6784
128
-5568
-1488
6112
5552
-1408
-6768
-7296
-2912
1424
-688
-5744
-5968
-3184
-2640
-2096
1968
6256
6160
3184
1616
2848
5136
6480
6256
3392
-2832
-7104
-3520
1456
-1392
-5904
-1968
5200
6096
3904
5280
7008
4048
-1008
-3888
-3392
144
2576
-576
-6384
-9328
-7792
-2304
1840
-1360
-5984
-2192
5968
9104
7152
4720
3856
4944
6288
5296
3232
2944
2528
-1264
-6448
-9104
-7904
-3424
1536
3424
2560
2016
3200
5152
6432
6368
3456
-2736
-6416
-2048
5872
9904
8336
2816
-1568
592
6528
9600
8160
3680
-1008
-2768
-2880
-4528
-6800
-7744
-7840
-7712
-6736
-4592
-3488
-5568
-6256
-352
5504
2240
-4864
-6128
-3904
-4432
-6144
-5136
-2880
-2464
-2176
1616
6912
8736
7360
5760
3056
-2128
-6320
-5696
-2672
-2128
-2624
64
2176
-2112
-6176
-976
5552
1472
-5232
-1312
5520
1840
-5840
-5216
688
3904
3440
192
-2752
-656
2240
-1760
-7072
-4160
2048
2096
-1568
-2720
-2784
-4576
-6896
-8608
-7888
-2640
1664
-1632
-6112
-2336
5840
9856
8336
3840
-992
-3664
-3472
-1088
2688
6352
7360
3920
-1232
-3184
-2576
-2944
-2384
1760
6032
6656
4400
960
-2976
-6544
-6576
-224
6448
4272
-2080
-1552
3008
2400
-2608
-6592
-6432
-1024
5456
6304
3088
2336
2880
256
-1952
1392
6112
5888
3696
5296
7344
3536
-1840
-1056
1888
-944
-6016
-5936
-2992
-2672
-2112
2800
6384
2096
-5168
-7200
-3360
2352
6320
6816
4112
-272
-2432
1152
7024
9056
7200
4592
3632
5616
6640
1584
-6032
-9088
-7280
-4368
-3184
-5152
-7168
-4448
1872
7040
6912
144
-5680
-1520
6272
5760
-1328
-6816
-7440
-3040
1392
-736
-5840
-5984
-3072
-2608
-2192
-5056
-4960
-1280
3552
5936
4544
-96
-3792
-2080
2592
5328
5536
4368
3488
4832
5200
400
-4224
-1488
3296
1360
-4144
-5872
-4848
-4672
-4032
-1008
2720
4752
4816
4608
4880
4336
3648
4832
5168
1168
-4224
-6544
-4960
-288
3296
768
-3712
-2112
3184
5056
4112
4064
4624
4912
5024
4656
4096
3952
4336
5072
4176
-112
-3904
-2416
2416
5888
5536
1072
-4144
-6288
-5840
-4720
-3872
-4144
-5088
-5536
-5536
-4944
-4320
-4784
-4480
-880
3648
5296
4912
5200
4544
176
-3680
-704
3920
992
-4320
-1712
3536
1216
-3552
-1328
3312
1632
-3552
-5296
-4304
-4208
-5104
-5680
-4800
-1568
2768
5600
5088
1056
-3872
-5904
-4240
-912
2592
5648
5552
16
-4848
-1344
4272
1296
-4592
-2336
4096
5776
4432
4416
3584
-48
-2880
-1600
2112
4896
5728
5232
3392
176
-3472
-5728
-4816
-720
3632
5600
5456
4208
3488
4816
5264
1232
-4128
-6064
-5552
-4896
-4560
-4880
-4128
-160
3280
960
-4240
-5984
-4704
-4304
-4816
-4464
-4192
-5232
-4992
-816
2944
512
-3392
-752
3952
1712
-4560
-6672
-4032
128
2608
240
-3344
-848
3664
1200
-3856
-2352
3280
5712
3984
608
-3040
-5888
-5424
-608
3552
1312
-4368
-6464
-4208
-800
2608
5328
5056
880
-3888
-5088
-4256
-5344
-5584
-848
3856
2208
-3088
-6304
-5296
-848
2848
1536
-2800
-5264
-5488
-5760
-4800
-288
3504
544
-4224
-2304
3616
6400
4688
-80
-3792
-1536
3952
6448
4480
-736
-4544
-1216
4144
2000
-4448
-6896
-4784
-368
4128
5152
3888
4416
4832
1152
-3728
-5056
-4384
-5120
-5184
-1600
3360
5872
4464
-240
-3920
-2208
2496
5360
5696
4464
3472
4800
5248
400
-4272
-1472
3344
1296
-4288
-5968
-4880
-4656
-3936
-976
2608
4688
4960
4944
5216
4400
3456
4768
5408
1312
-4400
-6848
-5168
-400
3184
608
-3856
-2192
3120
4944
3984
4032
4736
5008
5104
4736
4128
3904
4240
4992
4144
-144
-3920
-2384
2448
5888
5520
1104
-4128
-6304
-5856
-4800
-4048
-4288
-5056
-5376
-5376
-4992
-4576
-5104
-4752
-1056
3568
5264
4816
5056
4448
64
-3856
-864
3872
992
-4320
-1696
3568
1232
-3536
-1280
3344
1584
-3680
-5472
-4464
-4320
-5232
-5808
-4768
-1408
2896
5616
4944
816
-4048
-6032
-4352
-944
2656
5744
5616
48
-4848
-1360
4224
1296
-4560
-2352
4048
5808
4592
4656
3792
16
-2976
-1600
2320
5056
5744
5312
3568
208
-3552
-5856
-4960
-800
3584
5536
5408
4224
3504
4800
5264
1248
-4128
-6064
-5520
-4928
-4704
-4992
-4128
-112
3328
992
-4256
-6048
-4688
-4192
-4656
-4272
-4064
-5216
-5056
-1008
2688
416
-3296
-640
4064
1696
-4720
-6768
-3952
160
2448
64
-3312
-624
3888
1232
-4000
-2416
3424
5888
4016
528
-3136
-5936
-5376
-512
3696
1440
-4320
-6512
-4256
-736
2752
5392
5008
816
-3968
-5184
-4336
-5408
-5616
-848
3888
2208
-3136
-6352
-5328
-864
2832
1536
-2800
-5360
-5616
-5808
-4832
-304
3504
496
-4320
-2336
3632
6416
4688
-144
-3984
-1760
3856
6496
4576
-688
-4592
-1280
4160
2064
-4448
-6944
-4848
-416
4160
5280
4000
4480
4832
1040
-3904
-5136
-4336
-3520
-6736
-5184
-992
1120
-272
-3696
-6272
-5584
-1456
4416
7472
4176
272
3104
6576
1632
-5632
-5184
-1488
-3104
-6640
-5280
-1136
992
656
-848
-848
2608
6864
8768
7632
3344
96
3120
6656
2064
-6224
-9408
-7376
-3776
-1568
-3200
-6112
-4928
-1216
-112
-144
2640
6672
8672
7712
4144
304
-992
-96
672
-480
-3632
-6304
-5808
-1616
4496
6992
1888
-6016
-9776
-8272
-3616
-128
-2032
-6832
-9168
-7968
-4288
-464
656
736
3120
6400
7712
7648
7664
6784
3648
1344
3856
6064
592
-5808
-2352
5072
5200
1568
2672
5776
4512
864
-144
-80
-2960
-7152
-8576
-7280
-4992
-1280
3808
6768
4752
688
-480
352
-560
-752
3792
6784
720
-5984
-1568
5536
1456
-5856
-2240
5872
5984
1056
-1248
-1008
112
944
-416
-1040
3264
7472
4928
-240
-1232
0
-288
64
3056
6480
8544
7888
3440
112
3248
6720
2192
-6032
-9664
-8208
-4576
-912
816
736
448
-752
-4144
-6928
-5200
-1040
400
-288
224
-48
-3568
-6624
-5248
-1760
-208
736
4224
6304
864
-6528
-5824
-304
896
-1056
-1248
768
4352
6096
1264
-5648
-5776
-1200
368
-528
320
496
-3312
-6800
-4832
-1520
-3456
-6928
-4736
-64
256
-704
2720
6624
4944
800
-80
-272
-4288
-6960
-1872
5472
6336
1296
-4304
-6880
-5440
-1824
1120
960
-2944
-7472
-8928
-7216
-3728
-1552
-3952
-6464
-2016
5888
9200
7296
3456
1168
3312
6720
5568
208
-5440
-6752
-544
5792
1904
-6288
-6784
-816
4800
6896
4048
384
2352
6368
5008
848
-128
-224
-3568
-6848
-5328
-1120
1024
-336
-3792
-6384
-5712
-1616
4336
7552
4192
128
2960
6576
1680
-5648
-5376
-1808
-3440
-6816
-5232
-928
1296
928
-768
-1040
2400
6880
8960
7808
3376
0
3056
6720
2144
-6256
-9504
-7456
-3808
-1568
-3264
-6176
-4976
-1360
-400
-400
2592
6816
8832
7840
4240
288
-1120
-320
352
-800
-3840
-6368
-5856
-1680
4480
7088
1952
-6064
-9888
-8416
-3728
-192
-2112
-6960
-9296
-8096
-4480
-736
320
400
2960
6480
7888
7760
7760
6864
3600
1184
3776
6112
592
-5872
-2336
5200
5312
1616
2704
5904
4640
960
-48
48
-2928
-7280
-8768
-7424
-5120
-1360
3824
6864
4816
640
-592
240
-656
-752
3936
6960
752
-6096
-1616
5616
1488
-5920
-2256
5952
5984
1040
-1136
-832
128
848
-464
-896
3424
7584
5072
-80
-1184
-48
-384
-96
2928
6528
8688
8016
3520
144
3264
6768
2224
-6096
-9808
-8320
-4624
-912
848
768
448
-848
-4272
-6992
-5184
-928
576
-112
336
-16
-3632
-6752
-5440
-1984
-272
896
4416
6416
848
-6640
-5808
-128
960
-1216
-1408
816
4544
6256
1248
-5760
-5856
-1120
528
-432
272
336
-3504
-6896
-4704
-1264
-3280
-7024
-5008
-272
272
-496
2928
6688
4896
736
-80
-240
-4384
-7120
-1872
5584
6352
1104
-4608
-7088
-5456
-1664
1168
752
-3232
-7632
-9024
-7312
-3712
-1424
-3920
-6592
-2080
5968
9344
7376
3440
1072
3248
6768
5680
288
-5456
-6832
-528
5888
1888
-6400
-6768
-624
5008
7056
4096
352
2352
6464
5088
896
-64
-160
-3232
-6192
-4864
-1248
480
-880
-3808
-5792
-5152
-1536
3968
6848
3536
-64
2768
5872
1200
-5248
-4832
-1872
-3472
-6224
-4512
-592
1392
976
-784
-1072
2240
6448
8256
6944
2704
-224
2768
5968
1584
-5968
-8672
-6672
-3568
-1952
-3456
-5648
-4464
-1472
-672
-480
2368
6272
8096
7008
3472
-208
-1376
-480
144
-1056
-3744
-5824
-5344
-1648
3968
6224
1408
-5792
-9072
-7504
-2992
208
-1808
-6464
-8608
-7296
-3648
-16
1040
1168
3248
5952
7040
7072
7024
6080
3376
1760
4064
5408
48
-5312
-1808
4688
4768
1904
2912
5280
4032
1104
384
256
-2720
-6752
-7984
-6656
-4656
-1392
3344
6160
4400
896
80
736
-560
-944
3328
6016
352
-5408
-1088
4976
880
-5376
-1648
5504
5136
464
-1696
-1392
128
1264
-288
-1232
2880
6864
4144
-800
-1280
336
272
640
3200
6080
7856
7136
2800
-224
2896
6032
1696
-5824
-9008
-7520
-3936
-400
1248
1136
416
-1312
-4448
-6432
-4384
-496
736
112
592
176
-3232
-6096
-5024
-2096
-304
1264
4480
5648
256
-6160
-4896
288
832
-1488
-1328
1280
4560
5440
704
-5280
-5280
-1424
-272
-960
256
688
-2880
-6192
-4576
-1936
-3776
-6448
-3840
464
256
-944
2288
6016
4592
1072
432
-16
-3968
-6288
-1488
5072
5824
1328
-3808
-6288
-5200
-2048
864
1104
-2592
-7040
-8320
-6512
-3504
-1984
-4160
-5856
-1424
5632
8384
6528
3232
1568
3584
6224
4608
-560
-5472
-6032
-64
5248
1248
-5984
-5856
-80
4928
6320
3264
-48
2032
5824
4624
1088
352
64
-3232
-6272
-4992
-1376
384
-944
-3872
-5872
-5264
-1696
3904
6896
3520
-240
2608
5872
1248
-5248
-4976
-2176
-3792
-6352
-4432
-416
1648
1216
-752
-1280
2016
6432
8368
7040
2688
-320
2704
6000
1616
-6000
-8736
-6720
-3632
-2016
-3504
-5680
-4496
-1600
-912
-688
2352
6368
8224
7120
3552
-224
-1472
-656
-128
-1344
-3920
-5840
-5344
-1696
3984
6336
1488
-5824
-9200
-7664
-3120
160
-1904
-6592
-8704
-7376
-3808
-256
768
928
3152
6064
7232
7216
7120
6144
3344
1632
3984
5440
80
-5344
-1824
4768
4880
1952
2960
5376
4160
1184
480
352
-2688
-6848
-8128
-6768
-4752
-1456
3344
6240
4448
864
-16
640
-608
-928
3456
6144
352
-5504
-1120
5056
944
-5392
-1616
5568
5120
432
-1616
-1264
128
1168
-304
-1104
3008
6960
4304
-624
-1232
288
176
448
3104
6144
7968
7216
2864
-208
2912
6096
1728
-5856
-9104
-7600
-3968
-400
1264
1152
432
-1376
-4560
-6512
-4368
-384
912
288
704
208
-3280
-6176
-5120
-2224
-368
1392
4640
5728
240
-6240
-4864
432
864
-1648
-1472
1344
4720
5552
704
-5376
-5344
-1344
-112
-864
224
544
-3072
-6304
-4512
-1712
-3616
-6544
-4128
240
304
-720
2480
6064
4560
992
416
0
-4064
-6400
-1472
5184
5824
1120
-4080
-6496
-5232
-1936
912
912
-2848
-7184
-8400
-6592
-3488
-1872
-4144
-5984
-1472
5744
8496
6576
3200
1472
3536
6288
4752
-480
-5520
-6096
-64
5280
1216
-6064
-5840
96
5104
6416
3264
-80
2048
5872
4688
1152
416
112
