-2832
-3664
-1920
-208
64
-1120
-3136
-3952
-2416
592
3328
3296
512
-80
2832
3008
-1392
-3680
-1536
-704
-2928
-3504
-1152
816
1024
240
-656
-48
2208
4064
4528
3216
544
192
2880
3088
-896
-4224
-4592
-3216
-1328
-1056
-2928
-3680
-1920
-560
-704
-16
2112
4016
4528
3216
768
-848
-976
-448
-192
-1264
-3280
-3904
-2288
672
3488
3136
-960
-4784
-5296
-3120
-272
368
-1936
-4288
-4656
-3360
-976
704
608
848
2720
4192
4048
3712
3904
3072
992
896
3312
2752
-1888
-3248
1120
3872
1824
704
2864
3888
1952
432
624
-32
-2416
-4288
-4432
-3664
-2288
144
2896
3712
1952
144
192
272
-608
368
3344
2848
-2016
-3216
1664
3360
-1472
-3424
1056
3920
1648
-768
-784
-48
0
-192
-656
272
2720
3360
1152
-560
-176
192
-112
816
2944
4480
4704
3088
384
256
3024
3280
-768
-4384
-4832
-3344
-1136
544
624
192
176
-832
-3008
-3504
-1360
512
576
560
960
-224
-2880
-3728
-1600
192
-16
848
3440
2864
-1680
-3920
-1728
304
256
-272
-448
1024
3792
3248
-1408
-3968
-1888
240
16
-176
400
-608
-3184
-3632
-1232
-464
-2752
-3584
-1376
32
-464
304
2880
3664
1584
112
528
-544
-3392
-3072
1168
3936
2624
-544
-3184
-3664
-1744
432
880
-480
-2608
-4144
-4432
-3088
-832
-752
-3264
-3216
1136
4896
5184
3200
704
448
2768
3728
1808
-1200
-3760
-2784
1936
3280
-1184
-4160
-2176
1264
3696
3584
864
-176
2272
3600
1584
16
432
-304
-2928
-3888
-1968
160
512
-848
-2864
-3600
-2144
736
3344
3152
512
208
3200
3248
-1472
-4064
-1792
-624
-2944
-3840
-1456
672
848
-48
-800
112
2576
4448
4784
3280
576
208
2928
3328
-640
-4304
-4784
-3168
-1040
-688
-2704
-3616
-1808
-304
-400
176
2224
4192
4800
3472
1056
-464
-624
-144
304
-640
-3040
-4208
-2544
1040
4096
3376
-960
-4624
-5184
-3216
-400
240
-2208
-4592
-4768
-3312
-1184
80
0
592
2656
4128
4144
4160
4560
3488
1024
816
3392
2912
-1968
-3456
1104
3936
1680
432
2816
3936
1856
160
320
-240
-2528
-4432
-4640
-3712
-2048
688
3344
3552
1408
-48
288
272
-688
288
3360
2944
-2032
-3264
1712
3280
-1680
-3520
1040
3840
1600
-672
-656
-128
208
112
-560
256
2896
3616
1296
-416
-32
272
-80
528
2384
4144
4688
2896
-144
-208
2912
3232
-1056
-4848
-5104
-3232
-816
688
560
192
160
-1072
-3296
-3584
-1264
688
640
272
528
-496
-3088
-3984
-1872
-80
-192
832
3392
2848
-1424
-3632
-1552
464
256
-352
-352
944
3408
3088
-1232
-3904
-2128
-128
-160
32
800
-272
-2992
-3584
-1200
-352
-2688
-3520
-1040
480
-384
128
2832
3808
1728
272
784
-272
-3328
-3120
1296
4144
2720
-464
-3072
-3776
-2192
64
1056
64
-2320
-4416
-4960
-3632
-1280
-896
-3120
-3216
736
4384
4880
3184
880
592
2768
3792
1872
-1360
-3952
-2720
1984
3088
-1424
-4240
-2176
1232
3648
3664
1168
288
2672
3808
1712
160
592
-144
1248
-1168
-2832
-3440
-3424
-2544
-1008
-864
-2592
-2944
-656
272
-1808
-2960
-1104
944
704
-1200
-2880
-3088
-1856
128
2080
3600
4064
2048
-1824
-3536
-1552
992
1552
80
-2320
-3056
-992
864
352
-512
-400
-1056
-2816
-3024
-1312
-640
-2064
-3744
-4208
-3088
-832
960
1264
16
-2208
-3744
-3632
-3312
-3632
-3056
-1312
-928
-2528
-2848
-624
1056
496
-736
-1232
-160
2240
3136
1216
-1072
-1600
-320
2000
3664
3680
2640
1248
272
304
560
512
1232
2528
2688
1584
496
-272
-736
-464
1040
2896
2992
1344
800
2224
3632
3792
2704
624
-720
-560
-976
-2512
-2896
-1152
1008
2448
3520
4032
2368
-1328
-3216
-1248
912
464
-480
64
656
64
-384
224
240
-1488
-3584
-4224
-2080
1872
2688
-1104
-3040
-368
880
-1744
-2688
512
3664
4000
2864
1552
832
1040
352
-2032
-2800
-592
1056
160
-1216
-1408
-384
1616
3760
4464
2320
-1328
-3104
-2112
-32
2016
3232
3184
3008
3264
2864
1184
-1376
-3408
-2352
1248
3248
2304
576
-656
-160
2176
2144
-1568
-2864
624
3280
2320
912
192
-1168
-2608
-3456
-3792
-2096
1552
3328
1376
-1552
-2928
-2912
-2112
0
2704
2416
-1280
-3264
-1152
1600
2800
3488
3792
2592
304
-1120
-480
1440
3024
2912
928
-1904
-3808
-2480
1456
3264
1088
-928
-704
-1024
-2608
-3040
-1904
-672
336
928
912
1504
2768
3088
2048
112
-2224
-3184
-2096
-512
640
752
-368
-528
1488
3072
2352
240
-2080
-2976
-1216
1344
2720
3456
3856
2720
384
-1648
-2960
-3632
-3488
-2352
-896
-960
-2832
-3040
-448
448
-1952
-2960
-656
1296
512
-1552
-2912
-2976
-1888
-16
1888
3392
3920
2112
-1472
-2960
-960
1312
1456
-176
-2512
-3216
-1040
1072
480
-736
-736
-1360
-2960
-2928
-1328
-1072
-2592
-3728
-3648
-2544
-560
1344
1728
256
-1936
-3344
-3408
-3184
-3440
-3008
-1520
-1280
-2864
-2944
-448
1200
304
-1104
-1472
-288
1952
2768
976
-1168
-1568
-320
1728
3408
3664
2704
1312
512
736
880
576
1328
2992
3344
2016
576
-352
-928
-624
1008
2896
3008
1504
944
2224
3536
3696
2624
464
-1120
-1040
-1280
-2784
-3120
-1120
1264
2560
3504
4112
2256
-1744
-3344
-1008
976
176
-848
-64
736
-32
-640
240
384
-1552
-3712
-4272
-2240
1664
2608
-1184
-3312
-720
512
-2000
-2608
768
3760
4032
2880
1344
544
960
256
-2304
-3088
-944
672
144
-1024
-1504
-464
1696
3632
4176
2368
-1088
-3104
-2304
-288
1696
2992
3232
3408
3696
2800
688
-1776
-3600
-2528
1216
3328
2208
288
-944
-256
2272
2208
-1600
-2928
512
3120
2272
896
-16
-1488
-2848
-3616
-4000
-2464
1248
3280
1424
-1680
-3168
-3056
-2144
-64
2560
2352
-1248
-3328
-1408
1392
2832
3568
3696
2480
336
-1168
-864
1040
2976
3168
1280
-1536
-3472
-2352
1376
3248
1216
-800
-624
-976
-2560
-2864
-1712
-656
144
608
560
1152
2688
3328
2112
-208
-2432
-3056
-1872
-416
464
544
-288
-208
1728
3152
2288
-64
-2480
-3232
-1360
1392
2960
3408
3472
2752
1136
-1072
-2928
-4016
-4128
-2688
-640
-880
-3184
-3280
-656
-112
-2544
-3328
-1104
944
928
-736
-2768
-3296
-1664
816
2816
4240
4544
2128
-2000
-3488
-1216
1120
1200
-544
-2912
-3312
-976
848
384
-208
-48
-1040
-2976
-2912
-912
-576
-2624
-4288
-4208
-2832
-768
880
1056
-352
-2496
-3712
-3552
-3568
-3936
-2832
-736
-720
-2800
-3216
-1088
576
496
-192
-432
816
2976
3408
1536
-320
-736
368
2432
4128
4336
3104
1264
208
272
192
0
1328
3344
3376
1504
192
32
-256
-416
1136
3392
3216
1056
736
2784
4432
4608
3296
912
-288
48
-800
-2976
-3456
-1424
1232
3040
4320
4848
2496
-2016
-3680
-1200
912
496
-256
48
352
32
-16
384
-272
-2224
-4192
-4816
-2224
2368
2880
-1456
-3392
-704
-48
-2816
-2752
1312
4336
4400
3104
1328
400
816
-64
-2768
-3312
-800
1008
496
-624
-960
32
2112
4160
4656
2224
-1888
-3760
-2144
672
2976
4128
4032
3888
4064
3264
1248
-1472
-3600
-2320
1824
3776
2080
-32
-704
672
3248
2528
-1712
-2496
1664
3808
1888
336
192
-752
-2544
-4096
-4432
-2080
1920
3664
1680
-1536
-3328
-3232
-1808
976
3632
2624
-1616
-3696
-1584
1360
3008
3920
4128
2960
848
-720
-480
1392
3312
3408
1392
-1696
-3856
-2336
2016
3776
1280
-768
-624
-1440
-3360
-3344
-1424
0
416
336
320
1456
3248
3616
2032
-528
-2800
-3072
-1504
-32
608
448
-208
464
2672
3632
2192
-512
-3072
-3520
-1232
1520
3184
4128
4208
3008
928
-1264
-2928
-3904
-4064
-2752
-752
-864
-3136
-3296
-544
64
-2624
-3472
-976
976
480
-1232
-2960
-3472
-1952
592
2784
4416
4800
2224
-2016
-3424
-1184
1088
1360
-224
-2704
-3248
-944
832
240
-416
-224
-1136
-2992
-2928
-1040
-688
-2464
-4064
-4208
-2896
-688
1008
1184
-256
-2528
-3856
-3712
-3632
-3888
-2848
-976
-1136
-3168
-3264
-736
944
496
-512
-928
352
2880
3440
1232
-800
-944
320
2368
4096
4256
2912
1136
240
384
416
304
1504
3360
3344
1472
-16
-400
-512
-192
1424
3296
3136
1344
1008
2688
4128
4272
2992
704
-576
-384
-1152
-3136
-3408
-1168
1408
2976
4176
4672
2352
-1952
-3408
-880
1024
224
-544
144
480
-272
-352
480
80
-1968
-4080
-4672
-2016
2560
2976
-1584
-3456
-464
384
-2496
-2672
1376
4560
4576
2960
1104
384
848
-208
-2832
-3152
-704
912
448
-560
-816
384
2576
4448
4784
2432
-1648
-3632
-2112
640
2848
3760
3776
3872
4160
3488
1584
-1328
-3776
-2416
1904
3712
1856
-112
-576
912
3296
2272
-2032
-2624
1632
3680
1584
96
208
-752
-2640
-4064
-4320
-1984
2112
3984
2064
-1248
-3424
-3584
-1920
1120
3744
2656
-1712
-3888
-1680
1440
3200
4240
4544
3344
1072
-736
-688
1408
3712
3904
1792
-1376
-3664
-2304
2000
3840
1552
-272
128
-624
-2912
-3280
-1312
176
240
-48
64
1248
3168
3712
2176
-432
-2736
-3120
-1520
0
512
352
-32
720
2752
3648
2128
-608
-2944
-3280
-1216
1456
3248
4112
4096
3104
-2736
-3280
-1312
480
576
-848
-2768
-3280
-1728
1008
3488
3328
800
528
3104
2784
-1376
-3120
-1088
-576
-2640
-2944
-688
1072
1040
96
-464
560
2640
4336
4864
3264
544
672
3392
3072
-1040
-4080
-4224
-2656
-512
-320
-2496
-3232
-1296
64
-64
720
2688
4208
4464
3184
1008
-416
-480
144
464
-688
-2736
-3488
-1952
1264
3872
2768
-1232
-3968
-4064
-2368
-144
128
-2032
-3920
-4032
-2544
-288
832
544
1072
2896
4128
4032
3808
4128
3408
1344
1408
3680
2528
-2048
-2560
1856
3856
1632
816
2864
3536
1680
384
528
-160
-2272
-3824
-3824
-3008
-1552
976
3360
3504
1680
336
224
-128
-704
960
3920
2720
-2096
-2432
2320
2960
-1712
-2736
1568
3664
1360
-640
-432
336
672
176
-528
672
3264
3600
1296
-160
256
416
176
1232
3152
4464
4560
2832
288
576
3408
3264
-976
-4272
-4144
-2352
-384
800
672
384
400
-768
-2736
-2720
-496
1008
864
768
992
-160
-2576
-3328
-1424
144
160
1440
3808
2688
-1616
-3136
-880
592
208
-192
-64
1440
3744
2720
-1648
-3552
-1504
224
176
320
720
-448
-2736
-2992
-1008
-704
-2736
-2912
-560
464
-368
448
3072
3824
1776
432
816
-400
-2976
-2208
1888
4048
2352
-752
-3024
-3168
-1312
688
1152
-208
-2432
-4016
-4160
-2672
-496
-704
-3056
-2544
1680
4944
5088
3248
1152
1200
3104
3488
1456
-1536
-3760
-2032
2576
3072
-1280
-3488
-1456
1552
3712
3344
720
256
2800
3680
1808
720
896
-432
-2992
-3456
-1520
224
400
-912
-2752
-3184
-1616
1040
3424
3168
560
384
3168
2864
-1504
-3392
-1136
-368
-2464
-2912
-688
880
880
336
-96
672
2752
4480
4672
2864
352
688
3360
2928
-1184
-4160
-4224
-2624
-784
-800
-2640
-3040
-1216
32
-16
832
2976
4544
4496
2928
752
-448
-208
464
528
-848
-2960
-3568
-1808
1376
3856
2848
-1216
-4304
-4320
-2224
80
144
-2128
-3984
-4080
-2704
-464
832
544
896
2800
4240
4272
4064
4080
3024
1072
1312
3520
2368
-2112
-2480
2112
4000
1568
768
2912
3600
1696
304
448
-144
-2128
-3680
-3824
-2992
-1312
1232
3488
3616
1664
288
496
320
-528
704
3536
2624
-1952
-2384
2320
2992
-1712
-2608
1856
3904
1536
-464
-384
256
576
112
-448
1008
3616
3648
1168
-176
288
416
192
1184
3024
4400
4640
3056
656
864
3248
2720
-1264
-4096
-4032
-2544
-512
880
816
448
416
-768
-2816
-2960
-784
864
736
624
864
-416
-2848
-3360
-1312
224
160
1296
3568
2592
-1568
-3072
-752
816
352
-48
304
1888
3936
2736
-1728
-3744
-1584
336
128
128
768
-416
-2960
-3072
-768
-512
-2752
-2992
-560
624
-32
704
2992
3552
1744
608
848
-496
-3120
-2320
1920
4192
2576
-432
-2720
-3088
-1440
528
1136
-48
-2208
-3712
-3792
-2320
-352
-720
-3024
-2384
1808
4752
4736
3168
1184
976
2912
3600
1600
-1456
-3568
-2048
2176
2704
-1360
-3376
-1184
1872
3712
3056
432
112
2880
3840
1728
416
656
-464
