2160
-64
-2352
-4048
-4736
-3280
-384
160
-2352
-3264
-1104
-432
-2672
-3808
-2080
304
1264
-48
-2608
-3440
-1408
1328
2976
4320
5168
3008
-1680
-3984
-2288
-80
304
-848
-2752
-3360
-1776
-64
400
768
1184
-208
-2928
-3168
-512
480
-1824
-4080
-4272
-3056
-1232
240
384
-864
-2704
-3904
-4048
-4096
-4192
-2704
64
400
-2416
-3888
-2016
192
928
720
336
1200
3296
3856
1984
128
80
1344
2880
4080
4496
3376
912
-880
-800
-496
-768
352
3040
3728
1392
-272
384
592
-448
320
3072
3488
992
176
2368
4368
4608
3504
1584
592
1056
352
-2176
-3568
-2208
480
2784
4448
5072
2896
-1504
-3744
-2144
160
896
368
-432
-416
352
768
336
-832
-2464
-4144
-4912
-2432
2336
3424
-1056
-3728
-1360
-432
-3024
-3136
1024
4720
5232
3552
1152
-144
96
-576
-2896
-3680
-1728
288
704
272
64
848
2624
4672
5424
2944
-1648
-3744
-1808
1200
3344
4336
4256
4144
4336
3728
2144
-400
-3264
-2704
1808
4128
1888
-384
-384
1312
3776
3120
-1520
-3072
1280
4112
1840
-272
192
-48
-2160
-4288
-4960
-2736
1696
4304
2752
-752
-3216
-3488
-1824
1136
3824
3072
-1184
-3776
-2016
976
2912
4256
4672
3520
1552
-80
-592
816
3184
4000
2400
-688
-3600
-3024
1392
3952
1984
192
720
-64
-2704
-3216
-1008
544
432
-128
-416
720
3184
3984
1920
-1056
-3248
-3248
-1024
608
368
-240
-208
928
3024
3728
1872
-848
-2992
-3664
-2112
720
3072
4256
4352
3504
1840
-480
-2704
-4032
-4352
-3024
-464
80
-2368
-3456
-1328
-464
-2608
-3584
-1536
640
960
-528
-2800
-3584
-1776
832
2768
4432
5328
3120
-1520
-3712
-1760
448
448
-944
-2784
-3376
-1600
304
528
656
1216
-80
-2864
-3200
-704
240
-1792
-3920
-4336
-3312
-1408
272
656
-544
-2592
-3808
-3648
-3744
-4288
-2912
-80
96
-2624
-3536
-1360
480
768
480
0
624
2816
3776
2112
192
-80
1056
2832
4320
4656
3344
1056
-336
-224
-96
-352
640
2864
3472
1488
-192
160
480
-224
560
3168
3664
1152
160
2432
4592
4720
3440
1424
336
656
-96
-2464
-3520
-1936
704
2848
4384
5088
2976
-1696
-4128
-2224
240
672
240
-16
-64
160
560
560
-496
-2320
-3968
-4592
-2240
2512
3680
-816
-3824
-1696
-544
-2912
-3040
1120
4752
5136
3472
1024
-560
-384
-720
-2704
-3504
-1792
176
736
304
48
848
2576
4464
5248
2992
-1536
-3728
-1648
1552
3424
4112
4048
4032
4368
3936
2288
-480
-3344
-2752
1648
4016
1872
-528
-624
1248
3840
3104
-1632
-3136
1280
4112
1904
32
400
-240
-2352
-4224
-4848
-2624
1696
4096
2752
-400
-3024
-3504
-1632
1520
4112
3296
-864
-3632
-2304
560
2704
4160
4608
3648
1872
-64
-1104
288
3136
4272
2720
-368
-3296
-2736
1600
4144
2208
320
704
-144
-2912
-3520
-1008
928
592
-304
-496
640
2864
3808
2064
-1072
-3456
-3216
-752
880
528
-128
0
1248
3312
3888
1792
-1104
-2992
-3312
-1808
720
2928
4240
4528
3824
2592
2752
656
-1264
-1520
16
2560
3392
1280
-1488
-2992
-2816
-1248
-1040
-3088
-2800
1152
2880
384
-816
1344
2672
1552
576
752
848
128
-1280
-2848
-3856
-4048
-2976
-1088
-1136
-3328
-3168
608
3744
4144
2528
32
-384
2048
3088
992
-896
-944
-1200
-2496
-3664
-3888
-3104
-1744
-720
-400
-736
-1072
-64
2128
2960
1248
-1552
-3392
-2448
928
3664
3920
2544
928
592
1984
3408
3552
2640
1248
592
784
-32
-2256
-3712
-3568
-3520
-4080
-3216
-560
32
-2416
-2464
1312
2368
-1312
-3184
-816
256
-2096
-3200
-1056
768
752
1040
2192
3072
3232
2624
944
-1440
-3296
-3216
-1328
400
768
656
400
-1104
-3296
-2464
1600
2448
-1760
-3232
736
2416
-1200
-3648
-2096
-464
-640
-768
320
1120
240
-1776
-3232
-3024
-1824
-816
-32
944
1360
208
-1936
-3568
-3824
-2736
-1344
-1552
-3040
-2480
896
3648
3920
3056
1936
1008
784
336
-816
-624
1584
2800
1648
464
528
560
384
1328
3024
3072
704
-896
128
80
-2448
-2512
1168
3360
2192
496
-656
-832
448
352
-2288
-2528
1168
3040
752
-1680
-1888
-1152
-320
1264
3088
2800
160
-896
1424
3280
2320
768
-96
-1504
-3248
-3072
-704
1088
1040
1552
3200
2416
-1328
-3376
-1616
1424
3296
2928
528
-1424
-864
1168
2752
3616
3856
2592
48
-368
2240
2880
-496
-3728
-4256
-2608
0
640
-1680
-3456
-2656
-176
2624
2400
-1456
-2800
720
3392
2288
-176
-2304
-2912
-1680
-1296
-2768
-3072
-832
1024
928
1232
2880
2976
608
-1520
-1920
-512
2032
3104
1168
-1680
-3312
-2992
-1312
-1104
-3040
-2592
1392
3104
448
-752
1824
3280
1696
528
960
1040
64
-1440
-2912
-3776
-3728
-2560
-1024
-1328
-3104
-2640
704
3584
4224
2624
-64
-624
1824
2944
816
-1056
-1104
-1424
-2656
-3488
-3584
-2832
-1568
-928
-992
-1264
-1504
-480
2032
3136
1200
-1824
-3568
-2512
896
3648
3952
2736
1376
1104
2384
3568
3472
2560
1424
880
1088
368
-1808
-3376
-3392
-3376
-3952
-3056
-160
592
-2208
-2560
1536
2800
-1328
-3472
-720
704
-1760
-3008
-784
1120
992
1168
2400
3392
3472
2528
624
-1680
-3328
-2960
-752
1056
1184
560
-48
-1552
-3424
-2352
1696
2560
-1376
-2752
1088
2656
-976
-3664
-2400
-816
-992
-1072
32
960
400
-1424
-3120
-3408
-2224
-768
96
704
1168
336
-1936
-3856
-4096
-2736
-992
-1152
-3072
-2800
768
3744
3984
2848
1440
672
896
640
-576
-320
1936
3072
1792
512
624
768
512
1296
2992
2928
432
-960
368
480
-2096
-2576
800
3264
2352
464
-800
-832
512
384
-2240
-2576
1072
2976
624
-1712
-1632
-880
-192
1360
3184
2800
192
-704
1456
2848
1760
656
176
-1264
-3136
-3024
-880
640
512
1264
3296
2688
-1200
-3552
-1776
1552
3568
3008
512
-1280
-656
1280
2784
3648
3904
2480
-192
-400
2304
2704
-832
-3968
-4448
-2800
-16
768
-1776
-3776
-2768
48
2768
2208
-1744
-2992
528
3168
2256
-64
-2272
-2800
-1312
-1024
-2848
-3104
-736
1008
960
1504
3248
3312
1152
-656
-832
656
2960
3648
1648
-1456
-3488
-2912
-704
-752
-3056
-2256
2112
3616
1040
272
2688
3552
1632
160
272
624
448
-640
-2480
-3952
-4192
-2688
-512
-784
-3104
-2448
1680
4768
4944
2992
384
224
2752
3504
1344
-192
-176
-832
-2592
-3952
-3968
-2736
-1040
-48
-16
-480
-656
704
3056
3696
1680
-1504
-3648
-2480
1488
4560
4816
3056
912
576
2480
4272
4464
3136
1008
0
448
-128
-2400
-3968
-3952
-3872
-4080
-2816
-352
-432
-3072
-2336
2224
2928
-1552
-3504
-832
192
-2192
-2976
-832
544
304
928
2768
4160
4368
3456
1520
-1152
-3344
-3136
-832
800
640
368
432
-1088
-3520
-2304
2240
2624
-2016
-2672
2096
3136
-1392
-3632
-1456
208
-64
-112
128
608
448
-1040
-2944
-3088
-1392
64
464
864
1024
-336
-2640
-4128
-4224
-2752
-688
-928
-3104
-2528
1504
4528
4544
3088
1344
432
656
368
-528
384
2912
3552
1760
496
768
736
224
1216
3296
3232
688
-464
576
-144
-2848
-2400
1664
3616
1888
96
-400
-48
784
-192
-2912
-2272
2128
3952
1472
-688
-672
-336
-80
1392
3312
2928
480
112
2624
3680
1776
224
144
-864
-3024
-3232
-816
816
512
1536
3792
2672
-1632
-3584
-1440
1824
3728
3344
1104
-688
-272
1552
3152
4144
4432
2864
176
208
2960
2976
-1008
-4336
-4624
-2528
176
240
-2304
-3456
-1904
960
3696
2720
-1760
-2752
1344
3872
2320
-480
-2768
-2944
-1024
-768
-2880
-3152
-720
784
544
1280
3200
3408
1264
-912
-1328
352
2896
3584
1504
-1488
-3376
-2816
-720
-832
-3312
-2592
2016
3744
1040
192
2576
3264
1408
224
384
656
336
-1024
-2848
-3968
-4048
-2736
-688
-912
-3072
-2400
1696
4736
4864
2976
432
192
2672
3424
1072
-512
-272
-880
-2688
-3984
-4128
-2944
-1056
-48
-192
-736
-880
464
2816
3472
1408
-1728
-3696
-2448
1440
4432
4672
3024
1104
880
2640
4272
4400
3184
1344
448
720
32
-2256
-3872
-3840
-3792
-4080
-2672
-16
-288
-3280
-2672
2080
3088
-1424
-3584
-848
320
-2160
-3056
-752
848
704
1296
2944
4048
4000
3104
1216
-1440
-3504
-3184
-848
1008
1200
832
368
-1424
-3584
-2000
2560
2768
-1936
-2656
2000
3120
-1152
-3504
-1776
-224
-336
-336
288
800
512
-1120
-3120
-3296
-1408
240
528
752
1184
272
-2016
-3840
-4096
-2592
-656
-1056
-3200
-2560
1392
4368
4560
3248
1408
320
640
528
-400
448
2960
3648
1936
336
416
368
96
1072
3088
3344
1120
-208
544
-352
-3088
-2480
1824
3680
1648
-128
-352
-48
480
-656
-3280
-2448
2064
3872
1472
-496
-432
-192
-80
1312
3376
3120
720
336
2752
3616
1664
256
272
-832
-3056
-3328
-1168
272
80
1344
3824
2816
-1632
-3840
-1840
1472
3616
3456
1360
-432
-304
1216
2960
4224
4480
2800
208
480
3248
3056
-976
-4144
-4480
-2768
-352
-176
-2512
-3568
-2000
928
3520
2464
-1840
-2720
1408
4032
2336
-880
-3248
-3072
-896
-608
-2832
-3216
-848
576
272
1248
1760
-384
-2768
-4384
-4496
-2720
-256
-304
-2944
-3616
-1344
-816
-2976
-3600
-1536
608
1104
-464
-2736
-3120
-1152
1248
2960
4272
4560
2144
-1904
-3488
-1664
400
576
-1024
-3120
-3456
-1520
288
576
576
768
-688
-3248
-3152
-528
48
-2208
-4112
-4320
-3120
-1152
208
272
-832
-2800
-4064
-3760
-3616
-4080
-2880
-272
-48
-2480
-3248
-1312
368
768
528
128
1024
3072
3440
1584
-48
-160
1040
2960
4400
4528
3152
848
-496
-272
-304
-672
896
3552
3472
688
-848
-96
128
-528
704
3280
3216
672
48
2240
4112
4208
2976
1168
320
528
-512
-2880
-3632
-1696
1104
3120
4384
4608
2192
-1984
-3664
-1728
304
576
240
0
-80
112
416
336
-704
-2496
-4256
-4608
-1712
2800
3040
-1488
-3504
-1072
-544
-3120
-2800
1456
4560
4480
2800
672
-496
-192
-864
-2944
-3312
-1376
336
704
336
256
1216
2960
4640
5040
2384
-2016
-3584
-1232
1760
3520
4032
3808
3888
4112
3456
1792
-1056
-3776
-2560
1952
3712
1440
-592
-448
1536
3824
2416
-2192
-2800
1712
3712
1184
-320
320
-368
-2608
-4512
-4800
-2080
2224
3968
2128
-880
-3088
-3264
-1168
2016
4016
2352
-1872
-3904
-2096
800
2992
4288
4224
3056
1552
-80
-848
624
3136
3824
2096
-1072
-3664
-2464
1968
3872
1712
256
736
-544
-3280
-3280
-704
624
96
-672
-880
448
2864
3392
1328
-1392
-3184
-2944
-880
544
336
-224
-96
1200
3056
3392
1392
-1376
-3232
-3264
-1552
864
2944
4208
4336
3424
1648
-656
-2736
-4064
-4304
-2640
-208
-448
-3072
-3328
-800
-448
-2784
-3440
-1472
560
1008
-528
-2928
-3456
-1360
1248
3040
4464
4864
2224
-2192
-3712
-1552
512
512
-960
-2912
-3360
-1472
304
528
576
800
-640
-3152
-3232
-800
-64
-2144
-4112
-4352
-3168
-1264
160
240
-928
-2736
-3872
-3712
-3648
-3920
-2576
-112
-112
-2608
-3376
-1392
288
544
192
-80
976
3168
3568
1520
-288
-288
1056
2928
4288
4336
2992
816
-528
-448
-496
-704
832
3312
3456
1168
-256
176
160
-656
544
3344
3392
624
0
2480
4400
4320
3072
1312
560
848
-352
-2928
-3648
-1648
1040
2944
4256
4624
2256
-2016
-3728
-1648
464
608
240
112
-64
-48
352
432
-640
-2544
-4256
-4560
-1808
2560
2880
-1536
-3616
-1232
-576
-2976
-2640
1600
4848
4848
2928
704
-256
48
-768
-2896
-3392
-1600
240
752
336
80
944
2672
4384
4784
2224
-2128
-3872
-1696
1248
2992
3840
4064
4192
4208
3424
1728
-1056
-3696
-2448
2096
3776
1264
-800
-432
1696
3984
2528
-2128
-2704
1776
3712
1248
-112
512
-256
-2400
-4160
-4400
-1840
2240
4016
2240
-960
-3200
-3168
-1232
1568
3696
2448
-1728
-4032
-2384
592
2896
4256
4208
2944
1232
-368
-880
672
3088
3840
2256
-896
-3584
-2416
2048
3968
1696
128
672
-432
-3024
-3088
-720
528
32
-640
-688
688
2960
3472
1408
-1504
-3472
-3008
-736
576
272
-256
-128
1328
3408
3616
1472
-1184
-3120
-3504
-1792
976
3248
4480
4480
3312
