-1056
-4848
-4960
-2528
-1056
-1584
-3472
-5200
-5152
-2832
1584
5040
2880
-1328
496
4848
2176
-4240
-5024
-2272
-3136
-5392
-3440
800
2976
2400
-80
-1904
96
4256
6672
6032
2128
-1520
624
4832
2496
-4032
-7088
-6064
-3632
-1792
-2848
-5232
-4592
-2048
-1648
-1888
624
4480
6592
6016
2880
-800
-2400
-1936
-1088
-1296
-3232
-5280
-5264
-2624
2144
5280
2256
-4080
-7424
-6304
-2256
1296
112
-4352
-6928
-6096
-2832
976
2336
1888
2912
4960
5632
5328
5456
5472
3744
1968
3664
5568
1168
-4784
-2544
4112
5120
2256
2720
5072
4400
2128
1856
2000
-640
-4640
-6400
-5760
-4624
-2656
1232
4784
4736
2416
1760
2080
0
-2096
928
4992
1504
-4720
-2064
4544
2064
-4608
-2512
4256
4272
-624
-3008
-2304
-256
1520
320
-1696
784
4896
3536
-944
-1488
1072
1856
1584
2912
4928
6272
5936
2176
-1536
736
4944
2592
-4000
-7280
-6224
-3008
736
2608
2048
720
-1168
-4080
-5680
-3312
880
2544
1904
2176
2192
-928
-4832
-5184
-2592
-464
1168
4224
5808
1328
-4720
-3936
832
1344
-1248
-1584
768
4224
5776
1712
-4432
-5424
-2464
-1536
-2016
-144
1744
-720
-4832
-4704
-2224
-3184
-5488
-3152
1120
784
-1632
288
4544
4896
2256
1808
2112
-1552
-5328
-2272
4112
5968
2896
-1536
-4864
-5248
-2816
432
1952
-288
-4496
-6656
-6000
-3760
-2048
-3616
-5616
-2240
4016
6832
5904
3568
1904
3216
5312
3792
-544
-4816
-6048
-1136
4752
2336
-4304
-4672
336
4608
5744
2720
-1328
-64
4432
4832
2064
1616
2000
-1024
-4944
-4992
-2400
-896
-1472
-3472
-5280
-5120
-2656
1792
5168
2960
-1280
576
4960
2192
-4368
-5088
-2176
-3072
-5472
-3600
592
2640
2080
-160
-1760
288
4416
6800
6144
2224
-1440
768
4976
2528
-4128
-7200
-6144
-3712
-1904
-2960
-5296
-4624
-2128
-1792
-1952
688
4544
6624
6048
2864
-912
-2496
-1968
-1136
-1440
-3360
-5312
-5376
-2896
1904
5248
2336
-4032
-7408
-6336
-2256
1376
224
-4336
-6992
-6224
-2928
896
2176
1664
2800
5040
5840
5568
5728
5696
3760
1744
3488
5616
1248
-4912
-2720
4096
5152
2176
2624
5088
4448
2112
1808
2048
-544
-4656
-6544
-5920
-4736
-2688
1280
4896
4800
2352
1584
1936
16
-1952
1104
5136
1568
-4784
-2144
4608
2128
-4688
-2576
4336
4400
-528
-2928
-2256
-272
1504
288
-1776
752
4912
3488
-1056
-1552
1056
1872
1600
2944
5024
6368
5968
2224
-1456
800
5008
2608
-4064
-7408
-6352
-3136
560
2384
1872
752
-960
-3936
-5760
-3552
624
2288
1712
2000
2000
-1120
-4944
-5120
-2400
-432
992
4096
5824
1360
-4752
-4032
720
1280
-1232
-1552
752
4208
5776
1696
-4480
-5456
-2416
-1392
-1856
-96
1648
-864
-4912
-4672
-2064
-3088
-5584
-3360
960
784
-1552
384
4608
4832
2128
1744
2080
-1600
-5392
-2320
4144
6048
2848
-1728
-5056
-5296
-2768
464
1888
-416
-4592
-6720
-6080
-3776
-1968
-3584
-5696
-2288
4096
6912
5936
3616
1952
3264
5328
3728
-704
-4944
-6080
-1088
4800
2320
-4416
-4768
400
4720
5792
2656
-1456
-176
4448
5024
2352
1856
2160
3424
3856
1744
-1600
-3552
-3040
160
3328
2336
-1520
-3616
-3504
-2896
-2512
-3264
-3728
-592
3264
1936
-1904
-1184
2736
4032
2928
2800
2912
1072
-1744
-3344
-3488
-3440
-3440
-2880
-2432
-3264
-3616
-1072
2688
4752
4176
880
-2288
-752
2928
2240
-1664
-3296
-2816
-2864
-3248
-3280
-3232
-3008
-2720
-2480
-2432
-3104
-3120
-208
3120
2240
-1600
-4128
-3808
-928
2720
4288
3792
3088
2768
2960
3504
3824
3728
3264
2752
2976
2976
656
-2752
-4048
-3552
-3792
-3856
-896
2384
640
-3040
-1232
3120
1616
-2848
-1760
2176
976
-2864
-2096
1792
3360
2896
2880
3440
4128
4016
1792
-1632
-3936
-3888
-1440
1808
3584
3072
1008
-1584
-3856
-4048
-432
3392
1440
-2912
-1424
3072
2160
-2368
-3872
-2768
-2768
-2848
-400
2448
1680
-1680
-3504
-3408
-3424
-2976
-784
2080
3760
3328
608
-2640
-4032
-3552
-2720
-2464
-3280
-3696
-1152
2784
4368
3824
3168
2848
3184
3168
608
-2192
-880
2832
4112
3072
2480
2640
2608
2656
3600
4080
1376
-2096
-880
2464
912
-2896
-1744
2608
4512
3392
400
-2256
-800
2448
864
-2864
-1216
2992
2432
-1536
-3664
-3008
-784
1968
4176
4240
1136
-2128
-1072
2720
4496
3360
992
-1744
-3808
-3840
-1360
2016
3344
2896
3600
4096
928
-2928
-2208
1696
4416
4304
1328
-1968
-1568
1728
3696
3728
4160
4112
1072
-2208
-544
3152
2080
-2352
-4848
-4128
-816
2368
1328
-2480
-4416
-3296
320
3424
1328
-2912
-1936
2640
4656
3376
400
-2736
-3568
-2672
-2992
-3520
-1312
2144
3312
2864
3488
3904
1664
-1792
-3760
-3184
64
3280
2256
-1664
-3728
-3504
-2880
-2544
-3328
-3776
-608
3264
1840
-2048
-1296
2688
4032
3040
3008
3120
1104
-1920
-3456
-3424
-3312
-3424
-3008
-2608
-3408
-3696
-1104
2720
4816
4240
880
-2320
-752
2992
2272
-1664
-3328
-2864
-2896
-3280
-3408
-3360
-3072
-2736
-2528
-2544
-3184
-3056
-96
3184
2336
-1472
-4096
-3904
-928
2880
4528
3952
3120
2768
2976
3552
3872
3760
3296
2816
3152
3184
800
-2624
-3920
-3440
-3728
-3808
-832
2544
864
-2912
-1232
3072
1632
-2800
-1664
2336
1104
-2848
-2128
1840
3424
2928
2912
3504
4192
4016
1760
-1616
-3936
-3888
-1408
1920
3760
3248
1024
-1696
-3888
-3984
-416
3344
1456
-2848
-1376
3040
2112
-2416
-3904
-2832
-2912
-3024
-480
2512
1776
-1632
-3504
-3440
-3440
-2960
-736
2128
3792
3344
624
-2640
-4000
-3568
-2800
-2544
-3360
-3760
-1136
2832
4368
3776
3168
2960
3360
3344
656
-2352
-1088
2736
4160
3200
2720
2880
2800
2816
3728
4016
1120
-2368
-1008
2480
976
-2864
-1760
2592
4592
3520
464
-2336
-896
2448
864
-2944
-1280
3008
2400
-1632
-3776
-3120
-848
2064
4304
4160
944
-2304
-1248
2640
4528
3456
1024
-1776
-3824
-3776
-1232
2128
3408
2912
3552
4032
880
-2880
-2064
1824
4480
4224
1152
-2128
-1584
1840
3760
3728
4192
4192
1104
-2208
-544
3184
2112
-2384
-4960
-4256
-864
2368
1296
-2544
-4464
-3280
448
3568
1424
-2848
-1936
2640
4704
3424
368
-2784
-3536
-2624
-3040
-3760
-1600
1968
3248
2848
2368
5216
4288
960
-1024
-496
2320
5104
4688
1200
-2928
-5152
-3280
-288
-2000
-5152
-1744
4560
4400
560
1440
4912
4272
864
-608
-80
720
528
-1664
-4608
-6208
-5744
-2800
-96
-2032
-5104
-2240
4080
7136
6192
2992
224
1616
4992
4256
704
-336
48
-1728
-4608
-6128
-5664
-3264
-528
608
272
-576
-448
2160
5088
4816
1280
-3344
-5504
-2048
4128
7184
6144
2976
368
1328
4688
6560
5920
3424
608
-48
384
-1488
-4624
-5792
-5312
-5552
-5648
-3008
-64
-2016
-5216
-1408
4768
2544
-4192
-4400
-496
-1344
-4832
-4064
-640
352
48
1888
4896
6352
5856
4048
1056
-2768
-5200
-3952
-672
784
304
560
560
-2704
-5520
-1264
4896
2144
-4528
-2096
4672
2800
-4048
-4720
-768
848
176
-160
48
672
448
-2256
-5008
-3952
-688
576
160
512
528
-1712
-4640
-6240
-5744
-2672
16
-2048
-5200
-2336
4096
7104
6064
3456
704
-320
192
-96
-256
2288
5200
4256
912
-448
48
-224
-256
2400
5360
4256
704
-224
336
-2416
-5360
-1760
4448
4832
1120
-576
-224
528
576
-2448
-5328
-1792
4480
4912
1024
-688
-160
-400
-256
2560
5360
3744
448
1584
4992
4240
800
-16
352
-2032
-5040
-4080
-624
272
-176
2768
5664
2016
-4272
-5232
-1248
3168
5472
4272
912
-1168
-512
2064
4928
6544
6096
3120
320
2192
5376
2560
-3856
-6960
-6016
-2880
-208
-1584
-4784
-4640
-1168
3424
5776
1392
-4672
-2528
4240
5472
1440
-2880
-5184
-3488
-320
-1456
-4864
-4080
-576
256
-176
2320
5296
4368
1008
-992
-432
2384
5184
4784
1312
-2896
-5264
-3360
-176
-1904
-5248
-1856
4560
4480
624
1520
5008
4304
896
-496
80
768
384
-1888
-4720
-6256
-5808
-2848
-144
-2128
-5216
-2256
4160
7264
6288
2992
112
1568
5072
4368
720
-368
32
-1760
-4688
-6224
-5760
-3360
-608
480
96
-720
-480
2192
5152
4800
1184
-3456
-5568
-2048
4176
7264
6192
3056
544
1520
4784
6576
5968
3584
800
144
528
-1408
-4688
-5904
-5440
-5680
-5744
-2960
112
-1936
-5312
-1488
4848
2624
-4256
-4432
-368
-1232
-4880
-4096
-528
448
-16
1792
4928
6480
5968
4192
1200
-2736
-5280
-4048
-784
640
208
576
656
-2624
-5504
-1280
4928
2128
-4608
-2160
4688
2768
-4144
-4784
-784
848
176
-160
48
656
416
-2304
-5056
-4048
-816
528
256
656
688
-1632
-4704
-6304
-5792
-2816
-160
-2208
-5344
-2400
4128
7168
6128
3536
800
-240
224
-128
-336
2224
5200
4288
944
-400
160
-64
-64
2560
5408
4176
528
-336
384
-2304
-5296
-1744
4512
4928
1184
-560
-208
560
592
-2448
-5376
-1808
4528
4944
976
-704
-128
-400
-320
2592
5472
3760
352
1536
5056
4352
896
32
304
-2160
-5136
-4048
-544
320
-112
2848
5744
2048
-4288
-5232
-1120
3360
5616
4320
864
-1200
-416
2208
5008
6624
6208
3120
192
2096
5424
2640
-3904
-7088
-6096
-2848
-32
-1408
-4752
-4704
-1184
3536
5920
1472
-4656
-2480
4336
5520
1376
-2992
-5264
-3504
-272
-1424
-4928
-4176
-592
288
-112
2336
5168
4304
1200
-624
-96
2464
5008
4672
1392
-2752
-4928
-2896
48
-1840
-4944
-1504
4560
4400
864
1760
4848
3952
608
-784
-176
848
768
-1520
-4512
-6064
-5456
-2384
208
-1888
-4864
-1968
4112
6928
5968
3088
608
1872
4912
4224
992
96
352
-1584
-4496
-5936
-5344
-2848
-112
944
560
-192
-16
2320
4976
4768
1424
-3152
-5280
-1792
4176
7056
5920
2688
176
1344
4720
6496
5760
3168
336
-288
176
-1520
-4448
-5552
-5136
-5312
-5360
-2960
-320
-2128
-4880
-1056
4720
2400
-4048
-4272
-672
-1408
-4576
-3904
-816
96
-48
1920
4864
6208
5712
4096
1248
-2560
-4992
-3824
-784
464
128
736
832
-2528
-5248
-976
4864
1952
-4320
-1744
4640
2592
-3920
-4336
-400
1168
448
-192
-128
736
768
-2048
-4816
-3520
-256
624
-96
240
336
-1712
-4464
-5984
-5424
-2256
336
-1888
-4976
-2064
4128
6944
5904
3296
496
-576
16
96
256
2592
5024
3856
608
-640
-112
-400
-384
2304
5264
4336
944
-224
16
-2528
-4976
-1360
4448
4496
896
-400
144
560
224
-2560
-4960
-1440
4448
4848
1232
-256
176
-368
-448
2416
5312
3824
720
1840
4880
3808
512
80
672
-1776
-4848
-3984
-784
16
-240
2768
5520
1920
-4144
-5104
-1264
3088
5408
4352
1136
-1072
-608
2016
4960
6464
5952
3184
656
2400
5168
2288
-3792
-6624
-5680
-2784
-384
-1712
-4512
-4096
-672
3632
5584
1184
-4464
-2160
4224
5088
1056
-3024
-4928
-3008
0
-1344
-4736
-3984
-704
48
-224
2304
5232
4400
1264
-576
-80
2480
5072
4752
1440
-2784
-5072
-2928
176
-1744
-5024
-1616
4592
4512
944
1824
4896
3968
624
-736
-64
896
688
-1632
-4608
-6144
-5504
-2416
144
-1984
-4992
-2000
4224
7088
6064
3040
464
1792
4976
4288
992
112
384
-1648
-4592
-6000
-5392
-2944
-208
816
432
-320
-64
2384
5072
4800
1360
-3248
-5328
-1792
4256
7184
6032
2784
336
1520
4864
6560
5824
3312
528
-128
272
-1504
-4480
-5600
-5216
-5376
-5360
-2848
-144
-2048
-4928
-1040
4880
2512
-4112
-4288
-528
-1328
-4640
-3904
-640
192
-144
1760
4864
6336
5840
4192
1328
-2528
-5056
-3904
-864
368
48
752
944
-2400
-5248
-1056
4816
1968
-4352
-1808
4608
2528
-3952
-4304
-352
1200
432
-208
-128
800
784
-2080
-4848
-3568
-368
608
32
384
464
-1664
-4496
-6048
-5520
-2432
144
-2048
-5120
-2128
4240
7104
5984
3296
544
-512
48
16
128
2544
5072
3952
688
-544
-32
-320
-192
2512
5312
4256
864
-192
112
-2496
-5008
-1360
4512
4528
880
-384
160
624
320
-2512
-4976
-1440
4528
4912
1248
-208
224
-368
-448
2496
5392
3856
704
1792
4880
3904
640
144
592
-1936
-4944
-3904
-640
64
-256
2800
5584
1920
-4192
-5072
-1136
3232
5520
4448
1152
-1136
-608
2128
5056
6512
5984
3136
496
2304
5296
2416
-3824
-6768
-5792
-2784
-256
-1568
-4544
-4208
-688
3712
5664
1216
-4528
-2192
4304
5152
976
-3120
-4944
-2976
48
-1296
-4752
-4032
-736
16
-240
