4672
2688
-752
-4336
-6336
-5776
-2000
1664
32
-4352
-4576
-2144
-2720
-4864
-4672
-2432
544
2080
-624
-4624
-3920
720
4064
5280
6544
6176
1408
-4208
-5088
-2400
-768
-1344
-3216
-4944
-4560
-2208
16
1408
2624
2384
-1232
-4896
-3104
1056
272
-4160
-6400
-5680
-3920
-1888
-640
-1024
-2816
-4896
-5632
-5264
-5728
-5760
-2400
1280
-240
-4432
-4960
-2208
176
1488
1712
1744
3424
5360
4672
2416
1264
1824
3376
5136
6384
6000
3008
-944
-2480
-1904
-2208
-2224
1264
5104
3456
-960
-1088
1584
752
-1536
960
5072
3360
-1008
-144
4432
6656
5952
4032
2176
2144
2352
-480
-4416
-5232
-2656
1104
4592
6928
6288
1456
-4080
-5376
-2784
384
2080
864
-1440
-816
1664
1712
-832
-3248
-4912
-6528
-6048
-608
4992
2624
-3984
-4848
-1920
-3072
-5344
-2000
4224
7232
6272
2848
-880
-2048
-1600
-2992
-5056
-4608
-2304
16
1584
1808
1760
3056
5104
6848
6304
1312
-4336
-4096
672
4256
5488
5712
5584
5648
5616
4928
2928
-1600
-5104
-1552
4672
4160
-672
-1840
960
4688
6064
1360
-4592
-2192
4544
4224
-624
-752
1616
16
-4176
-6896
-6080
-1120
4512
6096
3216
-1584
-4896
-3840
672
5104
6112
1936
-4000
-5712
-2736
1392
4816
6512
5920
4432
2608
-192
-1696
832
4768
5824
3232
-1712
-5072
-1936
4304
5552
2640
2000
2400
-960
-4880
-3216
1200
1792
-912
-2912
-2320
1344
5088
4224
-336
-4384
-5552
-2688
1360
1472
-1136
-1408
1136
4176
5648
3760
-480
-3904
-5248
-4768
-2400
1360
4912
6432
5920
4688
2608
-912
-4496
-6496
-5936
-2160
1520
-128
-4496
-4496
-1888
-2624
-5008
-4736
-2320
624
2048
-656
-4656
-4048
528
3968
5376
6736
6336
1456
-4272
-5120
-2256
-496
-1152
-3248
-5104
-4672
-2240
0
1392
2640
2416
-1280
-4960
-3088
1104
272
-4208
-6464
-5760
-3984
-1984
-784
-1184
-2944
-4976
-5680
-5328
-5808
-5792
-2320
1456
-64
-4384
-5072
-2384
176
1728
2048
1968
3520
5440
4832
2544
1216
1664
3296
5232
6528
6112
3152
-672
-2192
-1664
-1968
-2000
1424
5248
3680
-768
-1104
1424
656
-1504
1072
5216
3472
-1008
-160
4464
6720
6032
4144
2240
2112
2304
-528
-4496
-5312
-2656
1216
4752
7072
6384
1408
-4224
-5376
-2576
512
2000
848
-1248
-752
1504
1616
-784
-3216
-4944
-6592
-6112
-608
5056
2704
-3952
-4896
-1984
-3120
-5392
-2016
4240
7264
6320
2944
-784
-1984
-1584
-3008
-5104
-4672
-2304
64
1584
1712
1648
3008
5184
6992
6448
1360
-4464
-4352
464
4192
5600
5920
5728
5792
5808
5040
2784
-1872
-5312
-1600
4752
4320
-544
-1824
864
4640
6176
1424
-4672
-2272
4592
4240
-720
-800
1632
16
-4192
-6944
-6192
-1216
4560
6112
3024
-1792
-4992
-4000
400
4992
6224
2032
-4064
-5792
-2656
1552
4960
6640
6048
4480
2544
-272
-1680
960
4896
5824
3088
-1936
-5248
-2032
4336
5632
2704
2032
2448
-976
-4960
-3248
1200
1792
-944
-2992
-2480
1248
5136
4256
-400
-4544
-5664
-2608
1536
1504
-1232
-1456
1168
4240
5728
3760
-624
-4048
-5232
-4736
-2544
1152
4832
6448
5952
-1440
1968
3648
3648
3552
3584
3040
2560
3360
3856
1120
-2224
-688
3008
1888
-1952
-1744
1728
3600
3584
3712
3120
512
-2720
-4704
-4192
-544
3104
2256
-1632
-3952
-3296
48
3216
1760
-2016
-1680
1856
3392
2944
3024
3376
3152
2928
3024
3296
3888
3712
1360
-1936
-3856
-3408
-656
2624
4000
3600
3328
3408
3056
2784
3568
3792
912
-2432
-1664
1840
4000
3392
112
-3120
-2192
1664
3888
3152
416
-2800
-4208
-3744
-3056
-2656
-2448
-2528
-2496
-2496
-2944
-3440
-3728
-3120
-416
2320
1488
-1776
-3712
-3712
-3136
-2736
-2784
-3312
-4016
-3824
-1344
2016
3152
2688
3312
3824
1648
-1840
-3504
-3552
-4112
-4048
-640
3200
1904
-1920
-1216
2128
1136
-2192
-1072
2240
1104
-2176
-1312
2512
4816
4160
448
-3152
-1344
2880
1680
-2304
-1008
2928
1920
-2416
-4256
-3648
-3008
-2688
-3040
-3056
-112
3200
1680
-2080
-1760
1744
3920
3392
768
-2544
-4560
-4000
-960
2720
4416
3392
416
-2816
-4064
-3600
-3776
-3840
-1600
1824
4160
4064
1056
-2704
-4368
-3392
-160
2608
656
-3056
-1408
2848
2016
-2416
-4448
-3408
-912
2032
3536
3520
4048
3984
640
-3120
-2320
1664
3792
3600
3728
3296
-64
-3296
-1360
2832
2416
-1664
-3776
-3552
-3920
-3952
-1072
2256
1712
-1728
-4192
-4032
-1632
1760
4288
4160
608
-3152
-2288
1712
3440
2880
2912
3456
3632
3088
864
-1952
-2992
-2752
-2896
-3408
-3760
-3136
-512
2736
4240
3392
304
-2448
-992
2208
1264
-2592
-4528
-3440
-64
3120
2176
-1744
-3744
-3504
-3792
-3792
-1360
2080
3776
3680
3488
3504
3120
2784
3536
3872
976
-2432
-768
3040
1856
-2128
-1808
1872
3712
3536
3680
3248
656
-2624
-4608
-4096
-464
3136
2208
-1744
-4112
-3424
-48
3200
1760
-2064
-1728
1904
3456
2976
3072
3456
3200
2912
2976
3296
3968
3808
1360
-2016
-3856
-3312
-608
2672
4032
3632
3344
3472
3104
2768
3568
3904
1072
-2304
-1648
1744
3904
3376
112
-3184
-2288
1616
3920
3312
560
-2736
-4208
-3680
-3056
-2864
-2784
-2816
-2720
-2720
-3088
-3424
-3728
-3248
-464
2480
1632
-1840
-3760
-3616
-3056
-2768
-2864
-3376
-4048
-3936
-1536
1936
3248
2816
3344
3840
1648
-1920
-3664
-3632
-4096
-4048
-640
3232
1840
-2128
-1344
2176
1168
-2336
-1168
2336
1200
-2272
-1456
2448
4768
4096
448
-3136
-1328
2976
1808
-2224
-928
3008
1936
-2480
-4352
-3744
-3072
-2736
-3152
-3184
-176
3232
1696
-2160
-1872
1776
4016
3424
784
-2528
-4528
-3936
-992
2560
4336
3504
576
-2704
-3952
-3520
-3760
-3824
-1536
1968
4272
4000
1008
-2624
-4320
-3424
-192
2608
656
-3040
-1344
2896
2000
-2416
-4384
-3376
-928
2096
3712
3648
4064
3952
656
-3024
-2144
1856
3936
3616
3680
3376
112
-3168
-1296
2896
2416
-1776
-3888
-3584
-3968
-4000
-1024
2384
1792
-1792
-4288
-4000
-1472
1904
4352
4192
608
-3152
-2240
1760
3472
2944
2976
3488
3696
3168
848
-2032
-3024
-2704
-2928
-3472
-3792
-3104
-400
2864
4304
3296
192
-2480
-944
2288
1328
-2576
-4512
-3360
64
3216
2272
-1648
-3712
-3584
-3920
-3952
-3984
-1040
2256
4800
6128
5760
2864
80
1680
5008
3696
288
1536
4944
4256
688
-1360
-608
2304
4992
4400
912
-2544
-4912
-6784
-6320
-1232
4480
4704
992
-1296
-640
2240
5008
4096
592
-864
-192
-352
-368
2368
5136
3552
384
1120
4528
6368
5792
3536
624
-1088
-592
1856
4720
5840
5408
5648
5664
2976
144
1696
4944
4096
592
-880
-320
512
288
-2368
-5232
-4352
-1008
848
224
-2080
-4864
-6448
-5904
-3472
-640
384
-64
240
288
-2368
-5248
-4144
-752
512
-80
320
448
-2416
-5344
-3744
-448
-1216
-4720
-6576
-6000
-3552
-672
-48
-320
2000
4992
4480
944
-2544
-4976
-6832
-6352
-1296
4480
4704
928
-976
-384
144
32
-64
-160
-560
-336
1680
4624
6864
6224
608
-5040
-2448
4320
4384
416
1792
5200
2288
-4176
-7104
-6096
-3360
-544
128
-224
2080
5088
4080
704
-912
-432
448
288
-1776
-4784
-6992
-6336
-1296
4416
4896
976
-2832
-5120
-5888
-5584
-5696
-5728
-4208
-1136
3216
5584
1552
-4576
-4880
-1072
1104
480
-2944
-5664
-1536
4672
2448
-4400
-4928
-1008
96
-208
1728
4688
6832
6208
1104
-4672
-5376
-1408
3008
5200
4432
1072
-3632
-5872
-1952
4272
5296
1248
-2704
-5088
-6496
-6080
-3696
-800
1072
560
-2496
-5280
-4864
-1392
3360
5632
1632
-4576
-4960
-992
224
-320
2144
5120
3888
496
-848
-208
720
432
-2320
-5232
-4688
-1104
2944
5232
3840
592
-816
-304
480
224
-2256
-5120
-4704
-1216
2768
5200
4432
928
-2688
-5120
-6336
-5984
-4064
-1008
2368
4928
6240
5808
2848
-16
1616
5072
3840
384
1584
5024
4352
784
-1328
-672
2240
5024
4480
928
-2576
-4992
-6912
-6400
-1200
4592
4720
800
-1552
-752
2288
5136
4128
512
-912
-80
-128
-176
2464
5200
3664
560
1264
4624
6480
5888
3552
608
-1120
-640
1856
4816
5952
5520
5712
5728
3040
224
1824
5104
4160
512
-1008
-304
640
464
-2272
-5280
-4384
-816
1248
592
-1920
-4896
-6560
-6048
-3632
-800
272
-144
128
144
-2496
-5344
-4272
-928
432
48
384
272
-2656
-5552
-3888
-512
-1264
-4816
-6672
-6144
-3696
-752
-80
-400
1952
5056
4656
1152
-2464
-5056
-6944
-6432
-1264
4608
4784
912
-1072
-544
0
32
-32
-224
-592
-272
1728
4640
6960
6352
640
-5136
-2544
4336
4384
288
1696
5248
2384
-4160
-7152
-6160
-3424
-656
-80
-448
1984
5136
4112
608
-976
-320
672
432
-1760
-4832
-7088
-6432
-1328
4448
5024
1104
-2832
-5248
-6032
-5696
-5856
-5920
-4320
-1072
3376
5712
1568
-4672
-5024
-1200
1088
544
-2944
-5744
-1584
4752
2544
-4400
-4960
-960
96
-272
1728
4752
6864
6256
1136
-4720
-5408
-1312
3168
5328
4528
1152
-3568
-5904
-2000
4320
5312
1088
-2912
-5184
-6544
-6160
-3728
-736
1120
512
-2592
-5376
-4928
-1376
3408
5712
1664
-4656
-5056
-976
272
-272
2224
5216
4032
704
-752
-320
512
304
-2400
-5328
-4816
-1216
2960
5296
3840
544
-864
-384
400
208
-2288
-5200
-4736
-1136
2864
5280
4480
928
-2752
-5184
-6400
-6080
-4000
-1136
2240
4880
6224
5680
2592
-112
1712
5072
3808
560
1728
4928
4336
928
-1344
-832
2240
5040
4224
592
-2672
-4848
-6704
-6160
-1056
4512
4704
1184
-960
-320
2384
4992
4192
848
-832
-512
-720
-496
2448
5104
3264
112
1120
4624
6336
5680
3584
880
-768
-320
2048
4768
5792
5392
5632
5520
2704
-32
1680
4992
4240
816
-912
-624
176
32
-2464
-5152
-4384
-1264
560
0
-2192
-4880
-6416
-5808
-3216
-272
720
240
528
480
-2352
-5168
-3808
-448
384
-368
320
672
-2336
-5296
-3472
-192
-1184
-4736
-6448
-5840
-3552
-912
-336
-448
1984
5024
4608
1120
-2480
-5008
-6768
-6096
-1072
4544
4832
1168
-992
-640
176
368
-16
-400
-544
0
1904
4624
6800
6112
528
-4912
-2272
4336
4448
720
2064
5136
2112
-4192
-7040
-5952
-3072
-192
480
112
2224
5024
4176
944
-880
-720
112
48
-1904
-4768
-6880
-6128
-1056
4432
4624
656
-2944
-5056
-5776
-5504
-5616
-5648
-4288
-1264
3184
5536
1392
-4576
-4576
-752
1072
128
-3184
-5504
-1280
4640
2208
-4416
-4592
-640
96
-416
1664
4800
6848
6048
976
-4672
-5392
-1504
3008
5216
4176
672
-3728
-5584
-1680
4336
5344
1424
-2592
-5072
-6368
-5888
-3712
-912
1152
800
-2336
-5280
-4976
-1472
3344
5616
1600
-4528
-4928
-1184
-64
-432
2256
5184
3664
224
-784
144
1040
608
-2272
-5152
-4368
-704
3152
5120
3504
352
-640
96
496
-112
-2496
-4976
-4288
-800
2912
5168
4480
1104
-2560
-5040
-6192
-5824
-4048
-1104
2320
4960
6272
5696
2592
-192
1616
5088
3936
672
1808
5008
4464
1008
-1376
-912
2208
5056
4240
560
-2752
-4976
-6800
-6208
-1056
4592
4768
1024
-1200
-400
2480
5120
4208
752
-912
-416
-464
-288
2528
5184
3392
256
1200
4720
6480
5792
3568
800
-784
-304
2032
4784
5904
5552
5760
5616
2752
-32
1744
5120
4272
672
-1024
-576
336
192
-2400
-5184
-4336
-1024
928
336
-2032
-4880
-6480
-5856
-3312
-464
496
80
432
336
-2528
-5328
-3952
-560
416
-176
448
560
-2512
-5408
-3536
-224
-1248
-4848
-6544
-5968
-3728
-1024
-384
-528
1920
5072
4768
1296
-2400
-5072
-6896
-6208
-1104
4608
4928
1184
-1088
-784
80
368
-16
-448
-528
112
2000
4656
6832
6176
512
-5024
-2320
4352
4384
560
1952
5152
2144
-4224
-7104
-6016
-3168
-336
240
-128
2128
5072
4176
832
-928
-592
320
144
-1904
-4800
-6960
-6240
-1120
4496
4768
768
-2944
-5136
-5888
-5584
-5664
-5728
-4304
-1152
3344
5616
1376
-4640
-4640
-784
1072
144
-3216
-5584
-1280
4720
2240
-4448
-4560
-576
96
-480
1648
4848
6912
6096
960
-4736
-5408
-1376
3152
5296
4288
800
-3728
-5696
-1728
4400
5344
1200
-2832
-5184
-6416
-5968
-3728
-880
1184
720
-2512
-5408
-4976
-1440
3408
5648
1536
-4688
-5024
-1168
-48
-416
2288
5200
3776
432
-704
16
880
496
-2384
-5264
-4480
-768
3200
5200
3472
224
-784
-32
464
-112
-2528
-5056
-4320
-736
3040
5264
4528
1104
-2640
-5184
-6272
-5856
