480
1072
1104
1760
2880
2928
1648
896
1696
2224
864
-240
1328
3072
1824
-96
432
2000
2736
2816
2144
704
-416
-752
-592
-32
864
1280
640
-160
-224
112
864
1648
1200
256
704
1664
1696
1744
2352
2624
2176
1472
1536
2544
2976
2224
1392
848
336
384
1120
2096
3072
3360
2464
1312
976
1280
1808
2144
1632
832
1072
1840
1872
912
-544
-1440
-672
1152
2320
2048
752
-624
-1488
-1568
-688
352
672
688
928
816
-224
-1600
-1568
224
1680
1536
640
-416
-1184
-720
272
320
-448
-976
-1104
-848
-112
752
1136
992
1008
1392
1536
832
-432
-1712
-2320
-1168
1488
2848
1504
240
896
1216
240
368
1824
1984
608
48
1136
2496
2864
1680
-384
-624
1792
3296
1616
-64
832
1968
1088
-304
-944
-1168
-720
-48
-384
-240
1616
2448
1008
144
752
1136
896
816
784
144
-832
-880
368
1808
2240
1488
160
-960
-1376
-928
-432
-432
-112
1216
2864
2848
336
-1904
-1584
-480
208
1024
720
-432
112
1584
1056
-704
-1136
-256
544
1248
2032
2352
2416
2000
256
-1376
-768
1168
2352
2192
1408
576
-544
-1200
176
2256
1952
-64
-1216
-1616
-1888
-1008
576
1264
1088
464
-640
-1040
0
1744
3328
3312
1056
-784
-272
912
1584
2192
2624
2688
2480
1696
672
368
544
128
-784
-1168
-576
544
1472
1904
2144
1904
464
-352
1184
2208
384
-1328
-768
544
1552
1824
1008
176
-96
-736
-1552
-1056
704
2128
2544
2496
2368
2272
1760
864
880
1648
1088
-176
272
1408
976
192
880
1936
2272
2352
2048
976
-336
-1488
-2240
-1392
912
2016
1056
96
-224
-16
1504
2720
1536
208
544
784
688
1440
2032
1600
1056
1200
1728
2192
2416
2112
896
-528
-688
304
1312
2096
2608
2464
2192
2160
1952
1888
2128
1664
544
176
832
1744
2032
1152
-240
-736
-32
944
1344
864
-144
-1200
-2096
-2320
-1312
-112
-304
-832
-208
320
-160
-544
-272
320
1120
1600
1232
-16
-1616
-2016
-832
16
-480
-1200
-1360
-912
96
1008
1152
1200
1904
2400
1328
-560
-1136
-576
-784
-960
688
2480
2000
528
256
512
-48
-208
1056
1744
848
480
1296
2176
2736
2080
-240
-1536
112
1968
1472
448
1008
1872
1424
-48
-1520
-1936
-928
368
848
656
880
1680
1376
-208
-560
864
1568
576
-672
-1312
-1408
-832
320
1488
2368
2336
816
-880
-1104
-544
-352
-288
272
1536
2752
2336
528
-528
-400
0
528
816
288
208
1776
2672
448
-2096
-1344
800
1504
1600
2128
2768
3088
2064
-48
-992
64
1600
2544
2832
2416
928
-896
-944
1008
2432
2064
752
-736
-1808
-1712
-448
1072
1536
464
-864
-784
224
560
864
2160
2432
512
-992
-384
896
1392
1552
2528
3536
3008
1552
592
240
224
64
-368
-256
240
544
1136
1648
1600
1744
1824
1328
992
528
-464
-928
-784
-352
1024
2288
1776
368
-592
-1104
-1216
-800
-912
-2176
-1968
-304
352
-592
-1776
-2032
-976
592
1392
912
-576
-1392
-128
672
-1184
-2688
-1760
-1168
-2304
-3088
-2192
-576
-32
-704
-864
-64
640
1248
1648
928
-512
-1120
-496
16
-944
-2608
-3248
-2864
-2048
-1120
-1136
-2144
-2320
-1440
-960
-736
224
1168
976
48
-656
-896
-640
-256
-432
-1040
-1360
-1504
-1712
-1120
480
1056
-608
-2544
-2912
-2432
-1856
-1296
-1456
-1984
-2080
-1856
-1392
-880
-1072
-1424
-608
720
1072
800
1296
1632
288
-800
176
464
-1520
-2416
-544
944
224
-608
32
672
144
-752
-1056
-1088
-1680
-2624
-3056
-2992
-2512
-1120
496
1024
480
-448
-1088
-992
-720
-400
544
784
-864
-1952
-736
-48
-1568
-2336
-592
896
48
-1440
-1584
-672
-64
-416
-976
-688
32
16
-432
-240
208
-112
-752
-720
-304
80
704
848
-224
-912
-208
32
-1200
-2496
-2976
-2624
-1536
-400
-416
-1328
-1456
-944
-1408
-2240
-1872
-960
-432
-160
-528
-1552
-2208
-2016
-1360
-752
-752
-1008
-336
464
-528
-2320
-2560
-1632
-976
-736
-720
-720
-368
-32
-592
-1600
-1648
-976
-1056
-1408
-896
-592
-1632
-2384
-1568
-1040
-2208
-2928
-1840
-1120
-1584
-1168
192
304
-1024
-1984
-1744
-1360
-1776
-1984
-1136
-176
-176
-1360
-2800
-2720
-1168
-224
-208
-480
-1552
-2800
-3168
-3040
-2208
-1008
-1264
-2064
-1296
-96
560
1216
576
-1152
-880
832
1008
-320
-2032
-2720
-912
720
-720
-2416
-2016
-1168
-288
448
-288
-1024
256
1248
48
-1024
-912
-1088
-1440
-1536
-1920
-1584
-448
-800
-2352
-2576
-1680
-848
176
672
-368
-1264
-288
576
-848
-2480
-1712
-112
-320
-1696
-2032
-1328
-1024
-1328
-1600
-1648
-1024
320
1008
464
-432
-624
-80
-192
-1664
-2880
-2912
-2608
-1760
-656
-1152
-2592
-2656
-1904
-1552
-1024
-176
416
832
816
-160
-1136
-1152
-720
-496
-832
-1920
-2768
-2352
-1264
-496
-368
-1168
-2416
-2576
-1456
-608
-1184
-2464
-3024
-2704
-2112
-1152
-240
-576
-1312
-592
864
1312
960
784
464
-688
-1408
-320
416
-992
-1968
-800
160
-448
-1184
-864
-64
144
-288
-624
-1104
-2112
-3088
-3216
-2448
-1152
96
224
-480
-496
-304
-1104
-1632
-976
-176
496
144
-2192
-3552
-1504
16
-1840
-2864
-656
832
-304
-1296
-1072
-800
-592
-416
-704
-736
224
1168
784
-160
-352
-128
-160
-416
-688
-496
192
112
-976
-1056
512
1328
-96
-2128
-3184
-3152
-1936
-304
160
-320
-720
-1312
-2400
-2736
-1488
-192
-352
-704
-320
-736
-2240
-2752
-1632
-368
-48
-80
256
32
-1104
-1760
-1408
-880
-176
128
-848
-1664
-704
448
-496
-2448
-2448
-1040
-1056
-1936
-1392
-576
-1440
-2432
-1616
-672
-1648
-2928
-2304
-1120
-1216
-1520
-688
368
-272
-1728
-1760
-1472
-2832
-3088
-432
1456
544
-1024
-2128
-2416
-1648
-976
-864
-944
-1824
-2944
-2864
-1984
-1120
-736
-1568
-2464
-1856
-432
608
720
-160
-768
-288
-128
-752
-1312
-2256
-2912
-1440
160
-944
-2416
-1840
-1008
-544
336
208
-720
160
1872
1120
-944
-1088
-272
-720
-2048
-1584
-976
-1200
-1648
-1776
-1792
-2096
-1792
16
1168
-208
-1408
-64
1344
544
-752
-960
-1040
-1344
-1024
-80
816
1136
544
-576
-1264
-912
192
992
688
-384
-960
-48
1184
560
-1168
-1680
-1184
-1136
-1664
-2000
-1552
-944
-1344
-1936
-1232
288
1376
1552
816
-304
-1008
-1296
-1408
-1168
-768
-784
-1328
-1728
-1216
32
592
-160
-1232
-1776
-1440
0
1216
768
-672
-1632
-1296
-96
592
576
448
224
336
1184
1648
1232
832
912
1360
1472
208
-1584
-1680
112
1664
1440
240
-224
448
1360
1808
1648
752
-576
-1440
-1504
-1600
-1952
-1488
96
1392
1376
1008
1216
864
-608
-976
400
768
-480
-736
496
848
-544
-1440
-400
592
-80
-1072
-1520
-1504
-560
80
-752
-992
272
560
-656
-1280
-672
288
928
1216
1360
1488
1472
944
-112
-352
688
1056
-96
-1520
-2496
-2400
-896
640
864
128
-816
-1248
-1056
-768
-208
480
560
480
640
176
-912
-1584
-1488
-688
544
1200
944
144
-1008
-1296
144
1024
-272
-1232
-384
304
240
208
-608
-1968
-2000
-1408
-1696
-1456
144
832
-576
-2016
-1776
-1056
-1248
-1472
-688
160
-144
-720
48
1216
864
96
672
1056
-240
-1520
-944
672
1264
192
-1104
-1760
-2096
-1488
448
1664
592
-1184
-1936
-1968
-1824
-1568
-1360
-992
-112
816
1136
752
48
-176
416
528
-544
-1600
-1904
-1392
144
1008
-480
-1840
-912
480
1040
1104
160
-816
-32
944
416
144
992
896
-656
-1712
-1472
-976
-800
-688
-752
-1408
-1936
-992
928
1312
-448
-1584
-528
528
-144
-1376
-1936
-1888
-1472
-992
-256
864
1120
-144
-1200
-736
480
1392
1632
832
-736
-1392
-288
784
80
-1264
-1696
-1664
-1792
-1696
-1792
-2176
-1584
-608
-752
-784
480
1376
1312
1200
640
-608
-1376
-1392
-1040
-512
-512
-1616
-2480
-1264
800
800
-736
-1392
-1376
-1216
-128
864
208
-1232
-2176
-2048
-448
1424
1552
560
656
1680
1920
1392
1280
1520
1296
832
832
592
-528
-1136
-128
1008
1056
848
928
1008
1120
1168
704
-192
-944
-1440
-1600
-1280
-752
-224
704
1504
1312
768
720
432
-480
-736
416
816
-832
-1776
-176
944
-528
-1600
-128
1248
496
-624
-800
-400
432
720
-304
-1024
-240
480
-32
-672
-208
544
672
944
1696
1952
1488
368
-976
-720
1120
1600
112
-1296
-1888
-1648
-256
1536
2288
1312
-720
-2016
-1776
-928
-176
304
416
576
928
736
-240
-1504
-1888
-624
928
1408
1440
928
-592
-1168
96
560
-752
-1392
-304
1152
1776
1040
-288
-896
-848
-944
-1200
-832
464
1120
-176
-1712
-1664
-1104
-1120
-1120
-352
352
-144
-688
272
1344
1264
1040
1152
752
-448
-1104
240
1904
1616
480
-48
-848
-1568
-736
720
736
-560
-1440
-1216
-848
-912
-1280
-1696
-1440
-224
816
992
816
752
1040
1440
928
-512
-1712
-2048
-1264
416
1104
-192
-1328
-496
1024
1360
256
-976
-896
336
1232
1200
912
944
976
-1552
-2096
-656
656
576
-64
-624
-880
-688
256
1808
2144
432
-608
672
1632
240
-1328
-704
480
-240
-1408
-544
688
208
-576
-368
144
784
1488
1536
976
496
736
1760
2144
576
-1600
-2384
-1920
-976
112
224
-1040
-1568
-432
160
-304
144
1424
2032
1776
880
-16
-96
304
560
256
-896
-1792
-1216
192
1344
1600
464
-1232
-1632
-400
752
496
-512
-1216
-1664
-1744
-816
480
752
400
752
1536
1776
1920
2576
2544
1264
832
1888
1568
-736
-1216
1024
2320
1376
448
880
1568
1392
1024
1072
576
-464
-992
-1280
-1584
-1264
-64
1824
2912
1776
160
112
416
0
192
1488
1632
-496
-1728
272
1904
176
-1456
-256
1184
800
-160
-720
-608
176
480
-48
64
992
1488
1392
864
48
-176
208
544
832
1168
1536
1568
928
800
1600
1392
-208
-1456
-1840
-1504
-704
-176
128
400
80
-656
-1088
-1232
-816
352
1168
1104
640
-16
-784
-1280
-1088
-304
80
144
944
1088
-576
-1232
352
1136
176
-416
-48
768
1632
1312
-416
-1408
-560
432
400
288
672
448
-1024
-1936
-928
32
-624
-1232
-848
-528
-256
416
1104
1472
1216
800
992
784
-384
-800
288
1536
1888
976
-816
-1792
-1216
-112
560
384
-656
-1552
-1616
-1200
-288
496
64
-464
576
1952
2336
2016
1088
352
784
1216
496
-864
-2032
-1776
144
1504
944
-32
-96
512
1408
1680
736
32
832
1584
1056
512
352
-672
-1856
-1648
-368
640
608
-208
-752
-976
-1216
-512
1104
1376
160
-176
944
1360
-80
-1520
-1040
-192
-624
-928
-176
144
-144
-48
112
112
688
1568
1984
1552
560
352
1424
1792
352
-1376
-1872
-1008
304
368
-960
-1632
-608
544
176
-576
304
2128
2592
1200
-416
-608
-16
32
96
576
144
-1104
-1376
208
2288
2400
32
-2352
-2816
-1664
-16
848
0
-1696
-2384
-1520
-400
32
256
608
880
1280
1984
2496
2048
992
464
672
976
720
-208
-320
1408
2512
1120
-96
1008
2208
1376
112
336
992
544
-272
-496
-448
-192
496
1360
1760
1392
832
912
736
-80
320
1760
1296
-896
-1104
1024
1472
-720
-1552
352
1536
736
-48
-32
288
624
544
336
640
1376
1952
1584
752
784
832
-16
-192
880
1936
2384
1712
192
160
1648
1664
-320
-1712
-1696
-1168
-384
320
496
640
1008
480
-1040
-1712
-720
144
-224
-224
896
1024
-528
-1488
-992
-352
208
1088
1936
2032
816
-800
-848
192
544
368
208
656
2128
2464
224
-1504
-480
1136
1248
640
640
736
-192
-1056
-496
0
-832
-1152
0
576
-112
-48
1232
1968
1232
160
48
16
-1168
-1744
-144
1488
1408
160
-1168
-1184
112
960
1056
848
-288
-1536
-1552
-672
480
800
-544
-1328
256
1968
2288
2272
1680
592
720
1600
1376
320
-992
-1472
208
1744
640
-880
-944
-192
1264
1936
608
-32
1488
2224
912
192
1152
1328
