-1248
-1680
-1168
-240
448
560
-496
-1968
-1984
-640
640
1312
1328
992
1200
1200
-512
-2192
-1424
-288
-1152
-1968
-1360
-1312
-1904
-1232
240
880
1024
1296
1152
448
0
544
1632
1632
-32
-1792
-2224
-1584
-624
-224
-1056
-1760
-816
272
64
224
1232
1440
1296
1600
1024
-304
-848
-528
-176
-608
-1696
-1968
-832
624
1552
1520
144
-1632
-2240
-1680
-1488
-2176
-2800
-2992
-3120
-2816
-1680
-832
-1264
-1360
384
1920
1360
576
1216
1504
0
-1104
80
1120
-256
-1472
-256
880
-80
-752
672
1696
320
-1440
-1808
-1584
-1152
-736
-1312
-2016
-1392
-32
944
1088
384
-688
-1520
-1536
-624
384
1104
1040
-512
-1744
-384
1040
-384
-1888
-512
1248
784
-144
96
304
-224
-608
-224
608
976
528
128
0
-352
-512
-480
-528
64
1104
1376
1056
480
-48
464
800
-944
-2688
-2464
-1920
-1936
-1680
-1264
-784
-32
-48
-1600
-2784
-1792
-528
-976
-1392
-768
-1104
-2368
-2304
-896
-96
-672
-1008
176
944
-480
-2064
-2032
-1328
-416
272
-208
-512
800
1344
-432
-1936
-1360
64
1024
928
-496
-2272
-2960
-2384
-1184
-624
-1488
-2304
-1520
-320
208
640
912
480
-176
-640
-960
-1376
-2000
-1888
-304
1328
1360
-32
-1680
-2144
-1056
128
384
16
-768
-1984
-3184
-3312
-1680
-128
-496
-1184
-384
640
560
-384
-1312
-1248
-288
608
944
480
-800
-1344
48
1376
352
-1712
-2336
-1280
272
1168
816
272
592
880
64
-1184
-1648
-1584
-1856
-2016
-1360
-336
496
400
-1216
-2448
-1424
160
672
512
-16
-368
288
784
-464
-1840
-960
272
-1088
-3056
-2640
-1552
-1584
-1184
-16
384
112
176
464
640
720
736
816
480
-832
-2016
-2160
-1872
-1328
-624
-992
-1936
-1472
176
1104
864
448
448
736
944
800
272
-128
80
368
-224
-1536
-2192
-1312
448
1664
1376
-144
-1568
-2192
-2240
-1952
-1728
-1952
-2160
-1808
-1184
-880
-1088
-1312
-672
848
1776
1344
1024
1728
1680
-160
-1488
-448
528
-896
-2128
-288
1632
496
-976
-272
528
32
-416
-720
-1568
-2192
-2240
-2496
-2608
-1504
400
1648
1440
320
-528
-768
-1120
-1552
-672
1424
1904
-416
-2096
-784
368
-864
-1712
-496
736
784
96
-832
-1232
-1120
-1232
-656
528
688
464
768
256
-784
-1168
-1264
-928
0
816
1312
960
-96
80
1184
752
-704
-1808
-2656
-2592
-1232
-288
-656
-1008
-496
-368
-1600
-2752
-2320
-1392
-1152
-880
-576
-1232
-2448
-2576
-1120
96
-368
-720
560
1136
-464
-2064
-2272
-1760
-512
784
176
-1296
-816
256
-928
-2576
-1792
224
1248
784
-672
-2208
-2640
-1760
-528
-272
-1200
-2144
-1984
-944
-64
352
1040
1616
592
-1280
-1440
-640
-1312
-1744
96
1520
688
-432
-1088
-1520
-976
-208
-352
-720
-1216
-2336
-2784
-1744
-272
16
-1136
-1776
-528
1152
1648
912
-464
-1072
-256
608
624
-288
-1840
-2208
-528
528
-816
-2208
-1680
-576
144
816
848
480
1184
1952
768
-848
-704
-176
448
48
-384
-1136
-2080
-2288
-1296
-576
-1136
-1312
-128
192
-1504
-2384
-944
304
48
-272
-464
-736
-480
-144
112
896
1488
1024
-176
-1296
-1408
-496
48
-496
-1360
-1568
-800
176
208
-384
-240
-80
-1504
-2528
-1072
240
-880
-2368
-2624
-2160
-1408
-576
176
352
-768
-2112
-2112
-1568
-1728
-1632
-800
-464
-880
-736
-192
-288
-480
-80
64
224
1424
2048
720
-720
-816
-160
768
1712
2096
1456
96
-688
-224
480
528
576
896
736
0
-528
-544
-192
192
592
1296
1456
464
-80
592
1152
1424
1648
848
-352
-272
64
-816
-1536
-784
560
1584
2240
2144
848
-1152
-2272
-1472
0
352
-64
-16
336
-96
-912
-480
528
-96
-1920
-2896
-2016
464
2112
672
-1584
-1408
-608
-1696
-2496
-736
1248
1408
976
464
-272
-64
528
-448
-1952
-1776
-560
96
-144
-800
-816
32
960
1760
2000
368
-1856
-1904
-320
720
1056
1232
1760
2608
2560
1152
-624
-1568
-928
672
1248
368
-352
-496
-352
656
1136
-624
-1744
224
1872
784
-240
176
128
-768
-1344
-1584
-1664
-1024
224
800
64
-1120
-1312
-640
-16
928
1680
512
-1456
-1568
-208
1024
1680
1344
368
-224
-384
-192
688
1472
1328
784
-176
-1456
-1600
-176
1072
976
272
16
-304
-1216
-1456
-736
-208
336
640
-288
-624
992
1856
768
-384
-1024
-1360
-832
-160
-352
-400
208
608
896
1184
560
-656
-1360
-1712
-1616
-400
1216
1824
1664
1456
832
-416
-1120
-960
-944
-912
-688
-1104
-1648
-1248
-384
160
-416
-1984
-2432
-1088
-448
-1296
-1920
-1696
-832
160
464
768
1664
1184
-912
-1632
-448
384
416
0
-960
-1408
-656
-96
-560
-688
368
864
-496
-1504
-304
1024
496
-1056
-1936
-1408
-608
-512
-320
-224
-1136
-1920
-1808
-1440
-1040
-896
-832
-448
-784
-1520
-1024
-384
-480
-240
-144
-464
352
1504
1184
64
-560
-320
448
1008
1376
1568
688
-768
-1152
-688
-416
160
1280
1696
1008
96
-368
-304
160
704
1264
1440
672
128
1072
2320
2672
2080
352
-1280
-1120
-944
-2336
-2752
-1008
384
752
1712
2672
1664
-912
-2368
-1360
128
160
-416
-240
208
32
-656
-848
-304
-448
-1760
-2416
-1520
-304
224
-144
-640
-480
-512
-1328
-1472
-272
800
1024
832
336
-256
-560
-1024
-1744
-1808
-896
-96
-144
-528
-736
-832
-432
976
2320
1744
-224
-1456
-1280
-336
640
1024
976
1408
1968
1584
384
-672
-992
-688
128
1008
1072
64
-784
-272
928
976
-800
-1952
-592
1008
656
-48
-48
-336
-1088
-1712
-1952
-1408
-112
1152
1296
-112
-1312
-944
-224
256
1152
1200
-288
-1344
-1056
-208
976
1872
1696
1104
448
-784
-1408
-16
1776
1984
1088
-384
-2176
-2512
-432
1632
1296
-256
-656
-432
-1280
-2096
-1344
-80
624
704
-16
-688
96
1136
544
-1024
-1872
-1680
-864
-272
-320
-416
-96
736
1792
1824
704
-192
-864
-1696
-1616
-400
704
1120
1360
1536
1456
720
-304
-912
-1360
-1184
208
1168
128
-1264
-1376
-1136
-1344
-1728
-1984
-864
1488
2000
-80
-1344
-176
1440
2112
2192
2112
1456
-32
-1248
-1136
-384
-208
-528
-928
-1360
-1584
-880
672
1760
1488
624
96
48
800
1552
768
-752
-1200
-912
-848
-848
-864
-1104
-1168
-1104
-1216
-1360
-1360
-896
240
688
-448
-1488
-1168
-448
160
832
992
832
1360
2112
1936
1376
1328
1200
896
1376
2096
1424
-240
-1280
-1200
-1008
-1360
-1168
272
1088
208
-480
304
880
-128
-864
384
1232
-432
-1776
-528
1104
1376
1328
1392
1168
1040
960
32
-1104
-1088
-464
-192
640
1680
1184
-352
-1216
-1248
-496
688
736
-528
-1200
-480
432
512
112
-192
-800
-1824
-1840
-160
1200
416
-1008
-928
-336
-832
-1056
224
1472
1536
960
128
-736
-1088
-1056
-1376
-1632
-1088
-272
448
1440
1824
1104
960
2000
2352
1168
-224
-480
512
1504
1472
1280
1744
1840
1104
768
1216
1008
-416
-1184
32
1232
432
-544
320
1760
2208
1440
80
-416
400
624
-704
-1552
-352
1088
464
-1376
-2096
-1200
512
1968
1840
256
-928
-960
-384
736
1824
1536
32
-1200
-1344
-576
512
1280
1392
1152
1056
1008
608
240
512
1088
1216
592
-288
-464
336
1296
1408
816
784
1056
208
-800
-48
1088
656
-416
-864
-528
592
1264
352
-1008
-1440
-944
96
736
224
-432
0
1152
1872
1488
272
-912
-1632
-1760
-1504
-880
304
1296
1376
1424
1760
1328
288
-752
-1584
-1088
784
1440
-32
-1136
-880
-688
-640
-592
-1120
-1104
144
512
-880
-1664
-512
960
1376
1568
2224
1920
128
-1152
-976
-512
-544
-816
-1280
-1680
-1552
-1120
-544
720
2000
1472
-528
-1248
-80
640
32
-624
-880
-1072
-1184
-1104
-816
-576
-880
-1344
-1344
-1040
-848
-704
-128
528
160
-912
-1408
-1088
-80
1408
2176
1888
1552
1344
1104
1312
1488
1136
1040
1568
1968
1664
640
-352
-752
-1136
-1456
-416
1328
1648
624
128
608
896
336
0
704
992
-160
-896
176
1584
2032
1840
1680
2032
2256
1280
-256
-1296
-1664
-896
608
1648
2288
2064
208
-1520
-1504
-592
464
912
80
-256
944
1552
368
-1008
-1216
-768
-816
-1104
-464
416
-16
-1152
-1392
-784
-192
304
1104
1872
1888
1328
496
-624
-1392
-1312
-1248
-1680
-1680
-528
1104
1648
848
464
1008
1408
1504
1104
-240
-960
256
1456
1280
1040
1280
1280
1072
1040
1344
1424
544
-16
864
1120
-304
-1072
-96
1232
1856
1264
-560
-1760
-672
1008
784
-304
128
1024
192
-1328
-1312
-176
528
944
1408
1008
-352
-1168
-752
496
1504
1072
-560
-1664
-1680
-928
448
1632
1488
720
880
1312
320
-784
-32
1216
1504
1184
-128
-1472
-528
1312
1472
1056
1248
672
-784
-1216
0
864
32
-784
-512
-192
304
1168
944
-480
-1600
-1440
-192
672
0
-800
-112
1232
1888
1664
624
-832
-1552
-1408
-1392
-1152
112
1376
1664
1632
1744
576
-512
-1120
-1296
-640
624
752
-320
-528
304
384
-704
-1392
-512
752
1024
592
96
-320
-224
416
1296
2224
2496
1232
-896
-1872
-1232
-224
256
-224
-1248
-1152
80
416
-144
16
720
736
-320
-960
208
1360
496
-912
-1152
-640
0
416
352
-64
-720
-1360
-1248
-736
-832
-752
480
1008
-672
-1888
-512
1088
976
496
528
912
1808
2336
1328
-192
-464
672
1904
2144
1792
1488
880
288
336
272
-128
576
2192
2384
800
-320
-96
464
800
1152
1568
1504
672
208
784
1536
1728
1472
912
672
1104
1088
-240
-1488
-928
624
1408
1712
2272
1888
304
-544
0
480
336
224
480
768
624
128
-64
16
-400
-1360
-1632
-256
1920
2640
896
-1168
-992
160
-208
-944
0
1616
2352
2384
2032
1328
704
-16
-1168
-1632
-576
432
464
336
400
768
1696
2288
2000
1072
-480
-1376
-336
928
1216
1776
2624
2400
1840
1888
1424
-288
-1536
-816
816
1664
1360
336
-384
528
2176
1888
-256
-800
1248
2592
1632
800
1184
1104
304
-512
-1376
-928
1424
2720
1696
608
32
-736
-736
416
1536
1584
160
-1408
-1024
608
1392
1648
2144
1888
736
-48
-96
416
1216
1632
1152
-240
-1632
-1200
1120
2400
1120
-256
64
432
-464
-1120
-464
208
0
0
752
1200
1264
1520
1328
224
-736
-832
-448
-160
-16
240
640
1216
1712
1488
800
240
-384
-912
-624
496
1888
2736
2576
2000
1344
32
-1344
-1632
-1424
-1200
-208
432
-800
-1872
-768
368
-160
-896
-512
432
1104
1232
640
-624
-1312
-240
1200
1648
1904
2048
1248
352
352
688
960
720
-688
-1504
16
1344
320
-592
0
-160
-1248
-1088
304
944
96
-1248
-2000
-1584
-240
864
976
464
-240
-736
-784
-848
-1008
-592
112
-16
-704
-736
176
816
704
544
576
896
1696
2032
1392
784
672
832
1184
1216
1040
1360
1456
592
-32
176
336
544
1168
1200
560
320
384
304
320
672
1248
1648
1200
432
928
2464
3152
2528
1664
1040
640
352
-464
-1376
-800
1056
2400
2720
2320
1024
-960
-2096
-1168
448
816
320
208
416
432
144
-160
-144
176
32
-848
-752
1344
2464
384
-1712
-912
416
-256
-1024
128
1968
2880
2384
944
208
608
208
-1152
-1392
-544
32
528
832
480
592
1680
2480
2560
1808
176
-944
-672
496
2128
3008
2368
1872
2224
2288
1712
432
-1232
-1184
1008
2352
1600
736
1008
1632
1904
1280
-144
-560
768
1696
1152
528
352
-128
-736
-976
-960
-512
816
2272
2384
1040
-384
-992
-784
320
1760
1824
368
-944
-1152
-272
1040
1744
2048
2160
1200
-192
-304
672
1488
1680
1296
480
-576
-784
1008
2928
2656
1264
576
128
-592
-672
288
848
128
-624
-144
1024
1888
2160
1888
848
-640
-960
96
720
432
320
368
656
1584
2080
1264
-80
-960
-864
-48
640
1216
2048
2416
2208
