-912
-2864
-2864
-2560
-2816
-2816
-2384
-2704
-3344
-1600
1888
1936
-1648
-2304
1136
2368
-560
-3040
-3040
-2928
-3072
-1520
1344
3536
3872
1648
-1680
-2080
848
3536
3936
1648
-1792
-1792
1792
2656
-688
-3184
-2992
-2512
-2592
-2640
-2656
-2672
-2640
-2976
-3248
-1776
1296
3632
3808
1792
-1312
-3168
-3040
-2496
-2496
-2560
-2448
-2800
-3232
-1424
1888
2304
-672
-3152
-3280
-1040
2096
2432
-608
-3136
-3040
-976
1840
3552
3344
2704
2624
2688
2720
2736
2752
2832
2832
3088
3328
1600
-1520
-1840
1120
3328
3264
2736
2656
2896
3120
3312
3392
2096
-832
-2880
-2848
-2832
-3232
-1840
1328
3344
3152
2944
3312
1600
-1664
-1568
1888
2320
-1136
-1696
1712
2272
-1024
-1504
1712
2416
-784
-3680
-3840
-1232
2272
2192
-1408
-2048
1344
1904
-1472
-2224
1200
3728
3488
2832
2672
2912
3280
1584
-1696
-1712
1712
2640
-384
-3216
-3472
-1552
1424
3744
3888
1776
-1232
-3344
-3472
-1488
1456
3168
3152
3216
3424
1904
-1056
-3296
-3456
-1456
1424
3440
3616
1344
-1856
-1552
1984
2240
-1392
-2208
1072
3616
3648
1936
-992
-3008
-2912
-2832
-3312
-1600
1776
2336
-640
-2976
-2832
-2736
-3232
-1360
2240
2304
-1264
-2160
1120
3568
3328
3248
3680
1888
-1440
-1984
944
3712
4064
2240
-736
-3104
-3376
-1088
2176
2640
-560
-3168
-3104
-2592
-2688
-2848
-2816
-1376
1424
3056
2896
2672
2848
3232
3408
1840
-1168
-3248
-3312
-1040
2096
1904
-1392
-1984
1104
3696
3840
1440
-1952
-2256
928
3120
3008
3136
3568
2112
-880
-2784
-2864
-2544
-2624
-2608
-2304
-2464
-2912
-1376
1840
1952
-1408
-1888
1408
2224
-720
-2800
-2704
-2768
-3040
-1680
1152
3584
3968
1456
-1968
-2272
800
3584
3888
1520
-1744
-1680
1680
2592
-384
-2656
-2608
-2480
-2800
-2656
-2336
-2352
-2656
-3264
-3408
-1648
1296
3296
3376
1568
-1232
-2992
-2944
-2480
-2560
-2608
-2384
-2880
-3472
-1600
1824
2288
-592
-3152
-3488
-1344
1920
2512
-464
-3264
-3408
-1280
1632
3424
3504
3120
2944
2896
2944
2912
2832
2784
2832
3312
3440
1296
-1872
-1920
1248
3552
3408
2688
2560
2752
3024
3456
3520
1904
-1040
-2832
-2688
-2672
-3088
-1696
1520
3536
3248
2992
3456
1792
-1664
-1728
1840
2416
-1104
-1872
1376
1936
-1248
-1680
1456
2144
-864
-3632
-4032
-1568
2096
2064
-1648
-2144
1408
1840
-1600
-2224
1184
3584
3408
2800
2560
2864
3408
1664
-1872
-1968
1552
2480
-592
-3248
-3280
-1280
1712
3920
3968
1952
-960
-3024
-3072
-1136
1728
3424
3216
3136
3456
2032
-1008
-3360
-3568
-1440
1680
3712
3792
1408
-1856
-1504
2000
2128
-1424
-2048
1264
3824
3760
1840
-1024
-2912
-2944
-2928
-3152
-1232
2080
2448
-656
-2976
-2832
-2704
-3104
-1248
2096
2032
-1456
-2400
912
3584
3392
3248
3664
1744
-1712
-2176
912
3648
3744
1744
-1024
-3216
-3664
-1344
2128
2448
-800
-3216
-3152
-2640
-2528
-2752
-2864
-1360
1520
3264
3104
2608
2656
3232
3520
1952
-1056
-3232
-3472
-1280
2128
2384
-944
-1952
1088
3744
3648
1232
-1936
-2256
960
3456
3328
3136
3424
1952
2464
720
-1872
-3664
-3792
-1984
640
848
-1856
-3472
-2448
-1680
-2448
-3200
-2720
-592
1664
928
-2048
-2592
48
2240
2736
3296
3808
2064
-1504
-3440
-2640
-1408
-1184
-1696
-2640
-3248
-2464
-624
960
1904
2128
464
-2256
-2304
400
1056
-1456
-3408
-3392
-2784
-2048
-1424
-1328
-1696
-2464
-3168
-3216
-3344
-3520
-1824
976
1120
-1552
-3424
-2928
-992
1136
2064
1696
1696
2592
3088
2416
1456
1200
1616
2288
3056
3392
2160
-352
-1984
-1840
-1648
-2080
-816
2080
2416
-304
-1168
720
896
-1040
-640
2176
2448
-352
-1120
1376
3376
3456
2848
2080
1728
1664
368
-1888
-3104
-2528
-560
1888
3584
3760
1792
-1472
-3392
-2624
-304
1520
928
-1088
-896
1280
1616
-336
-1952
-2640
-3472
-3824
-1680
2000
2448
-1056
-3152
-2016
-1712
-3088
-2400
960
3616
3808
2000
-576
-2112
-1952
-1728
-2352
-2928
-2480
-816
1088
1632
1152
1248
2128
3248
3824
1984
-1648
-2784
-384
2016
2944
3408
3344
2880
2816
2944
2432
240
-2624
-2096
1696
2624
-272
-1472
304
2448
3584
1920
-2000
-2464
1488
2752
-368
-1472
720
1072
-1520
-3776
-3952
-1952
1312
3552
3248
608
-2256
-2592
-368
2016
3024
1792
-1264
-3440
-2864
-560
1792
3072
3120
2912
2480
704
-1328
-752
1920
3520
2880
512
-2240
-2256
992
3264
2512
1744
2080
704
-2192
-2416
304
1360
-480
-2240
-2272
-464
2160
2592
96
-2560
-3456
-2032
544
1008
-816
-1120
832
2672
3312
2272
-144
-2112
-2816
-2976
-2480
-688
1856
3472
3504
3040
2352
704
-1616
-3440
-3872
-2064
752
960
-1776
-3312
-2112
-1296
-2192
-3024
-2528
-480
1680
1040
-1888
-2608
-112
2096
2624
3184
3664
1968
-1392
-3264
-2720
-1616
-1280
-1808
-2704
-3168
-2480
-880
848
2016
2176
464
-2192
-2208
528
1216
-1392
-3520
-3616
-2912
-2048
-1440
-1360
-1728
-2544
-3088
-2976
-3168
-3472
-1824
992
1200
-1552
-3536
-2816
-672
1168
1744
1408
1504
2320
2800
2384
1616
1296
1728
2624
3584
3824
2448
16
-1504
-1472
-1488
-1904
-640
2096
2384
-352
-1232
768
976
-1248
-1136
1648
2016
-624
-1328
1296
3552
3648
2768
1840
1632
1936
880
-1760
-3440
-2736
-544
1760
3536
3920
1936
-1456
-3568
-3136
-816
1424
992
-1296
-1376
752
1264
-464
-1904
-2448
-3168
-3616
-1712
1856
2512
-880
-3232
-2224
-1776
-2992
-2240
976
3408
3552
1872
-544
-1920
-1824
-1792
-2512
-3072
-2560
-912
768
1456
1456
1616
2144
3024
3536
1760
-1680
-2688
-208
2112
2736
2976
3040
2864
2880
3024
2576
368
-2592
-2144
1568
2592
-144
-1376
352
2384
3232
1616
-1760
-2048
1392
2352
-464
-1136
1184
1376
-1408
-3840
-4144
-2208
1024
3264
2896
368
-2224
-2464
-304
2160
3120
1760
-1280
-3424
-2928
-688
1680
3088
3136
2688
2240
704
-1376
-1120
1552
3392
2864
480
-2272
-2304
1024
3344
2464
1536
1776
480
-2144
-2208
320
1136
-544
-2112
-2256
-560
2144
2672
288
-2336
-3392
-2256
272
912
-912
-1552
64
1936
2864
1936
-432
-2032
-2528
-2960
-2560
-656
1680
2976
3072
2928
2656
720
-2000
-3792
-3744
-1328
1744
1568
-1648
-3280
-2352
-1936
-2560
-2976
-2624
-496
2096
1152
-2224
-2416
832
2912
2960
3328
3680
1760
-1600
-3200
-2496
-1696
-1856
-2368
-2816
-3088
-2608
-864
1232
2704
2928
800
-2288
-1984
1264
1728
-1248
-3280
-3216
-2848
-2480
-2000
-1936
-2400
-2928
-2976
-2832
-3344
-3552
-1424
1568
1424
-1616
-3680
-3104
-832
1584
2560
2240
2288
2976
3200
2704
2128
1968
2256
2768
3456
3664
2064
-768
-2320
-2096
-2176
-2544
-752
2208
1936
-1088
-1264
1520
1408
-1504
-1056
2336
2240
-1024
-1328
1728
3648
3456
2896
2528
2544
2576
1200
-1488
-3328
-2976
-848
1824
3744
3840
1632
-1696
-3712
-3200
-608
1904
1232
-1488
-1232
1696
2000
-800
-2656
-2752
-3088
-3312
-1072
2304
2176
-1408
-3232
-2192
-2080
-3088
-1840
1584
3984
3984
1984
-816
-2352
-2144
-2048
-2624
-2944
-2608
-1088
1312
2576
2320
2112
2544
3344
3600
1456
-1936
-2256
736
3056
3360
3232
3248
3168
3136
3344
2944
400
-2640
-1664
2000
2080
-1040
-1680
672
2976
3808
1760
-1920
-1808
2000
2400
-992
-1264
1504
1456
-1552
-3712
-3680
-1536
1696
3744
3264
528
-2304
-2176
736
3312
3792
1888
-1520
-3824
-3280
-768
2096
3664
3552
3248
2800
592
-1744
-1008
1984
4032
3632
672
-2592
-2160
1552
3520
2560
2144
2608
832
-2224
-1840
1344
1920
-688
-2896
-2864
-464
2464
2400
-448
-2880
-3376
-1376
1664
1616
-1088
-1472
1088
3296
3712
2096
-896
-2848
-2944
-2848
-2768
-1088
1904
3648
3392
3024
2768
1072
-1616
-3568
-3760
-1456
1680
1520
-1728
-3312
-2288
-1744
-2416
-3072
-2784
-592
1984
1248
-1872
-2224
768
2928
3088
3440
3744
1760
-1632
-3184
-2480
-1680
-1712
-2048
-2576
-3200
-2896
-976
1472
3040
3072
880
-2080
-1728
1360
1728
-1264
-3296
-3264
-2960
-2720
-2272
-2080
-2336
-2800
-2976
-2800
-3136
-3376
-1392
1680
1664
-1536
-3696
-2976
-736
1488
2480
2304
2352
2912
3024
2592
2160
2016
2256
2816
3440
3488
1936
-736
-2224
-2096
-2384
-2752
-592
2592
2128
-1040
-1200
1472
1296
-1536
-1200
2144
2288
-864
-1296
1728
3680
3440
2784
2320
2352
2448
928
-1936
-3616
-2992
-832
1776
3760
3904
1632
-1760
-3712
-2992
-208
2256
1360
-1520
-1360
1504
2000
-560
-2512
-2832
-3392
-3824
-1552
2160
2256
-1360
-3312
-2432
-2384
-3296
-1920
1536
3936
3856
1712
-1152
-2576
-2224
-2032
-2592
-3056
-2736
-1024
1408
2560
2400
2320
2624
3360
3760
1616
-1888
-2240
688
2768
2976
3056
3264
3184
3088
3296
3136
944
-2192
-1664
1936
2240
-880
-1616
864
3184
3712
1408
-2144
-1856
1872
2160
-1072
-1232
1536
1408
-1776
-4016
-3856
-1568
1760
3856
3344
544
-2400
-2368
544
3232
3760
1872
-1472
-3664
-3040
-608
1984
3392
3328
3168
2880
752
-1712
-1088
1952
3968
3456
624
-2448
-2064
1584
3712
2832
2272
2496
496
-2592
-2080
1136
1696
-816
-2784
-2640
-352
2432
2384
-496
-3056
-3504
-1392
1536
1376
-1200
-1504
848
2912
3488
2080
-784
-2576
-2720
-2832
-2736
-848
2016
3472
3312
3232
-1632
-3296
-2976
-2464
-2544
-2560
-2464
-2944
-3120
-912
2208
1568
-1904
-1840
1600
2048
-1264
-3232
-2752
-2736
-2992
-1296
1584
3424
3312
800
-2096
-1680
1376
3392
3200
800
-2192
-1584
1872
2064
-1376
-3328
-2912
-2608
-2640
-2560
-2752
-2832
-2576
-2832
-3024
-1360
1536
3488
3552
1600
-1392
-3072
-2848
-2432
-2592
-2704
-2624
-3056
-3232
-1040
2144
2096
-992
-3440
-3488
-1040
1968
1824
-1296
-3568
-3408
-1456
1248
2848
2880
2688
2784
2768
2752
2816
2864
2768
2512
2800
3024
1056
-1920
-1744
1312
3232
2944
2416
2448
2528
2464
2720
2832
1152
-1840
-3344
-2992
-3056
-3312
-1488
1632
3120
2800
2944
3232
1120
-2064
-1536
1840
1648
-1872
-1808
1664
1552
-1712
-1488
1744
1984
-1056
-3424
-3488
-1088
2000
1456
-1840
-1488
2032
1792
-1680
-2000
1120
3056
2848
2448
2480
2960
3200
1088
-2144
-1712
1648
2064
-1104
-3520
-3312
-1216
1632
3664
3568
1344
-1536
-3328
-3264
-1312
1600
3168
2896
2784
2944
1488
-1312
-3376
-3520
-1616
1200
3216
3328
880
-2224
-1680
1600
1552
-1616
-1936
1232
3616
3552
1568
-1328
-2944
-2720
-2832
-3088
-928
2208
1904
-1440
-3264
-2672
-2592
-3056
-1120
1968
1552
-1648
-1936
1264
3216
2720
2736
3072
880
-2304
-2080
1392
3920
3520
1088
-1728
-3504
-3360
-816
2288
2112
-1232
-3328
-2992
-2432
-2416
-2848
-3136
-1520
1568
3280
3120
2640
2448
2864
3216
1616
-1392
-3408
-3360
-976
2000
1360
-1968
-2288
896
3456
3472
928
-2192
-1904
1488
3392
2880
2720
2992
1408
-1568
-3136
-2768
-2288
-2448
-2656
-2784
-3184
-3040
-736
2208
1424
-1840
-1552
1840
2128
-1136
-3216
-3040
-2896
-2832
-1248
1488
3520
3392
720
-2192
-1824
1216
3552
3568
1056
-1952
-1376
1952
2240
-992
-3104
-2944
-2624
-2704
-2736
-2704
-2576
-2544
-3024
-3248
-1648
1312
3376
3360
1376
-1488
-3152
-3040
-2544
-2480
-2528
-2608
-3072
-3104
-864
2240
2128
-992
-3360
-3360
-1040
1904
1840
-1280
-3648
-3536
-1344
1680
3184
2800
2432
2592
2672
2736
2736
2736
2784
2768
3152
3328
1200
-1968
-1888
1232
3216
2896
2336
2448
2576
2560
2816
2832
1184
-1632
-3168
-2944
-2912
-3040
-1376
1648
3216
2848
2800
3088
1088
-2032
-1584
1664
1488
-1936
-1760
1888
1760
-1792
-1648
1744
2032
-1072
-3360
-3264
-832
2176
1632
-1680
-1584
1776
1712
-1568
-1776
1376
3232
2992
2608
2576
3056
3328
1104
-2128
-1600
1664
1984
-1152
-3584
-3424
-1312
1472
3376
3360
1408
-1360
-3312
-3344
-1280
1632
3040
2832
3024
3136
1280
-1664
-3392
-3216
-1312
1456
3472
3552
1008
-2160
-1456
2096
1952
-1632
-2128
992
3360
3376
1440
-1520
-3168
-2848
-2816
-3072
-1056
1904
1632
-1504
-3344
-3040
-3152
-3488
-1216
2144
1584
-1824
-2048
1232
3168
2784
2880
3104
944
-2128
-1968
1232
3552
3296
1232
-1488
-3408
-3296
-816
2000
1744
-1344
-3280
-3024
-2576
-2560
-2832
-2960
-1280
1728
3264
3088
2704
2496
2864
3184
1536
-1408
-3344
-3456
-1184
1984
1600
-1600
-1856
1184
3440
3344
928
-2160
-2000
1360
3376
3040
2944
3088
1344
