-3360
-1712
1312
3456
3600
1344
-1760
-1936
1104
3312
3200
2624
2432
2816
3392
1584
-1984
-2096
1328
2096
-1136
-3488
-3168
-2848
-3120
-1824
960
2768
2816
2704
3056
3056
2720
3072
3392
1776
-1152
-3280
-3568
-1264
2144
2112
-1360
-2288
784
3152
2992
2608
2768
2752
2656
2688
2736
2656
2448
2896
3392
1360
-2256
-2592
800
3648
3824
1696
-1568
-3600
-3408
-2720
-2560
-2720
-3040
-3184
-3008
-2752
-2624
-2976
-3264
-1680
1520
3472
3232
3024
3296
1408
-2000
-1824
1760
1952
-1824
-2160
1616
2048
-1536
-2016
1360
2128
-1040
-3360
-3232
-2800
-2896
-3216
-3248
-1776
1136
3488
3696
1760
-1136
-3408
-3808
-1936
1168
3600
3872
1344
-2032
-1808
1664
1968
-1552
-2288
1072
3264
2880
2752
3056
1424
-1584
-2064
864
3248
3216
3008
3136
1632
-1184
-3312
-3600
-1728
1376
3392
3360
2704
2608
3200
3600
2064
-1152
-3200
-3184
-2704
-2464
-2768
-3232
-1440
1968
2336
-864
-3136
-2960
-2544
-2736
-2800
-2768
-3280
-3616
-1568
1888
1824
-1712
-2112
1408
2304
-832
-3472
-3600
-1376
1856
1840
-1696
-2080
1728
2240
-1520
-2464
752
3392
3472
1680
-1136
-3552
-3984
-1648
1696
2032
-1104
-3728
-3680
-1712
1104
3360
3536
1456
-1504
-3136
-2848
-2832
-3328
-1440
2064
2496
-640
-3440
-3760
-1504
1696
2128
-848
-3168
-3072
-3008
-3408
-1488
1984
1872
-1712
-2464
928
3824
4032
1680
-1632
-2048
960
3520
3504
896
-2512
-2272
1472
2384
-896
-3616
-3600
-1568
1472
3232
2960
2928
3408
1888
-1328
-3008
-2672
-2768
-3344
-2000
1024
3312
3520
1280
-1968
-2416
704
3296
3344
2720
2560
3056
3616
1792
-1904
-2208
1296
2240
-1008
-3312
-2848
-2656
-3248
-1984
1056
3072
3200
3008
3184
3008
2560
3008
3584
1856
-1520
-3728
-3872
-1744
1536
1776
-1504
-2448
640
3056
2960
2656
2896
3056
3120
2960
2512
2288
2384
2880
3232
1472
-1760
-2368
528
3360
3872
2000
-1136
-3136
-3088
-2624
-2656
-2736
-2688
-2672
-2720
-2656
-2592
-3072
-3520
-2032
1184
3328
3360
3312
3552
1456
-2176
-2096
1616
2064
-1584
-2048
1712
2192
-1488
-1952
1664
2512
-768
-3200
-3248
-2864
-2800
-3200
-3520
-2064
1008
3408
3728
1936
-992
-3216
-3360
-1488
1296
3408
3616
1136
-2304
-2064
1696
2192
-1600
-2544
992
3408
2944
2704
2992
1232
-1792
-2064
880
3136
3072
2912
3040
1600
-1216
-3344
-3520
-1632
1312
3200
3312
2784
2672
3248
3568
1856
-1296
-3184
-3248
-2752
-2368
-2688
-3216
-1584
1536
1728
-1392
-3456
-2960
-2352
-2576
-2672
-2464
-2880
-3472
-1776
1696
1872
-1536
-1872
1616
2352
-800
-3408
-3744
-1680
1680
1856
-1616
-2080
1584
2144
-1408
-2288
816
3392
3408
1520
-1280
-3536
-3888
-1632
1744
2224
-928
-3696
-3648
-1744
976
3328
3632
1504
-1504
-3136
-2960
-2992
-3520
-1792
1632
2224
-736
-3552
-3936
-1568
1888
2400
-848
-3360
-3056
-2880
-3424
-1488
1936
1568
-1968
-2400
880
3488
3616
1248
-2064
-2384
672
3408
3872
1552
-2016
-2048
1504
2288
-1024
-3696
-3712
-1632
1488
3200
2784
2704
3216
1824
-1264
-2992
-2800
-2928
-2304
-3392
-2416
-1440
-1376
-1904
-2736
-3408
-3024
-672
2192
2000
-864
-1056
2000
2480
-1008
-3232
-2416
-2064
-2912
-2176
400
2256
2208
400
-1600
-1200
1392
3360
3568
1760
-1088
-1184
1792
2320
-1184
-3952
-3888
-2928
-2112
-1936
-2752
-3136
-2240
-1664
-1888
-1040
1248
3216
3568
1936
-608
-2048
-1888
-1424
-1328
-1712
-2416
-2960
-2608
-448
2320
2240
-992
-3696
-3840
-1760
960
1328
-1184
-3488
-3808
-2400
144
1920
1824
1552
2176
2832
3104
3168
3088
2576
1680
1776
2896
1776
-1680
-2336
928
3024
2128
1424
2144
2576
2032
1648
1728
768
-1648
-3408
-3328
-2720
-2256
-704
1856
3088
2176
1360
1600
624
-1600
-1072
2208
2304
-1600
-2352
1520
2400
-1312
-2160
1408
2720
32
-2272
-2176
-512
1440
1024
-1472
-1376
1584
2160
-272
-1056
736
1920
1504
1248
1968
3056
3296
1360
-1440
-1056
2096
2544
-864
-3712
-3824
-2176
176
1888
1744
416
-896
-2048
-2864
-2160
48
1536
1456
1392
1520
272
-2128
-3472
-2640
-800
528
1792
3088
1952
-1520
-2352
352
1168
-848
-1344
400
2256
3248
2000
-1376
-3248
-2432
-1776
-1920
-752
1152
752
-1840
-3248
-2432
-1984
-2832
-2176
336
896
-944
-1008
1456
2912
2240
1696
1792
336
-2400
-2464
816
3312
2752
480
-1952
-3280
-2720
-736
1184
880
-1680
-3616
-3488
-2544
-1728
-1872
-2976
-2448
672
3184
3360
2480
1728
1840
2496
1808
-336
-2208
-3040
-1488
1904
2208
-1472
-3120
-624
2160
3040
1776
-784
-1232
1424
3168
2176
1360
1744
736
-1952
-3312
-2576
-1664
-1520
-1968
-2592
-2960
-2560
-560
2080
1856
-944
-992
2256
2736
-944
-3344
-2384
-1632
-2400
-1984
272
2160
2192
448
-1472
-1120
1392
3440
3600
1600
-1136
-960
1936
2352
-752
-3120
-3200
-2672
-2032
-1728
-2320
-2720
-2144
-1904
-2144
-880
1696
3488
3600
2032
-560
-2144
-2080
-1584
-1392
-1696
-2416
-2992
-2656
-496
2368
2336
-976
-3744
-3888
-1888
752
1104
-1392
-3616
-3712
-2048
352
1680
1440
1456
2304
2960
3136
3184
3184
2640
1504
1664
3184
2112
-1760
-2592
928
3232
2336
1536
2272
2720
2064
1648
1696
496
-1920
-3264
-3168
-3040
-2624
-736
1904
3072
2256
1520
1712
688
-1440
-976
1904
1840
-1712
-2256
1488
2288
-1584
-2592
1088
2528
-240
-2576
-2496
-800
1296
1120
-1120
-976
1824
2176
-448
-1392
448
1808
1712
1728
2176
2816
3392
2160
-544
-736
1872
2272
-880
-3584
-3616
-1952
352
2096
2192
896
-736
-2144
-2944
-2048
496
2256
2064
1760
1904
720
-1824
-3376
-2656
-800
736
2048
2992
1520
-1824
-2272
576
1312
-784
-1312
336
2032
3008
1984
-1216
-3248
-2592
-1856
-1920
-608
1424
976
-1824
-3200
-2208
-1856
-2800
-2032
544
992
-960
-1072
1584
3152
2160
1328
1552
208
-2512
-2384
992
3424
2912
560
-2112
-3440
-2656
-512
1296
736
-1840
-3472
-3248
-2480
-1696
-1824
-3008
-2384
912
3392
3504
2688
1856
1920
2864
2384
-16
-2384
-3408
-1712
1728
2016
-1408
-2800
-560
2096
3344
2080
-784
-1168
1520
2992
1936
1264
1696
656
-1792
-3072
-2400
-1696
-1712
-2032
-2512
-3072
-2864
-496
2576
2064
-1248
-1200
2208
2480
-1184
-3232
-2272
-1888
-2656
-1792
912
2944
2912
752
-1616
-1104
1840
3968
3888
1488
-1520
-1024
2336
2496
-1184
-3664
-3504
-2816
-2336
-2128
-2512
-2816
-2480
-2480
-2560
-896
2064
3920
3728
1744
-976
-2448
-2224
-1728
-1840
-2304
-2848
-3392
-3088
-464
2736
2368
-1200
-3840
-3664
-1120
1744
1616
-1360
-3696
-3712
-1712
1120
2608
2288
2112
2704
3200
3264
3152
3120
2896
2400
2688
3312
1536
-1840
-1968
1440
3456
2672
2128
2816
3024
2304
2224
2576
1152
-1808
-3328
-3104
-3072
-2832
-688
2336
3520
2720
2384
2640
992
-1664
-880
2448
2080
-1824
-1888
2064
2240
-1664
-1968
1712
2544
-432
-2768
-2576
-352
2112
1488
-1280
-896
2320
2352
-880
-1584
1040
2656
2288
2192
2832
3632
3872
1728
-1456
-1040
2192
2368
-1104
-3744
-3696
-1680
1136
2992
2864
1104
-1184
-2864
-3120
-1520
1152
2672
2448
2400
2544
960
-1792
-3264
-2672
-752
1376
3024
3472
1328
-2064
-1904
1360
1648
-1136
-1536
1024
3136
3472
1680
-1600
-3376
-2688
-2128
-2208
-608
1840
1328
-1840
-3392
-2400
-2144
-2928
-1520
1312
1168
-1328
-1296
1632
3328
2704
2432
2672
672
-2352
-2016
1488
3904
3344
784
-2080
-3632
-3120
-672
1904
1488
-1552
-3488
-3360
-2688
-2144
-2352
-2912
-1568
1568
3616
3680
2832
2112
2544
3328
2112
-672
-2848
-3456
-1328
2176
2048
-1552
-2432
624
3440
3904
1824
-1216
-1344
1776
3632
2816
2368
2656
1120
-1888
-3360
-2752
-1840
-1712
-2160
-2736
-3280
-3072
-640
2528
2016
-1232
-1104
2208
2288
-1424
-3424
-2512
-2208
-2880
-1840
880
2912
2960
832
-1712
-1392
1648
4064
4032
1520
-1504
-1088
1984
2064
-1408
-3648
-3424
-2736
-2240
-2048
-2544
-2832
-2384
-2352
-2448
-816
1952
3664
3552
1600
-1200
-2624
-2320
-1888
-1936
-2176
-2608
-3072
-2704
-320
2560
2256
-1104
-3776
-3760
-1232
1664
1440
-1616
-3840
-3680
-1664
1184
2736
2368
1984
2432
3008
3264
3232
3120
2816
2272
2640
3408
1584
-1920
-2016
1520
3552
2736
2176
2784
2848
2336
2512
2704
1056
-1760
-3264
-3184
-3152
-2928
-896
2096
3392
2784
2512
2528
624
-1904
-912
2384
1984
-1760
-1872
1984
2272
-1552
-2000
1584
2512
-496
-2944
-2864
-720
1728
1248
-1408
-896
2384
2208
-1216
-1728
1072
2624
2288
2192
2608
3264
3616
1680
-1408
-976
2336
2560
-1024
-3808
-3792
-1808
1024
2912
2720
1104
-1008
-2784
-3168
-1600
960
2448
2400
2512
2672
1024
-1872
-3472
-2832
-800
1424
3152
3616
1440
-1904
-1792
1328
1584
-1200
-1648
960
3184
3472
1632
-1616
-3408
-2608
-1920
-2128
-640
1888
1440
-1712
-3264
-2448
-2368
-3024
-1312
1712
1424
-1312
-1280
1760
3392
2688
2448
2640
624
-2368
-2112
1216
3664
3392
1056
-1888
-3520
-2880
-400
1952
1440
-1568
-3536
-3424
-2656
-1984
-2240
-2992
-1632
1808
3920
3744
2832
2256
2672
3312
2080
-688
-2960
-3504
-1136
2432
2080
-1648
-2448
576
3216
3584
1536
-1408
-1360
1776
3552
2864
2512
2688
1120
-2912
-1184
1840
3840
3872
1456
-1696
-1504
1840
3728
3184
2544
2544
3200
3664
1504
-1856
-1360
2080
2352
-912
-2832
-2528
-2544
-2752
-1152
1744
3424
3136
2544
2720
2880
2816
3280
3376
1552
-1296
-3104
-2944
-416
2496
1744
-1488
-1600
1584
3552
3424
3152
3120
2960
2784
2640
2656
2704
2720
3280
3504
1328
-1664
-1520
1488
3728
3680
1664
-1216
-2704
-2288
-1952
-2304
-2432
-2336
-2352
-2368
-2256
-2192
-2528
-2656
-1008
1888
3360
2992
3024
3376
1408
-1680
-1120
2128
1904
-1296
-992
2192
1744
-1568
-1344
1888
2112
-1024
-3024
-2800
-2240
-2192
-2624
-2704
-1008
1760
3568
3600
1808
-1024
-3008
-2928
-1040
1664
3712
3712
1072
-1904
-1040
2128
1744
-1440
-1440
1728
3424
3056
3280
3776
1808
-1504
-1632
1552
3504
3168
3248
3568
1872
-1136
-2960
-2816
-896
1808
3360
3120
2544
2624
3136
3200
1536
-1280
-2816
-2560
-2112
-2144
-2608
-2768
-768
2160
1968
-1136
-2944
-2640
-2368
-2544
-2432
-2288
-2704
-2912
-768
2432
1888
-1456
-1120
2288
2304
-1024
-3120
-2944
-784
2128
1840
-1344
-1264
2032
1824
-1584
-1760
1616
4016
3776
1616
-1248
-3200
-3104
-528
2560
2368
-816
-3072
-2912
-1136
1520
3616
3680
1584
-1360
-2896
-2528
-2544
-2896
-960
2112
2032
-1024
-3280
-2976
-512
2352
2368
-704
-2880
-2592
-2464
-2848
-848
2304
1760
-1472
-1600
1712
4064
3728
1104
-1792
-1488
1616
3760
3472
960
-1888
-1088
2288
2448
-752
-2912
-2800
-992
1776
3328
2976
2864
3200
1680
-1360
-2832
-2416
-2512
-2784
-1040
1936
3776
3568
1264
-1504
-1328
1664
3504
3104
2624
2784
3216
3312
1200
-1904
-1424
1952
2304
-880
-2832
-2592
-2656
-2800
-1040
1888
3424
3168
2752
2896
2896
2656
3024
3280
1616
-1312
-3184
-2992
-528
2384
1856
-1216
-1456
1456
3280
3264
3088
3024
2912
2928
2880
2720
2576
2560
3104
3376
1232
-1888
-1664
1616
3792
3440
1456
-1152
-2592
-2432
-2160
-2320
-2480
-2576
-2608
-2576
-2496
-2416
-2736
-2736
-912
1872
3120
2816
3024
3296
1264
-1696
-1008
2320
2064
-1424
-1216
2336
2096
-1520
-1504
1888
2256
-816
-2768
-2640
-2208
-2128
-2544
-2640
-976
1776
3584
3456
1504
-1136
-2832
-2848
-1104
1600
3616
3648
1136
-1888
-1136
2224
1984
-1408
-1680
1456
3264
3008
3104
3344
1360
-1728
-1632
1600
3472
2992
2832
3072
1680
-1152
-3264
-3184
-928
1840
3104
2960
2656
2704
3168
3360
1696
-1264
-2848
-2576
-2080
-2160
-2864
-3200
-1184
2032
2208
-800
-2848
-2608
-2112
-2224
-2176
-1952
-2352
-2720
-768
2384
1952
-1344
-1296
1824
2128
-800
-3072
-3040
-592
2384
1760
-1504
-1296
2080
1968
-1392
-1712
1376
3616
3568
1792
-960
-3152
-3328
-896
2208
2240
-832
-3216
-3120
-1184
1648
3760
3696
1616
-1152
-2656
-2544
-2592
-2704
-656
2224
2096
-800
-3152
-3184
-768
2192
2144
-928
-2928
-2560
-2480
-2800
-816
2192
1648
-1392
-1504
1504
3760
3648
1216
-1776
-1696
1264
3488
3408
1136
-1568
-1056
1888
2048
-864
-2976
-2896
-960
1840
3248
2960
2944
3168
1632
-1152
-2640
-2464
-2624
