3232
3856
2112
560
528
1920
3648
4032
2528
-448
-3248
-2896
0
192
-2656
-2304
2096
3936
1840
1392
3440
3344
656
-1168
-1040
192
1200
144
-2496
-4208
-4016
-2000
448
-144
-3088
-2672
1712
4912
4928
3200
1264
1328
3360
3728
1744
832
1248
96
-2512
-4288
-4288
-2464
224
1680
1520
912
656
1568
3328
4000
2608
-448
-3168
-2368
1664
4848
5056
2832
144
16
2576
4688
4736
2960
272
-1088
-784
-1152
-2656
-3584
-3680
-3888
-4048
-2880
-1056
-1456
-3488
-2080
2448
2912
-1584
-3712
-1616
-944
-2928
-3312
-1424
-624
-1024
160
2832
4464
4272
3392
2032
-384
-2816
-3040
-1344
-304
-560
-80
1040
-304
-3408
-2384
2544
2960
-1936
-2544
2320
3008
-1792
-3616
-592
1744
1504
432
-416
0
1280
256
-2736
-3072
-352
1008
-64
-832
-672
-1232
-2688
-4080
-4416
-2336
672
240
-2960
-2832
1536
4912
4928
2928
368
-1152
-992
-400
208
1872
3712
3264
624
-1152
-976
-800
-960
544
3232
4032
2336
640
-112
-1744
-3696
-2080
2416
3616
752
-576
672
1120
48
-1904
-3680
-2192
2192
4128
2272
768
896
208
-944
224
3136
3728
1648
1296
3424
3376
608
-256
960
96
-2736
-3488
-1616
-544
-832
784
3712
2864
-1664
-4128
-2448
848
3424
3840
2000
-224
-1056
160
2720
4640
4784
3136
1072
1408
3600
2752
-1472
-4384
-4368
-2768
-1024
-1264
-3088
-3072
-640
2416
4384
2368
-2320
-2640
1888
3904
1456
-1680
-3472
-2624
224
512
-2544
-3728
-1584
-384
-896
320
3136
3872
2032
400
480
1808
3376
3920
2656
-304
-3120
-2688
176
176
-2800
-2272
2304
4000
1776
1408
3536
3472
704
-1232
-1152
-32
944
224
-2176
-4160
-4256
-2096
688
240
-2848
-2576
1760
4896
4768
3024
1328
1520
3296
3600
2032
1312
1552
416
-2016
-3872
-4128
-2480
144
1632
1456
784
528
1536
3344
4032
2672
-432
-3328
-2432
1920
5184
5040
2560
-64
-96
2496
4704
4784
2896
208
-1056
-752
-1168
-2752
-3792
-3728
-3568
-3744
-2944
-1040
-1120
-3184
-1856
2736
3056
-1664
-3824
-1712
-864
-2576
-3040
-1472
-608
-896
32
2608
4480
4496
3712
2368
-192
-2896
-3344
-1632
-416
-448
128
1136
-272
-3104
-1888
2768
2752
-2352
-2864
2224
3008
-1808
-3584
-464
1936
1648
400
-656
-224
1088
0
-3024
-3088
-64
1248
32
-688
-608
-1344
-2720
-3936
-4240
-2352
368
-48
-2784
-2256
2000
5040
4896
3104
768
-912
-944
-208
448
1952
3696
3184
512
-1072
-688
-656
-1104
256
3056
4000
2256
464
-176
-1584
-3472
-2032
2272
3456
752
-512
560
992
224
-1536
-3472
-2128
2240
4144
2192
656
928
496
-640
368
3136
3696
1680
1408
3520
3392
512
-528
672
0
-2656
-3344
-1488
-656
-1232
352
3424
2688
-1728
-4064
-2320
912
3424
4016
2464
240
-832
224
2656
4400
4496
3200
1520
1776
3648
2816
-1216
-4128
-4272
-2896
-1184
-1248
-3120
-3344
-848
2464
4512
2496
-2240
-2672
1888
4048
1552
-1760
-3504
-2496
256
384
-2512
-3552
-1648
-576
-928
368
-864
1248
2816
3584
3536
2224
496
912
3056
2912
320
-192
2064
2864
1040
-672
-544
1152
3056
3296
1744
-208
-2048
-3888
-4384
-1984
1792
3024
960
-1088
-1184
352
2432
2672
464
-992
-160
576
384
1216
2816
2544
800
624
2352
3712
3696
2512
656
-832
-1040
48
1856
3312
3712
3744
3616
2272
464
832
2832
2864
688
-688
-352
560
944
-448
-2848
-3184
-976
880
912
-448
-2464
-4000
-4048
-2832
-1264
-288
-208
-192
-240
-1520
-3328
-3184
-1296
-32
224
496
272
-1376
-3200
-2896
-1040
-704
-2496
-3984
-3920
-2608
-608
528
416
1104
2896
3136
848
-1792
-3168
-3984
-4240
-1984
1920
3024
624
-928
-96
544
0
-240
144
16
-480
48
1808
3728
4272
1600
-2592
-2768
1424
3072
608
176
2736
2512
-1312
-4240
-4400
-2896
-1024
-400
-848
160
2464
2688
464
-976
-432
672
1040
16
-2144
-4208
-4576
-2000
1920
3312
1680
-368
-2032
-3280
-3504
-3536
-3744
-3072
-1344
1280
3568
2256
-1856
-3520
-1776
64
704
-464
-2832
-2208
1696
2352
-1456
-3216
-1296
-128
-320
688
2576
3920
4128
1824
-2128
-3632
-1440
1536
3072
3088
1808
-784
-3280
-2576
1248
3344
1328
-1456
-2736
-3632
-4096
-2736
-320
976
416
-1392
-3168
-3120
-976
1968
3648
1888
-2176
-3536
-1088
640
320
1136
2944
2816
1072
-160
-448
-272
-160
-1120
-2720
-3104
-1776
416
2400
2784
1552
128
-672
-416
352
-384
-2528
-3328
-1968
464
2752
3136
1008
-1408
-2688
-3568
-4080
-3184
-1024
1264
2864
3696
3760
2592
864
1008
2896
2800
352
-48
2224
2848
688
-1072
-672
1152
2880
3104
1696
-448
-2448
-3936
-4064
-1664
2064
3232
1008
-1136
-1136
512
2672
3040
864
-800
-224
512
432
1328
2992
2736
816
496
2208
3760
3904
2592
512
-944
-1056
208
2320
3648
3568
3504
3680
2448
432
656
2832
3072
768
-864
-576
304
640
-592
-2864
-3472
-1456
672
960
-400
-2368
-3760
-3920
-2896
-1216
-128
-272
-336
-32
-1072
-3072
-3216
-1280
192
288
320
320
-1136
-3120
-2928
-992
-656
-2384
-3936
-4144
-2944
-848
320
368
1344
3152
3312
1248
-1232
-2864
-4064
-4352
-1968
1968
3152
944
-800
-304
464
160
-240
0
16
-448
-16
1824
3808
4320
1776
-2288
-2464
1552
2880
208
-96
2592
2272
-1584
-4208
-4144
-2800
-1120
-384
-688
256
2528
2784
464
-992
-256
752
688
-352
-2224
-4240
-4624
-2064
1872
3568
2080
-448
-2640
-3920
-3888
-3536
-3584
-2928
-1024
1536
3296
1824
-1952
-3376
-1648
272
928
-512
-3088
-2240
1872
2336
-1600
-3312
-1440
-208
-192
640
2176
3584
3984
1680
-2304
-3904
-1712
1632
3248
2784
1312
-992
-3232
-2288
1584
3472
1392
-1504
-3056
-3744
-3760
-2592
-528
1008
592
-1584
-3456
-3232
-1216
1568
3440
1856
-2064
-3312
-992
544
304
1152
2912
2832
1184
96
-96
16
80
-992
-2912
-3376
-1824
512
2528
2896
1456
64
-512
-416
192
-384
-2368
-3088
-1664
624
2640
2864
784
-1616
-3120
-3904
-3776
-2400
-944
1328
3120
4208
4272
2576
416
912
3248
2928
448
672
3264
3616
1344
-608
-640
1328
3616
3664
1392
-1152
-2960
-4288
-4288
-1392
2704
3696
1328
-768
-640
1232
3328
3264
1120
-272
-128
-144
-224
1408
3600
3056
704
576
2800
4304
4240
3024
1024
-464
-416
1056
3104
4192
4064
4144
4272
2720
592
1056
3360
3504
1200
-416
-256
528
720
-784
-2896
-2912
-976
432
480
-688
-2704
-4208
-4048
-2448
-384
592
256
256
576
-864
-3120
-2880
-704
240
-32
400
720
-1104
-3408
-2768
-304
-192
-2544
-4160
-4080
-2752
-720
208
-48
976
3200
3616
1456
-1152
-2928
-4336
-4528
-1504
2720
3504
1088
-480
-160
432
480
256
128
-16
16
1056
2912
4576
4736
1616
-2752
-2336
2352
3664
1024
1056
3536
2528
-1728
-4256
-3888
-2224
-384
304
32
1264
3504
3376
1120
-336
-272
288
464
-576
-2592
-4384
-4384
-1248
2912
3856
1360
-1408
-3072
-3728
-3632
-3760
-3920
-3024
-1040
1808
3872
1888
-2416
-3440
-1072
704
528
-1488
-3568
-1536
2880
2528
-2032
-3296
-768
304
-128
896
2960
4576
4656
1808
-2288
-3552
-1296
1728
3408
3232
1328
-1712
-3696
-1792
2544
4144
1856
-1136
-3104
-4320
-4272
-2832
-928
560
720
-1008
-3088
-3264
-1296
1824
3952
2128
-2128
-3280
-944
240
-64
1248
3248
2960
1072
16
80
496
448
-1088
-3152
-3232
-1024
1792
3504
2928
880
-224
-32
288
192
-1056
-2944
-3168
-1136
1488
3424
3520
1536
-1008
-2912
-4064
-4096
-2912
-880
1456
3408
4480
4400
2640
496
1088
3536
3264
688
720
3056
3328
1232
-512
-592
1104
3280
3424
1184
-1296
-2880
-4144
-4336
-1504
2560
3488
1264
-560
-464
1184
3296
3456
1360
-192
-176
-288
-464
1216
3504
3008
736
672
2832
4400
4384
3008
976
-368
-336
976
2992
4160
3968
4016
4272
2752
480
960
3360
3392
976
-464
-240
384
624
-704
-2960
-3136
-944
800
720
-736
-2912
-4384
-4064
-2320
-400
448
208
272
480
-976
-3152
-2976
-656
720
480
464
608
-976
-3152
-2672
-416
-368
-2640
-4160
-4080
-2784
-768
144
-112
1008
3312
3680
1504
-1152
-3072
-4320
-4160
-1248
2800
3712
1280
-464
-112
336
32
-80
144
32
-80
912
2880
4736
4944
1632
-2816
-2176
2544
3568
768
944
3536
2480
-1792
-4416
-4128
-2336
-336
304
16
1216
3296
3216
1184
-160
-128
352
368
-688
-2448
-4096
-4208
-1328
2672
3520
1136
-1344
-2816
-3584
-3728
-3888
-3824
-2800
-1024
1712
3984
2192
-2256
-3440
-1040
800
688
-1264
-3472
-1664
2832
2624
-1952
-3296
-832
208
-160
928
3024
4576
4496
1616
-2288
-3456
-1296
1744
3504
3280
1344
-1760
-3888
-1968
2544
4080
1600
-1296
-3056
-4144
-4080
-2576
-544
928
848
-1056
-3088
-3280
-1328
1936
4080
2016
-2336
-3376
-896
304
-176
1024
3312
3088
848
-304
-128
256
352
-896
-2992
-3248
-1088
1712
3536
3104
1040
-304
-288
192
336
-944
-2928
-3104
-1024
1600
3456
3456
1456
-1008
-2928
-4128
-4160
-2976
3152
3520
1904
368
80
1408
3264
3584
1776
-1280
-3632
-2608
192
-448
-3408
-2256
2208
3376
1280
1232
3136
2816
336
-1184
-864
288
832
-448
-2736
-4240
-4144
-2064
288
-576
-3200
-2176
2000
4320
3904
2464
1040
1376
3216
3216
1248
528
832
-480
-2992
-4496
-4176
-2448
-416
736
896
448
224
1440
3344
3696
1792
-1456
-3728
-2160
2128
4912
4560
2144
-144
176
2528
4192
4208
2704
304
-864
-608
-1216
-2912
-3888
-3776
-3696
-3792
-2768
-992
-1552
-3632
-1904
2528
2240
-2384
-3728
-1296
-896
-2944
-3104
-1216
-512
-896
256
2768
4272
3984
2944
1536
-832
-3216
-3344
-1424
-336
-512
224
1232
-656
-3664
-1968
2720
2096
-2768
-2368
2592
2560
-2288
-3600
-528
1408
912
-80
-624
16
880
-592
-3168
-2784
-208
448
-560
-480
-64
-1120
-2784
-4000
-4240
-2272
288
-640
-3440
-2368
2064
4736
4288
2448
288
-1008
-880
-432
160
1920
3664
2848
208
-1152
-800
-768
-928
608
3136
3424
1344
-16
-224
-1776
-3680
-1760
2496
3072
192
-864
224
592
-208
-2112
-3840
-1952
2384
3632
1456
176
496
-16
-864
544
3280
3472
1392
1280
3200
2896
432
-288
528
-512
-2960
-3296
-1328
-400
-656
1120
3584
2016
-2336
-4048
-2080
1136
3376
3200
1296
-400
-880
448
2976
4560
4288
2512
704
1456
3440
2048
-2032
-4432
-4288
-2624
-848
-1376
-3296
-3120
-640
2304
3936
1664
-2512
-2032
2336
3616
816
-2288
-3744
-2496
208
64
-2832
-3472
-1296
-464
-1008
496
3168
3344
1296
-192
-64
1376
3104
3408
1680
-1296
-3616
-2720
-16
-464
-3232
-2032
2416
3328
976
1056
3184
2784
240
-1232
-1008
112
832
-448
-2848
-4256
-4272
-2464
32
-688
-3440
-2368
2160
4832
4512
2704
976
1392
3328
3264
1104
208
736
-192
-2624
-4240
-3984
-2192
-80
928
768
240
256
1616
3360
3648
1888
-1456
-3952
-2320
2032
4656
4416
2368
48
64
2592
4512
4192
2384
256
-768
-640
-1264
-2864
-3760
-3680
-3872
-4224
-2976
-848
-1392
-3728
-2016
2704
2624
-1952
-3360
-1280
-1232
-3136
-3072
-1440
-912
-944
480
2880
4192
3968
2992
1440
-1024
-3312
-3248
-1296
-208
-448
0
640
-1088
-3632
-1904
2608
2080
-2704
-2400
2496
2512
-2208
-3552
-720
1264
1008
-16
-656
-16
848
-576
-3040
-2752
-368
448
-320
-416
-400
-1600
-3056
-3824
-3760
-1968
352
-496
-3280
-2496
1872
4832
4544
2416
-32
-1216
-832
-368
48
1616
3344
2768
272
-1152
-864
-864
-976
736
3216
3376
1328
80
-176
-1952
-3952
-1856
2528
3040
176
-864
224
848
336
-1712
-3776
-2032
2336
3632
1456
176
560
160
-528
928
3344
3216
1344
1648
3568
3024
288
-560
480
-384
-3072
-3536
-1440
-496
-848
960
3616
2208
-2272
-4128
-2064
1104
3296
3440
1664
-320
-944
368
2656
4192
4224
2848
1184
1696
3456
2016
-2176
-4688
-4480
-2752
-896
-1344
-3328
-3168
-624
2416
4096
1648
-2848
-2432
2192
3648
816
-2416
-3936
-2656
-128
-432
-3040
-3392
-1376
-512
-752
656
