1824
-544
-2912
-4432
-4640
-2752
48
64
-2768
-3664
-1712
-1296
-3136
-3696
-2096
0
1056
-384
-3104
-3472
-944
1712
3280
4608
4928
2032
-2480
-3936
-1984
-320
-368
-1632
-3408
-3776
-2016
-208
416
992
1408
-288
-3200
-3072
-160
256
-2512
-4384
-4144
-3056
-1584
-416
-288
-1344
-3136
-4256
-4048
-3968
-4192
-2544
144
16
-2704
-3744
-2144
-288
656
736
480
1392
3168
3360
1792
464
432
1408
2944
4224
4400
2864
288
-1296
-1136
-1040
-1392
112
2928
2944
128
-896
464
304
-1264
-64
3152
3120
-16
-608
2288
4544
4480
3136
1520
848
912
-496
-3168
-4080
-2256
464
2736
4480
4816
2096
-2192
-3872
-2048
176
816
96
-848
-768
192
608
-192
-1616
-3008
-4416
-4880
-1968
2688
2720
-1936
-3760
-1472
-1312
-3584
-2672
1552
4448
4480
2768
256
-1168
-896
-1488
-3312
-3488
-1696
-16
816
800
432
1024
2640
4224
4592
2032
-2320
-3680
-992
1936
3328
3888
3872
3824
3968
3552
2128
-800
-3808
-2560
2144
3520
656
-1072
-96
2112
3904
1920
-2704
-2704
2240
3808
560
-848
576
240
-2416
-4736
-4896
-2032
2208
4048
2384
-880
-3424
-3360
-784
2512
4352
2528
-1968
-4336
-2544
496
2816
4320
4464
3264
1616
-128
-1104
128
2800
4048
2560
-960
-3936
-2688
1872
3968
2096
688
880
-624
-3344
-3168
-400
848
-64
-1168
-1376
368
3264
3680
1056
-1888
-3568
-2864
-288
768
-304
-880
-32
1712
3472
3280
928
-1664
-3424
-3712
-2048
544
2896
4288
4288
3296
1808
-368
-2816
-4512
-4656
-2512
448
256
-2832
-3536
-1312
-992
-2960
-3328
-1600
368
1344
-96
-2960
-3408
-768
1808
3088
4272
4640
1856
-2528
-4016
-2064
-144
-128
-1664
-3568
-3856
-2048
-192
624
1280
1488
-576
-3552
-3216
-144
416
-2384
-4592
-4560
-3344
-1760
-544
-448
-1552
-3120
-3968
-3872
-4144
-4512
-2800
96
128
-2672
-3840
-2080
-16
912
944
768
1616
3200
3376
1872
656
688
1632
3088
4400
4608
3008
352
-1280
-1168
-1056
-1248
368
3120
3056
64
-1168
304
480
-1008
32
3072
2912
-160
-608
2240
4336
4288
3152
1616
928
1088
-176
-2816
-3856
-2240
384
2656
4496
4976
2240
-2240
-4016
-2224
64
944
368
-736
-720
352
704
-304
-1680
-2816
-4128
-4672
-1824
2768
2800
-1856
-3856
-1776
-1552
-3696
-2720
1600
4624
4656
2800
176
-1072
-608
-1216
-3232
-3648
-1840
-16
720
608
496
1232
2672
4208
4592
1856
-2496
-3648
-928
1920
3280
3728
3632
3808
4160
3616
2112
-640
-3664
-2704
1936
3552
880
-912
-96
2016
3856
1984
-2656
-2864
1952
3648
768
-384
880
208
-2560
-4832
-5024
-2080
2224
4080
2528
-624
-3200
-3200
-688
2400
4064
2336
-1856
-4064
-2416
624
3088
4464
4336
3152
1664
-48
-1072
240
2960
4176
2720
-720
-3728
-2688
1760
3968
2192
864
1216
-176
-3024
-2960
-112
1152
16
-1248
-1344
448
3072
3328
592
-2608
-4208
-2928
-64
848
-448
-1024
0
1792
3408
3232
864
-1968
-3600
-3584
-2096
368
2944
4368
4272
3440
3040
3120
1040
-752
-1056
288
2416
3008
1136
-1600
-3328
-2688
-720
-992
-3168
-2224
1808
3072
848
320
2368
3024
1408
48
32
416
192
-976
-2592
-3744
-3840
-2464
-736
-1216
-3152
-2352
1376
3968
3904
2256
192
0
2128
2976
1040
-496
-496
-1072
-2480
-3488
-3696
-2800
-1056
-48
-144
-576
-560
816
2880
3152
1040
-1728
-3312
-2080
1344
4000
4160
2512
800
880
2608
3872
3744
2624
1088
416
720
-64
-2288
-3728
-3520
-3296
-3584
-2480
-192
-304
-2784
-2048
2032
2432
-1616
-3024
-624
-32
-2224
-2784
-912
288
240
992
2704
3776
3680
2736
976
-1440
-3168
-2704
-672
736
784
528
208
-1392
-3440
-2112
2080
2368
-1824
-2416
1664
2560
-1200
-3056
-1296
0
-368
-528
48
672
512
-1072
-2832
-2720
-1184
-192
48
560
912
-192
-2272
-3744
-3856
-2416
-512
-848
-3056
-2640
1280
4304
4256
2688
976
96
384
368
-352
352
2448
2864
1072
-96
240
208
-128
1056
2992
2864
640
-480
112
-768
-3040
-2176
1760
3296
1376
-160
-272
-16
400
-592
-2928
-2352
1472
3024
992
-592
-592
-688
-560
1136
3152
2656
352
208
2304
2832
1248
288
96
-1216
-3040
-2800
-656
400
16
1120
3264
2176
-1792
-3472
-1296
1808
3392
2736
544
-1104
-752
1104
2832
3680
3744
2480
320
304
2480
2288
-1184
-3856
-3856
-2144
-192
-304
-2368
-3216
-1824
768
3008
1856
-2032
-2512
1312
3472
1952
-768
-2880
-2896
-1104
-928
-2800
-2880
-592
720
448
1168
2816
2736
816
-864
-1136
352
2560
2960
912
-1744
-3376
-2656
-544
-800
-3152
-2368
1712
3072
768
112
2320
3072
1264
-48
208
672
416
-864
-2560
-3584
-3616
-2384
-624
-976
-3024
-2304
1520
4192
4112
2304
64
0
2336
2960
832
-480
-224
-816
-2496
-3680
-3584
-2272
-704
96
112
-496
-1072
48
2432
3232
1504
-1424
-3408
-2176
1664
4320
4160
2432
656
624
2496
3952
3792
2448
736
64
416
-304
-2288
-3424
-3344
-3376
-3568
-2400
-208
-368
-2752
-1920
2192
2576
-1536
-3024
-576
-16
-2416
-3008
-752
608
240
672
2448
3904
3984
2960
1200
-1184
-3136
-2880
-784
624
576
432
320
-1360
-3552
-2144
2144
2336
-1920
-2336
1872
2448
-1536
-3152
-1136
224
-160
-528
-160
560
576
-1056
-3088
-3072
-1296
-208
-32
672
1232
96
-2160
-3840
-4032
-2384
-448
-1008
-3136
-2336
1664
4400
4000
2352
912
288
544
432
-176
448
2224
2624
1136
32
224
304
96
1024
2832
2928
704
-672
-96
-736
-2912
-2112
1696
3264
1552
-16
-384
-112
480
-544
-2928
-2304
1616
3216
1056
-784
-720
-480
-240
1248
3216
2992
704
208
2224
2848
1232
336
384
-1024
-3216
-3104
-768
560
256
1168
3040
1856
-1984
-3504
-1328
1584
3232
2928
928
-736
-352
1312
2720
3536
3792
2512
240
256
2480
2320
-1056
-3760
-4064
-2480
-224
-160
-2304
-3024
-1392
1056
3024
1808
-2032
-2432
1440
3504
1952
-608
-2688
-2768
-960
-880
-2928
-3008
-592
752
448
1200
3392
3328
1088
-592
-496
1152
3200
3552
1424
-1728
-3648
-2560
-272
-944
-3392
-1904
2544
3376
816
736
3040
3072
816
-384
-16
592
608
-688
-2736
-4080
-4016
-2272
-320
-1136
-3344
-2096
2112
4672
4448
2512
272
496
3056
3584
1328
96
336
-672
-2880
-4240
-3984
-2384
-512
432
400
-160
-384
1008
3056
3424
1568
-1616
-3760
-1968
2288
4656
4240
2464
656
736
2848
4512
4384
2784
688
-144
112
-672
-2560
-3648
-3616
-3744
-3888
-2416
-256
-1024
-3504
-1920
2736
2752
-1920
-3456
-896
-512
-2928
-3152
-832
256
-128
720
2912
4336
4160
3072
1312
-1296
-3376
-2896
-704
416
192
352
512
-1360
-3600
-1664
2800
2240
-2400
-2048
2592
2416
-2160
-3312
-704
768
384
-96
-128
368
544
-1040
-3152
-2928
-736
384
32
128
416
-752
-2832
-4240
-4240
-2272
-32
-864
-3264
-2144
2096
4848
4608
2704
544
-320
160
336
256
1520
3312
3024
816
-432
-144
-160
-368
1120
3392
3392
1136
-96
160
-1136
-3296
-1856
2224
3232
992
-256
-16
256
256
-1296
-3520
-1968
2544
3872
1376
-240
0
-176
-288
1520
3840
3248
720
688
2960
3040
784
-48
480
-704
-2976
-3024
-832
304
0
1328
3552
2144
-2064
-3600
-1312
1824
3696
3312
1088
-640
-416
1152
2928
4208
4432
2784
624
1264
3536
2400
-1760
-4384
-4320
-2464
-208
-448
-2784
-3264
-1184
1824
3888
1936
-2416
-2368
2000
3808
1456
-1808
-3680
-2624
-64
-352
-3040
-3248
-880
160
-112
1296
3536
3312
960
-752
-560
1328
3552
3856
1680
-1456
-3504
-2592
-272
-880
-3392
-1920
2672
3632
976
752
3200
3360
896
-624
-256
624
720
-672
-2736
-4048
-4048
-2384
-352
-1024
-3232
-2128
2000
4672
4624
2800
624
832
3120
3296
960
-176
80
-896
-2912
-4112
-3984
-2528
-448
640
368
-432
-464
1232
3456
3680
1488
-1856
-3872
-2096
2048
4720
4576
2368
160
512
2848
4432
4336
2800
656
-176
144
-736
-2768
-3840
-3712
-3776
-3856
-2432
-384
-1056
-3424
-1824
2720
2528
-2176
-3392
-640
-352
-2832
-3040
-784
288
128
1088
3024
4224
4240
3264
1296
-1504
-3648
-3216
-912
448
368
560
624
-1456
-3808
-1728
2816
2176
-2624
-2352
2448
2448
-2160
-3376
-752
528
-144
-384
0
528
560
-1040
-3136
-2960
-848
384
288
336
304
-976
-2912
-4096
-3936
-2176
-192
-928
-3232
-2176
2160
4912
4528
2752
768
-352
-128
80
-48
1168
3216
3072
736
-560
-144
-176
-416
1120
3520
3520
1104
-288
-16
-1216
-3344
-1808
2496
3552
1120
-320
-112
224
304
-1200
-3344
-1792
2576
3792
1264
-416
-192
-320
-528
1216
3600
3104
720
864
3168
3200
960
112
416
-1056
-3312
-2944
-592
192
-272
1328
3664
2128
-2080
-3600
-1312
1904
3776
3312
1232
-336
-352
1056
2992
4272
4272
2704
608
1040
3232
2288
-1792
-4464
-4336
-2432
-272
-544
-2752
-3264
-1280
1696
3696
1664
-2512
-2160
2224
3792
1424
-1520
-3296
-2592
-448
-816
-3296
-3312
-864
176
-112
1168
1840
-672
-2704
-3760
-3744
-1840
624
48
-2736
-2960
-832
-912
-2752
-2736
-928
800
1344
-320
-2880
-2960
-384
2096
3472
4576
4560
1632
-2368
-3264
-1200
304
64
-1264
-2800
-2944
-1360
160
704
1200
1280
-672
-3040
-2336
96
-16
-2512
-4080
-3792
-2448
-912
48
32
-1008
-2544
-3424
-3440
-3648
-3712
-1984
432
64
-2560
-3248
-1312
448
1072
1024
816
1840
3696
3744
1792
400
624
1712
3152
4416
4512
2864
432
-816
-624
-672
-752
1072
3568
3200
512
-384
800
688
-496
784
3536
3136
288
128
2912
4720
4336
2912
1424
1040
1120
-320
-2544
-2976
-1264
1008
2848
4336
4624
1920
-2192
-3392
-1328
608
1072
544
-160
112
1104
1248
256
-1072
-2448
-3856
-3968
-864
3120
2448
-1968
-3200
-832
-880
-3056
-1808
2496
5008
4544
2592
416
-480
-272
-1088
-2656
-2608
-1008
384
992
928
832
1632
3168
4576
4624
1904
-2048
-2960
-432
2208
3632
4192
3968
3808
3984
3536
2032
-736
-3104
-1488
2656
3328
480
-992
64
2400
4016
1632
-2672
-2000
2656
3568
624
-272
848
144
-2304
-4288
-4304
-1424
2576
4192
2480
-688
-2976
-2784
-384
2736
4320
2256
-2000
-3840
-1952
976
3152
4336
4224
3072
1520
-128
-720
960
3408
3952
2256
-880
-3328
-1648
2752
4000
1728
720
1136
-432
-2848
-2320
272
1232
192
-992
-1072
768
3232
3360
928
-1856
-3280
-2304
48
912
16
-416
384
2016
3552
3168
800
-1648
-3008
-2832
-1152
1120
3120
4176
4064
3296
2000
-192
-2448
-3776
-3712
-1776
432
-128
-2592
-2752
-944
-1104
-2880
-2960
-1216
656
1328
-240
-2752
-2896
-320
2160
3296
4352
4768
2128
-2176
-3472
-1376
208
-256
-1728
-3104
-3056
-1424
176
928
1488
1424
-688
-3184
-2480
224
160
-2576
-4128
-3632
-2368
-1024
-128
-96
-1088
-2688
-3520
-3280
-3488
-3696
-1872
480
-144
-2800
-3376
-1328
576
1040
672
656
1952
3696
3616
1680
128
288
1632
3264
4496
4432
2640
272
-832
-624
-640
-704
1040
3536
3152
448
-544
464
400
-368
1168
3728
3200
624
592
3008
4464
4192
2992
1488
976
1008
-496
-2800
-3248
-1424
992
3088
4768
4896
1888
-2240
-3408
-1440
448
928
464
-208
-208
496
816
80
-1328
-2640
-3744
-3840
-864
3232
2608
-1936
-3232
-944
-960
-2992
-1824
2224
4864
4720
2688
160
-816
-320
-1008
-2768
-2784
-944
512
912
752
672
1408
3040
4752
4848
1872
-2240
-3232
-672
2192
3568
3936
3968
4096
4112
3488
1952
-896
-3296
-1520
2752
3488
784
-704
0
2016
3920
2032
-2272
-1984
2496
3552
800
16
992
-32
-2448
-4000
-3808
-1040
2720
4064
2256
-768
-2864
-2592
-336
2576
4160
2176
-1952
-3536
-1536
1248
3360
4512
4256
3072
1632
-80
-1024
464
3152
4032
2304
-1024
-3520
-1808
2624
4032
1952
880
1056
-592
-3040
-2640
-16
1168
256
-960
-1072
832
3264
3248
832
-1760
-3104
-2064
272
896
-128
-464
384
2016
3600
3280
976
-1552
-3056
-2960
-1264
1056
3120
4272
4224
3408
