-1584
-480
960
1616
1264
848
672
672
928
608
-912
-1904
-848
624
368
-832
-752
544
1136
832
928
1136
256
-1312
-2176
-1680
-256
848
656
-464
-1392
-1344
-192
880
240
-1424
-1552
160
1456
1344
928
1008
1680
2432
1968
720
560
736
-512
-2048
-2432
-1728
-256
912
960
800
1088
1424
1456
1200
1376
1504
-32
-2144
-2320
-736
848
1232
0
-1456
-1328
-48
944
992
128
-960
-1296
-928
-928
-1392
-1296
-912
-1344
-2016
-1536
-512
-768
-1792
-1280
192
80
-1360
-1984
-1392
-896
-1184
-1440
-1440
-2016
-2176
-608
1040
1040
496
496
496
-80
-944
-1456
-1632
-1648
-1120
-128
304
-400
-1360
-1040
208
352
-640
-720
352
512
-944
-1744
-288
1392
928
-1024
-2368
-1600
272
352
-1136
-1216
-160
-80
-976
-1840
-1920
-1440
-1776
-2560
-2160
-768
352
160
-992
-896
880
1936
1184
-208
-1312
-1744
-1536
-1024
96
1472
1328
-368
-1296
-944
-928
-1360
-1328
-736
320
1088
464
-736
-1072
-1168
-1600
-768
1136
976
-1280
-1728
176
800
-880
-2352
-1936
-528
352
640
1056
1456
1232
48
-1520
-1664
-32
1040
800
976
1376
320
-1200
-1056
16
-32
-1024
-1328
-1088
-1456
-1728
-576
736
288
-992
-1520
-1168
-320
640
1312
1392
544
-544
-384
624
816
272
192
608
1040
1264
448
-1280
-2000
-1408
-1168
-1312
-1344
-1680
-1536
0
1376
1120
-496
-2080
-1776
240
1328
208
-1552
-2224
-1376
-240
-272
-1040
-1168
-1056
-1648
-2064
-1056
464
944
688
880
1536
1840
1632
1696
1984
816
-1312
-1072
1072
992
-1056
-1136
640
1072
384
848
1648
880
-576
-1456
-1520
-384
1104
1040
-224
-1104
-1376
-784
304
48
-1104
-800
560
1328
1504
1216
560
160
208
576
1200
1584
1392
320
-1376
-2448
-2176
-1136
80
1264
1904
1488
544
16
336
1632
2432
592
-2032
-2016
-224
976
1056
-160
-1648
-1488
0
1344
1808
896
-832
-1632
-1136
-784
-1392
-2192
-2272
-1680
-1248
-1504
-1904
-2000
-1760
-752
240
-416
-1744
-1696
-1216
-1440
-1488
-1120
-880
-800
-896
-528
912
1872
1168
496
688
336
-784
-1440
-1440
-1632
-1632
-416
544
-544
-1904
-960
800
400
-1344
-976
1200
1088
-1088
-960
1328
2192
1248
-144
-1344
-720
1184
832
-1328
-1264
256
-256
-1824
-1968
-1504
-1632
-1744
-1632
-1664
-1104
96
32
-1296
-1248
384
1312
976
128
-992
-1696
-1328
-384
400
976
1216
560
-768
-1744
-1840
-1744
-1552
-480
1040
1632
1088
32
-976
-1312
-864
64
784
-64
-1696
-1424
144
304
-880
-1952
-2208
-1040
912
1584
736
160
336
-16
-784
-448
544
512
48
736
1520
336
-1408
-1088
208
-112
-1312
-1344
-880
-1264
-1408
-208
992
736
-640
-1952
-2128
-1152
-64
336
96
-320
-464
0
960
1472
944
448
784
1152
896
48
-1120
-1872
-2112
-2224
-2016
-1840
-2000
-1568
-304
784
1104
96
-1632
-1776
-192
448
-736
-2048
-1920
-400
624
-240
-1440
-1232
-928
-1728
-1952
-1376
-1424
-448
1168
2016
1312
-416
-1792
-1712
-272
1232
1696
1488
1264
1136
1168
704
-864
-1456
208
1184
-160
-1552
-1776
-1520
-928
240
1328
1472
1024
976
1056
544
144
576
1488
1632
208
-1792
-2128
-432
528
-992
-2256
-1056
576
992
1168
1152
768
928
1472
1392
800
400
304
272
320
352
-96
-592
-240
688
1072
224
-1392
-2288
-1936
-1536
-1632
-1504
-1328
-1872
-2448
-1792
-672
-640
-1088
-512
624
928
640
1008
1440
544
-608
-240
528
-144
-1152
-560
976
1376
528
352
1072
912
-144
-688
-656
-512
-320
-704
-1504
-1424
-48
1440
1664
944
368
-624
-1776
-1232
320
1104
1664
1264
-480
-352
1568
768
-1744
-1600
320
1152
1184
1216
912
288
-192
96
960
1184
752
752
864
336
-576
-1552
-1792
-464
1280
1744
832
-448
-848
128
976
320
-896
-1264
-1392
-1968
-1824
-832
-592
-528
560
864
-832
-2304
-2176
-1600
-1040
-144
96
-1248
-2400
-1408
272
176
-912
-496
912
688
-1120
-2048
-1264
368
1840
1568
-272
-544
928
464
-1696
-1792
192
1456
1248
160
-1376
-2416
-1888
0
1504
1024
-720
-1648
-1408
-784
-48
768
1248
752
-592
-1456
-1360
-1408
-1216
352
1632
912
-640
-1680
-1936
-1280
-176
336
-80
-880
-1392
-1568
-1456
-608
592
656
-384
-752
240
1408
1584
304
-1056
-384
1120
1104
656
336
-896
-1200
272
576
-800
-1680
-1520
-560
896
1552
944
400
768
1056
176
-912
-1296
-1920
-2416
-1120
1024
1616
432
-1040
-1552
-848
272
1136
1696
1632
1136
1040
1024
496
128
128
-128
-448
-576
-608
-736
-1408
-1920
-1104
304
1136
1632
1840
1504
992
608
720
1024
368
-848
-1360
-1584
-1328
160
784
-544
-928
496
1216
1008
1088
1280
1680
2320
1968
672
288
896
1136
528
-480
-1392
-1184
320
1456
1056
-256
-1424
-2016
-1744
-1104
-1040
-1200
-1120
-960
-656
-400
-656
-848
-496
64
912
1792
1728
1248
1008
-96
-1152
48
1264
-208
-1648
-448
1344
1232
-48
-176
960
1024
-480
-1488
-1248
-880
-1296
-1872
-1456
-432
464
1584
2384
1456
-800
-2288
-1936
-768
176
1184
1648
384
-1072
-624
512
96
-1104
-784
752
1344
544
0
320
208
-752
-912
448
1712
1840
1504
976
32
-976
-1728
-1600
-304
1024
1392
960
416
640
1808
1888
-80
-1728
-1696
-1520
-1776
-1456
-848
-656
-96
864
496
-1360
-2512
-2080
-1200
-656
-768
-1456
-2192
-2400
-1152
1024
1008
-1120
-1216
848
1056
-1264
-3152
-2736
-528
1296
1024
-256
-80
1184
928
-592
-784
496
1632
1728
448
-1168
-1760
-1520
-992
-416
-496
-1056
-1264
-1104
-512
480
1296
1296
560
-544
-1296
-1312
-1216
-1424
-592
1424
1888
240
-976
-1008
-464
368
80
-1344
-1648
-1024
-1440
-2144
-1584
-256
160
-512
-496
544
1328
1376
368
-1056
-880
512
1456
1504
48
-1680
-736
1296
848
-1040
-1792
-1248
208
1312
960
448
976
1344
432
-1040
-1680
-1312
240
-480
-960
-480
-16
-256
-720
-1040
-1136
-416
1232
2112
1088
16
720
1536
432
-1408
-1392
224
624
-432
-576
560
1424
1184
-16
-672
368
1552
1808
1808
1184
144
448
1424
848
-848
-1984
-1968
-768
384
-96
-1440
-1504
-272
480
400
768
1872
2704
2304
864
-64
112
144
-208
-400
-1072
-1856
-1504
-560
400
1456
1296
-368
-1664
-1472
-224
736
64
-1424
-1920
-1568
-896
304
1184
960
672
992
1344
1552
1776
1824
1264
336
448
1216
256
-1456
-528
1968
2192
544
448
1584
1040
-432
-384
208
-224
-960
-1280
-1312
-960
-96
1104
1808
1392
384
-224
96
432
112
416
1264
336
-1456
-704
1424
960
-1088
-736
1360
1696
368
-320
0
560
784
288
-448
-416
480
976
304
-320
-64
-96
-336
576
1680
1728
1408
864
416
1296
2192
1040
-832
-1504
-1264
-560
352
976
1024
528
176
96
-304
-544
-16
320
224
384
432
-256
-1072
-1056
-304
-80
-400
368
1600
912
-512
-256
368
-80
-368
-288
-192
768
1616
416
-1376
-1632
-784
0
576
768
400
-352
-1104
-1200
-624
-496
-1040
-720
416
656
256
608
1328
1200
448
368
768
-48
-1536
-1216
736
1696
944
-176
-848
-944
-400
256
80
-656
-1056
-1184
-1024
-224
224
-704
-1568
-736
816
1680
1856
1136
112
480
1472
1344
560
-528
-1472
-496
1232
688
-1152
-1504
-176
1504
2160
1216
32
128
1120
1520
912
528
480
-752
-2256
-1744
-192
304
96
-336
-1072
-1376
-832
400
1616
1424
352
832
1968
944
-1184
-1504
-480
-400
-1232
-1152
-224
32
-112
16
-80
224
1424
2240
2064
1040
-400
-272
1600
2000
176
-1584
-2032
-992
480
528
-176
80
544
32
-528
48
1200
1968
1936
976
-48
96
928
1120
720
0
-752
-880
-192
1104
2112
1344
-656
-1776
-1664
-912
160
400
-624
-1424
-1312
-912
-480
32
640
1472
2032
2032
2240
2832
2656
1328
384
1072
1968
944
-1040
-1072
544
1040
432
864
1792
1440
400
64
176
-48
-576
-1088
-1648
-1824
-832
688
1328
1200
864
368
176
32
-432
320
2032
1600
-592
-640
1280
1360
-384
-640
656
1008
304
-208
-496
-592
-304
32
240
752
1328
1008
64
-272
96
304
240
592
1616
2320
1824
688
112
832
1888
1280
-768
-1824
-1520
-864
64
800
736
496
368
-256
-992
-576
576
816
64
-240
80
-128
-800
-768
-48
352
656
1824
2688
1280
-1040
-1312
16
608
304
-16
-80
848
2144
1408
-832
-1664
-832
-176
-160
-112
-80
-656
-1328
-1184
-832
-960
-928
-368
432
848
336
-160
544
1296
896
448
576
-16
-1088
-624
1216
1840
688
-560
-1200
-1168
-256
448
272
64
-432
-1520
-1776
-944
-512
-944
-1296
-448
1280
2112
1744
1056
512
720
1312
1152
560
-128
-960
-112
1872
1392
-864
-1408
-304
1120
2128
1648
544
832
1824
1968
1520
1056
448
-336
-880
-432
240
672
1424
1328
-176
-640
624
1424
1104
608
480
1152
1872
912
-576
48
1552
912
-848
-976
32
224
-80
176
704
1216
1904
2016
1168
688
1456
2384
2368
1440
-192
-1792
-1760
208
1936
1568
192
112
1200
1552
1184
1392
1888
2016
2048
1760
1184
1088
1424
1568
1264
304
-608
-528
384
1616
2208
1072
-416
-688
-592
-592
-192
-32
-432
-816
-1104
-1008
-208
336
272
672
1680
2112
1968
2208
2272
928
-576
48
1600
1168
-272
224
1712
1344
160
656
1728
1376
608
496
48
-816
-1024
-784
-592
-160
544
1344
1904
1456
80
-1024
-864
416
2016
3056
2768
816
-1184
-704
1344
1488
0
96
1568
1872
1296
1264
1232
560
160
480
992
1248
1280
1408
1600
1184
208
-160
128
320
656
1296
1536
1264
1296
1936
1856
16
-1728
-1376
-496
-704
-880
-656
-656
-32
912
272
-912
-720
-352
-640
-304
400
288
-192
-352
48
848
736
112
1024
2112
880
-624
-224
448
688
1024
560
-192
544
1648
1120
-48
-16
1056
2000
2128
1360
176
-688
-848
-192
752
704
-384
-1104
-880
-208
656
1376
1504
752
-496
-800
-304
-624
-720
960
2352
1744
416
-656
-1120
-432
640
816
96
-720
-976
-992
-1008
-96
1232
752
-736
-240
1888
3024
2624
1648
784
592
1168
1888
2016
816
-816
-416
1264
1120
-464
-992
-304
608
1424
1648
1280
1280
1744
1552
576
-32
-192
-640
-912
-368
800
1904
1920
352
-1184
-656
1088
2256
2672
2192
1040
1328
2752
1856
-480
-384
1008
624
-528
-912
-1056
-1168
-848
-176
736
1824
2432
2128
1568
1376
1408
1776
2128
1360
-192
-1152
-1008
224
1712
1408
-352
-528
1152
1760
1152
1344
1952
2032
2096
1728
768
496
880
1296
1488
720
-320
0
1024
1504
1440
496
-864
-1216
-752
-928
-1264
-864
-656
-1184
-1216
-576
-112
-32
-368
-368
1024
2496
2496
1936
1568
592
-352
720
2560
1616
-832
-208
2288
2288
672
656
1696
1552
304
-272
320
544
-672
-1920
-1728
-736
432
2080
2944
1776
224
-144
64
432
1312
2480
2848
1600
112
432
1536
992
-128
864
2768
2704
1616
1584
1360
128
-496
-176
64
368
1152
1840
1744
992
48
-656
-528
464
1376
1760
2064
2016
1536
1728
2320
1360
-672
-1328
-448
288
384
64
-112
464
1264
1088
48
-512
-48
368
-80
-544
-368
-304
-448
-32
640
416
-128
576
1824
1472
-336
-1456
-992
272
800
-224
-976
384
1696
480
-1184
-752
672
1744
2016
832
-864
-1440
-1216
-384
928
816
-640
-832
112
528
1040
1968
1920
768
-224
-400
-112
-128
-528
-48
1312
1760
672
-848
-1488
-416
1328
1600
512
-528
-1088
-912
48
1040
1360
768
-80
-176
544
1808
2784
1760
-272
-80
2032
3104
2288
496
-704
160
1696
1296
-512
-1360
-672
544
1376
1664
1696
1696
1728
1408
688
368
416
