2336
2064
1440
528
-576
-1008
160
1792
1248
-736
-1072
-288
-432
-608
-176
16
688
1984
1792
-80
-864
496
1808
2064
2448
2720
1424
-576
-1360
-1136
-928
-704
-752
-1408
-1680
-816
448
1408
1680
1136
432
128
544
1600
1584
-352
-1696
-944
80
320
336
80
-352
-544
-768
-960
-688
-384
64
960
944
-560
-1520
-720
880
2128
2304
1808
1824
2352
2240
1344
768
1088
1568
1680
1712
1664
1040
-48
-592
-128
96
-288
176
1312
1072
-256
-208
1424
1840
432
240
1488
1216
0
240
1216
1648
1792
1696
1664
2208
2352
1312
256
-16
-48
320
1488
2592
2672
1616
-48
-1184
-864
576
1552
656
-560
128
1664
1728
560
-416
-608
-512
-608
240
2064
2192
288
-928
-848
-880
-960
-160
1280
2368
2704
2272
1200
320
208
16
-528
-592
160
1264
1936
1696
1488
2016
2768
3120
2448
352
-1280
-352
1456
1728
1312
1664
2096
2032
1744
1536
1280
112
-1168
-240
1648
1216
-688
-1168
128
2080
2992
1728
-64
288
1872
1328
-592
32
2336
2368
640
-368
-544
176
1808
2816
2448
1216
96
160
1392
2400
2400
1424
32
-768
-816
-544
368
1728
2176
1792
1872
1712
336
-368
784
1920
1760
784
-352
-144
1856
2992
2272
1984
2096
640
-720
528
2080
1072
-752
-1120
-448
960
2624
2704
848
-928
-960
352
1264
992
688
1248
2048
2560
2576
1632
288
-112
-32
-672
-1008
272
1824
1568
656
1312
2656
2208
304
-1168
-1344
-128
1568
1744
192
-1040
-928
-336
-96
-192
64
1104
1824
960
-400
-160
1232
1856
1696
1824
2064
1504
336
-272
16
176
-32
80
0
-896
-912
752
2160
2512
2400
1104
-576
48
1936
1552
-352
-992
-608
-544
-576
48
1008
896
-416
-1152
-992
-1168
-1120
272
1760
1552
-80
-1616
-1504
240
1808
2080
1584
1136
1520
2368
1952
544
256
976
1536
2048
2112
1088
-96
-384
-192
-144
-128
528
1664
1408
-336
-464
1264
1088
-528
272
2224
1680
-16
448
2416
3008
2048
1584
1792
1648
1360
896
-48
-864
-976
16
1776
2608
1776
368
-784
-1248
-480
1056
1760
672
-848
-480
1280
1696
464
-336
-368
-960
-1680
-752
1232
1680
80
-1168
-912
-544
-752
-320
992
2272
2512
1056
-960
-1360
-576
-464
-928
-1056
-624
240
1200
1888
2016
1616
1360
1856
2528
1872
112
-240
1168
1872
1664
1936
2064
1712
1664
1744
1328
256
-864
-496
960
1072
-208
-384
1264
2912
2896
1296
-272
48
1424
896
-896
-608
1232
1552
736
400
96
-16
1104
2496
2416
960
-224
160
1552
2304
2032
1344
416
-544
-736
240
1632
2064
1376
1056
1440
928
-512
-624
1248
2816
2480
912
-448
-256
1392
2368
1760
1232
1456
1008
-288
-512
640
976
-320
-1520
-1392
-128
1360
1472
-80
-1408
-1232
-144
848
928
32
-416
400
1408
1696
1264
96
-848
-432
144
-80
336
1520
1664
1168
-1840
-512
368
496
384
672
880
320
96
352
-448
-1520
-944
192
32
-1008
-1520
-656
880
1600
1504
976
-592
-2560
-3376
-2656
-976
416
16
-1472
-2272
-2128
-1280
-272
-432
-1344
-1216
-256
160
192
288
160
16
336
432
-224
-368
176
-64
-1248
-2288
-2432
-1232
496
1072
656
464
592
464
256
560
1024
256
-1376
-1792
-672
608
1200
656
-848
-1744
-928
512
624
-544
-1536
-1936
-2160
-1984
-1472
-1360
-1584
-1616
-1632
-1712
-1888
-2352
-2272
-848
432
80
-1088
-1856
-2240
-2448
-2128
-1088
-624
-1552
-2048
-1200
-640
-656
-128
624
560
-624
-1984
-2336
-2064
-2288
-2480
-1216
640
608
-1072
-1488
-640
-912
-1872
-1392
-16
224
-608
-784
-176
224
128
-672
-1888
-1664
80
64
-2064
-2352
-592
-592
-2320
-2880
-2272
-1824
-1728
-2320
-2928
-1776
160
208
-1072
-1408
-720
-16
448
128
-1248
-2528
-2432
-1280
-144
288
64
-800
-2192
-2992
-2768
-2448
-2192
-1760
-1104
272
1152
-208
-2080
-2096
-1392
-1216
-992
-1120
-1696
-1360
-208
-160
-1456
-2432
-2400
-1936
-944
512
1296
992
288
-672
-1920
-2224
-944
192
-112
-208
432
-208
-1568
-912
720
352
-1536
-2608
-2448
-2352
-2624
-1888
-272
240
-448
-1184
-1936
-2256
-1168
624
1120
-400
-1968
-1600
-528
-320
-352
-16
400
512
-128
-1040
-1424
-1600
-2048
-2448
-2400
-2176
-2160
-1600
-96
896
448
-592
-1440
-1120
352
400
-1760
-3120
-2352
-896
96
0
-1120
-1904
-2176
-2704
-2784
-1728
-592
-16
368
352
-208
-544
0
976
1104
-272
-1584
-976
336
-80
-1424
-1392
-160
608
848
1008
208
-1616
-2720
-3072
-3456
-2416
32
896
-528
-2160
-2944
-2144
-112
400
-1008
-1392
-288
0
-352
128
464
-112
-288
112
256
448
336
-768
-1728
-1840
-1632
-1040
-160
176
-48
-144
176
496
608
720
496
-544
-1440
-1296
-384
960
1376
-272
-1984
-1568
-448
-336
-800
-1216
-1504
-1600
-1888
-2432
-2368
-1472
-800
-976
-1472
-1696
-1888
-2336
-2336
-976
528
432
-800
-1856
-2256
-1904
-1504
-1712
-1952
-2016
-2096
-1632
-752
-192
208
384
112
-432
-1376
-2352
-2416
-2208
-2432
-1616
416
880
-816
-1568
-560
-416
-1264
-816
240
-144
-768
-288
144
192
416
-80
-1200
-1024
128
-80
-1152
-784
480
272
-1120
-1936
-2112
-2224
-2080
-1952
-2000
-1248
112
320
-896
-1712
-1312
-448
192
32
-1248
-2480
-2192
-848
240
576
144
-480
-864
-1280
-1712
-1968
-2032
-1856
-976
624
1152
-512
-2000
-1680
-1216
-992
-608
-1232
-1808
-304
1008
-320
-2256
-2448
-1824
-1760
-1376
64
1024
1056
976
-80
-1888
-2112
-640
400
304
-64
-192
-848
-2000
-1664
-16
224
-1056
-2112
-2720
-3248
-3280
-2064
-208
64
-1312
-2224
-2160
-1504
-416
80
-272
-720
-1168
-1216
-672
-752
-1408
-1216
-320
432
496
-768
-2416
-2576
-1776
-1664
-1808
-1504
-1152
-592
64
-96
-432
-304
-752
-992
-48
144
-1264
-2560
-2896
-2176
-608
144
-912
-2512
-3040
-2624
-2400
-1792
-1056
176
1408
2096
1984
1136
368
752
1488
1008
64
144
768
1072
672
-240
-496
384
1200
1200
320
-1248
-2384
-2384
-1520
48
1488
1504
512
-240
-368
256
1072
944
160
32
272
-192
-576
528
1808
1072
-400
-16
1536
2192
1776
992
384
464
976
1440
1648
1360
1200
1648
1600
640
0
432
1040
816
-16
-448
-448
-368
-256
-672
-1616
-1712
-752
112
288
-528
-1920
-2224
-1280
-736
-544
16
336
224
32
-1088
-2608
-2096
80
752
-448
-832
-16
-272
-1392
-992
96
-480
-1808
-2176
-1984
-1472
-800
-736
-736
288
1440
1200
64
-704
-1280
-2288
-2656
-1136
752
1088
272
-624
-1088
-608
128
-112
-848
-1056
-576
320
1152
1440
1232
256
-1024
-656
1040
1216
160
640
1904
1216
-928
-2160
-1760
-560
320
304
-32
416
1312
1328
560
-16
-528
-1040
-992
-912
-1424
-1920
-1888
-992
576
1184
-64
-1488
-1968
-2064
-2016
-1680
-1136
-880
-1152
-608
736
144
-2080
-2272
-736
-48
-192
-976
-1936
-992
1056
720
-1472
-2048
-672
352
448
912
1920
2352
1712
208
-1392
-2048
-1376
64
1200
1248
288
-1072
-1920
-1152
640
1328
256
-1120
-1744
-2032
-2240
-1600
-208
592
144
-944
-1808
-2032
-1168
704
1872
944
-832
-1568
-1232
-768
-400
592
1664
1040
-512
-896
-576
-320
-112
-624
-1456
-1408
-704
352
1232
752
-368
-544
-96
176
176
-544
-1776
-2176
-1216
112
736
592
336
-208
-1440
-2288
-1712
-912
-784
-320
800
1536
1392
656
32
352
1136
800
-352
-208
1296
1968
768
-1024
-1360
160
1600
1424
320
-704
-1600
-2480
-2624
-976
1328
1744
384
-496
-304
416
1152
1312
864
400
-144
-752
-704
256
1136
928
192
16
512
1232
1680
1168
16
-544
-240
336
848
1184
1440
1840
1792
768
-208
208
1328
1360
80
-1008
-1232
-1008
-768
-960
-1424
-1104
-144
176
-384
-1008
-1456
-1952
-2144
-1264
288
1056
640
128
-80
-816
-1696
-1424
-528
-640
-1040
-304
208
-1008
-2192
-1376
-64
-464
-1632
-1744
-1344
-1120
-592
-224
-240
336
1120
1136
768
48
-1200
-2016
-1680
-160
1568
1504
32
-576
-288
-96
-80
-336
-768
-1008
-816
112
1280
1936
1568
-224
-2048
-1360
912
1456
384
480
1536
1024
-928
-2304
-2688
-2176
-768
192
224
624
1168
480
-672
-736
-224
-208
-592
-1104
-1632
-1904
-1664
-480
1024
1024
-208
-1040
-1840
-2768
-2768
-2416
-2272
-1664
-640
640
1664
944
-720
-768
224
480
64
-1024
-2080
-1152
880
1008
-576
-1232
-688
-576
-768
-80
1104
1712
1472
576
-736
-1744
-1232
576
1456
784
160
-384
-1360
-1088
704
1344
160
-864
-1296
-1632
-1392
-1024
-1200
-832
192
-64
-1360
-1648
-576
896
1520
288
-1520
-1856
-1136
-672
-352
352
1040
896
-32
-720
-656
-224
-96
-640
-1056
-576
-64
192
768
912
48
-368
112
352
128
-256
-816
-800
160
1152
1632
1728
1248
-240
-2096
-2736
-1824
-112
1344
2096
1680
1360
1360
992
560
864
1248
272
-1184
-544
1712
2400
1024
64
704
1680
1824
1200
464
-48
-592
-1280
-1392
-240
1248
1184
-288
-1248
-1024
48
1312
1008
-672
-592
1296
1600
464
448
1216
1344
1040
1008
1520
2096
1808
768
-208
-896
-928
336
2096
2720
2208
1648
1536
1616
1632
1728
1936
1616
896
672
768
1072
1520
736
-832
-432
1184
1488
1056
448
-784
-1328
-704
-368
-496
-800
-1264
-992
-192
-624
-1888
-1920
-432
1264
1872
832
-768
-1584
-1904
-1936
-1056
-16
-128
-816
-1008
-544
336
800
400
416
1184
800
-816
-1424
-896
-864
-928
176
1248
528
-1008
-960
480
976
176
160
1216
848
-544
96
1984
2496
1808
96
-2048
-1648
800
1200
-16
512
1904
1344
-576
-1472
-1056
-688
-496
-32
208
256
768
1040
352
-144
336
1040
1376
1248
272
-1152
-1568
-304
1408
1984
1328
-32
-1616
-2224
-1488
-1056
-1328
-992
176
1504
2048
784
-1184
-1504
-288
608
448
-560
-1296
-336
1168
704
-1088
-1680
-928
-144
368
928
1520
2048
2096
976
-448
-320
848
1200
1072
1392
1200
-352
-1712
-1008
976
1696
768
-320
-1248
-2032
-1712
-112
1360
1360
288
-656
-1184
-944
400
1600
1712
944
-416
-928
96
624
448
1040
1440
1152
1120
528
-656
-528
288
-80
-1056
-1280
-496
528
1088
1536
1664
592
-576
32
1200
656
-864
-1312
-336
1120
2080
1872
768
-480
-1408
-1568
-816
144
768
1088
1184
1056
736
416
864
1920
1872
656
192
1072
1920
1584
208
-752
-176
1392
2288
1728
992
1040
400
-1376
-1568
512
1936
1328
160
-704
-816
736
2576
2128
272
-400
32
240
368
976
1760
1888
1248
848
1120
1536
1680
1136
-240
-1216
-528
1120
2240
2416
2096
1920
2096
1728
608
176
928
1216
192
-416
720
2064
1760
304
-784
-832
32
1056
1200
224
-1008
-1520
-1120
-224
448
208
-880
-1472
-1168
-1216
-1824
-1616
-656
240
992
848
-400
-1152
-816
-208
96
-304
-848
-784
-656
-416
720
1824
1696
1424
1808
1376
-352
-1296
-928
-928
-896
304
1136
560
-288
-384
0
-176
-592
480
1792
896
-320
416
1712
2272
1936
320
-1056
-176
1552
1248
-512
-816
496
752
-320
-800
-512
-560
-1072
-1776
-1728
160
2416
2256
432
128
1392
2032
1456
576
0
-192
-224
112
1120
1936
1376
-288
-1392
-1168
-752
-944
-1248
-1184
-128
1632
1904
80
-1440
-1472
-704
528
1408
624
-1088
-800
1552
1936
-400
-1680
-784
304
1008
1280
1424
2144
1888
-128
-1344
-560
496
1024
1392
1616
1328
-32
-1152
-304
1136
1056
272
-48
-400
-1168
-1488
-448
960
1088
-32
-1104
-1552
-1296
-128
1360
1632
176
-1200
-832
128
0
-208
880
2160
2288
1744
1008
224
80
96
-768
-1760
-1888
-1536
-576
896
1856
1936
960
-544
-320
1440
1552
-64
-880
-512
288
976
816
48
-560
-992
-1216
-1168
