3616
6784
5360
448
-2640
-1536
2624
6192
5712
1552
-3984
-7792
-5984
-1680
-2976
-6848
-3024
4976
5456
784
1696
6640
7008
3232
864
496
560
-16
-2704
-6400
-8608
-8448
-5184
-1456
-3120
-6960
-3600
5088
9824
8384
3824
208
1728
5904
5328
512
-1680
-1168
-2768
-6288
-8560
-8416
-5792
-2208
-448
-1008
-2048
-1200
2512
6192
5920
1616
-4400
-7568
-3328
4992
9856
9376
5600
1856
2400
6496
9184
8784
6096
2720
1488
1424
-1360
-5856
-7984
-7856
-7888
-7344
-3648
176
-2032
-6352
-2416
5520
3872
-4272
-5184
-464
-1072
-5504
-4880
-64
1968
1344
2992
6896
9008
7952
5136
1088
-3888
-6944
-4896
112
2432
1152
352
16
-3824
-7424
-2336
5888
3392
-5152
-3200
5504
4144
-4976
-7456
-3120
-400
16
352
192
320
224
-3152
-7584
-6816
-1792
1184
1424
2000
1760
-1584
-5904
-8528
-8688
-5280
-1392
-3072
-6928
-3664
4880
9792
9184
6192
2992
1344
880
-384
-880
2448
6928
6928
3072
976
1536
1328
1088
3808
6752
5168
1152
224
864
-2512
-6688
-2880
5920
7840
2384
-1136
-272
1296
1072
-2672
-6432
-2896
4880
6032
528
-2512
-1184
-96
640
3968
7040
4640
96
1408
6816
7232
2400
-288
-432
-3120
-6560
-4880
160
1920
1296
4256
7536
3296
-4608
-6288
-1216
4640
7200
5296
1312
-912
-80
3264
7232
9232
8032
3872
256
2416
6752
3888
-4640
-9552
-8208
-3520
288
-1328
-6320
-7392
-2864
3808
7456
2528
-5488
-3728
5424
8480
3536
-2928
-7040
-6000
-2064
-2528
-6192
-5040
-64
1728
1232
3648
6896
5488
592
-2464
-1312
2848
6384
5904
1744
-3920
-7824
-5952
-1536
-2880
-6864
-2992
5104
5536
736
1600
6656
7104
3360
1008
608
608
-112
-2896
-6544
-8672
-8560
-5360
-1680
-3296
-7040
-3616
5104
9888
8448
3824
160
1712
5936
5328
448
-1696
-1184
-2864
-6400
-8608
-8480
-5920
-2400
-656
-1184
-2192
-1312
2512
6240
5936
1568
-4512
-7680
-3376
5024
9936
9488
5744
2000
2512
6592
9312
8960
6224
2784
1520
1376
-1504
-5984
-8080
-8016
-8080
-7424
-3712
32
-2192
-6400
-2352
5600
3872
-4336
-5280
-640
-1296
-5648
-4992
-224
1888
1440
3136
6992
9104
8064
5168
1008
-3968
-6992
-4960
128
2560
1280
432
64
-3824
-7472
-2320
6000
3424
-5248
-3232
5600
4224
-5024
-7504
-3136
-400
0
336
192
368
368
-3040
-7616
-6832
-1680
1280
1328
1808
1632
-1664
-5984
-8656
-8800
-5296
-1296
-3024
-6960
-3680
4976
9904
9280
6240
2848
896
368
-560
-704
2640
7008
7024
3184
1024
1552
1392
1168
3872
6800
5200
1184
224
784
-2592
-6704
-2816
6016
7936
2432
-1136
-288
1296
1024
-2736
-6432
-2800
5024
6208
832
-2048
-736
0
416
3760
7120
4912
304
1568
6896
7088
2144
-368
-336
-3104
-6672
-5008
112
1920
1312
4288
7584
3312
-4672
-6304
-1120
4784
7264
5216
1184
-912
96
3408
7232
9248
8112
3728
-96
2160
6736
3936
-4672
-9600
-8192
-3360
560
-1200
-6400
-7536
-2960
3808
7552
2592
-5568
-3840
5456
8688
3712
-2912
-7120
-6064
-2080
-2512
-6208
-5040
80
1936
1280
-5088
-3552
208
4656
7216
6704
2736
-1472
-528
3792
5072
3504
3312
4416
4944
3888
352
-2640
-32
4992
4480
-944
-4688
-5808
-6912
-6528
-2112
3504
5280
3184
1360
2000
3664
4704
4912
3728
944
-1888
-3424
-2944
896
5200
3760
-1120
-832
4272
7008
6080
4384
2768
1728
2160
3632
5152
5936
5968
6480
6416
2880
-1424
-656
3664
5648
4016
832
-1952
-2880
-2864
-3904
-5232
-4944
-3296
-2048
-2368
-3792
-5424
-6912
-6976
-3888
608
2624
2128
2272
2416
-1056
-5600
-4176
1216
1584
-2240
-1632
1824
-320
-5424
-4288
752
400
-4656
-7280
-6320
-4544
-3152
-2864
-2672
-48
4016
5696
3680
-640
-5152
-7728
-6688
-2000
3296
5632
4288
336
-3104
-1648
2304
1536
-2464
-2368
1568
4176
5232
6688
6272
1200
-4256
-3008
2832
5152
3680
3968
5104
2128
-3808
-7648
-7296
-3664
544
2464
2688
3488
4624
4880
3808
992
-1968
-2816
-2704
-3696
-5488
-7200
-6864
-1840
4400
4592
-752
-4896
-5920
-6224
-6512
-6336
-5888
-5440
-3728
976
5104
2080
-4576
-4512
1024
2304
-1712
-5456
-5856
-1568
3872
2304
-4240
-4512
880
1472
-1888
-704
4464
7648
6528
1760
-3776
-6224
-4112
1152
5584
4624
-848
-5520
-6048
-2240
3232
5840
3824
-832
-5360
-7232
-6224
-5088
-3952
-688
2064
32
-4464
-6336
-4096
1088
5008
2656
-3488
-5808
-3744
-2720
-2784
656
5248
3808
-1568
-2528
960
3440
2832
-1104
-5552
-4896
432
5072
6272
3088
-1776
-1888
1872
2144
-1680
-5040
-6176
-4128
720
4400
5168
4848
3408
-640
-5280
-7040
-6160
-5184
-3696
96
4656
7280
6720
2624
-1648
-704
3728
5248
3856
3600
4496
4944
3952
336
-2784
-144
5040
4592
-912
-4768
-5920
-7040
-6640
-2112
3616
5408
3200
1264
1856
3584
4768
5008
3712
896
-1824
-3296
-2880
928
5264
3824
-1072
-784
4336
7056
6112
4384
2720
1600
2032
3584
5248
6096
6112
6624
6560
2976
-1360
-576
3744
5680
4000
816
-1984
-2912
-2928
-3984
-5312
-4992
-3360
-2144
-2480
-3904
-5488
-6944
-6992
-3888
624
2704
2368
2576
2608
-1072
-5712
-4192
1264
1536
-2384
-1632
1872
-432
-5520
-4176
896
432
-4688
-7360
-6480
-4656
-3152
-2816
-2608
96
4160
5792
3760
-608
-5232
-7840
-6752
-2016
3344
5744
4384
336
-3168
-1712
2320
1600
-2496
-2400
1600
4240
5296
6800
6368
1184
-4336
-3072
2832
5232
3840
4112
5136
2080
-3856
-7712
-7344
-3648
672
2704
2912
3584
4640
4912
3824
960
-2032
-2896
-2816
-3856
-5584
-7168
-6768
-1792
4336
4464
-848
-4960
-6000
-6288
-6576
-6416
-6000
-5488
-3744
992
5152
2096
-4624
-4560
1024
2320
-1728
-5520
-5920
-1568
3888
2272
-4272
-4528
896
1456
-1968
-832
4416
7584
6400
1712
-3760
-6320
-4448
880
5536
4640
-944
-5632
-6080
-2224
3264
5904
3888
-816
-5440
-7280
-6240
-5136
-4032
-688
2128
0
-4576
-6352
-4000
1184
5088
2640
-3600
-5840
-3584
-2496
-2592
848
5488
4080
-1392
-2496
880
3280
2672
-1200
-5648
-5008
368
5088
6336
3168
-1792
-1968
1872
2192
-1664
-5136
-6304
-4240
656
4384
5184
4912
3440
-624
-5328
-7136
-6192
-4768
-6624
-4112
1328
4640
3664
-896
-5232
-4592
336
5232
7328
5584
2816
4256
6768
2320
-4928
-4176
1328
464
-5280
-6912
-4528
-3248
-2960
-1424
1280
4256
6288
7088
7056
5152
2864
4400
6800
2976
-4688
-8720
-7392
-2592
1728
112
-4848
-4352
1184
3904
3264
3936
5984
7184
7104
5616
3568
2704
3168
4080
3440
-688
-5168
-4672
400
5744
7296
2688
-4624
-8496
-7968
-5520
-3472
-3968
-6304
-7632
-7344
-5840
-3968
-3728
-3760
-464
4688
7120
6832
6848
6512
2480
-2096
96
5264
2272
-5152
-3488
4160
4144
-1296
-464
4656
4064
-1360
-3904
-3248
-4048
-6528
-7920
-6992
-3840
880
5344
6800
3536
-1936
-4624
-3424
-1280
1104
5216
7376
1776
-5728
-3056
4880
2896
-5184
-3904
4480
7152
4240
2800
2432
384
-1680
-1584
752
4512
7280
6480
3072
16
-2160
-4064
-3904
-128
4704
7504
7632
5152
2672
4288
6800
3040
-4640
-8560
-7936
-5936
-4080
-3456
-3136
-512
2128
-240
-5488
-6912
-4336
-2976
-3600
-3424
-3168
-5120
-6656
-3600
1168
848
-2208
208
5392
2912
-5168
-7760
-3824
112
1520
64
-2144
416
5200
2656
-4576
-4944
1232
4688
3312
896
-1744
-5424
-7136
-3280
1952
672
-5360
-7328
-4016
-816
1440
4752
6608
3392
-2176
-4176
-3440
-5360
-7312
-2624
4480
4832
-864
-6064
-7136
-3664
1008
1952
-1152
-4832
-7072
-8016
-7088
-2704
1744
-384
-5648
-3776
4032
8576
7296
2352
-2144
-704
4976
7376
4336
-1824
-6240
-2448
4976
3536
-4848
-8208
-4800
720
5504
6048
3440
3888
6192
3712
-1904
-3968
-3360
-4896
-6768
-4112
1440
4784
3744
-960
-5376
-4656
368
5280
7440
5696
2880
4320
6848
2288
-5088
-4304
1280
384
-5424
-6992
-4480
-3152
-2928
-1472
1232
4288
6416
7264
7216
5232
2896
4480
6912
3008
-4784
-8832
-7504
-2608
1808
160
-4912
-4384
1200
3856
3184
3952
6048
7184
7120
5696
3664
2768
3216
4112
3456
-720
-5264
-4736
432
5888
7440
2704
-4688
-8608
-8144
-5680
-3488
-4000
-6448
-7856
-7568
-6000
-4048
-3728
-3712
-368
4784
7216
6976
7040
6608
2400
-2272
-16
5280
2272
-5168
-3424
4160
3888
-1680
-688
4640
4032
-1600
-4304
-3632
-4288
-6592
-7936
-7056
-3840
960
5472
6912
3552
-2096
-4864
-3568
-1312
1120
5264
7456
1776
-5824
-3104
4976
2976
-5248
-3968
4512
7184
4192
2768
2512
448
-1712
-1664
752
4560
7312
6544
3184
64
-2304
-4384
-4208
-256
4736
7536
7616
5200
2784
4400
6864
3024
-4704
-8592
-7936
-6016
-4192
-3488
-3072
-480
2112
-256
-5520
-7056
-4592
-3232
-3792
-3552
-3264
-5216
-6736
-3552
1280
928
-2240
112
5264
2896
-5168
-7952
-4144
-16
1616
96
-2272
288
5120
2560
-4688
-5008
1216
4672
3328
928
-1760
-5488
-7216
-3328
1952
576
-5536
-7360
-3920
-784
1360
4736
6752
3552
-2128
-4160
-3392
-5360
-7408
-2688
4544
4896
-944
-6176
-7200
-3696
976
1920
-1200
-4864
-7024
-8000
-7136
-2656
1952
-224
-5616
-3792
4048
8592
7248
2160
-2448
-928
4912
7488
4592
-1616
-6256
-2560
4960
3616
-4832
-8368
-5056
576
5504
6096
3504
3952
6224
3616
-2128
-4208
-3424
-4384
-6224
-3904
1024
3872
2736
-1456
-5104
-4320
144
4736
6896
5088
2272
3808
6240
1904
-4752
-3920
816
-336
-5344
-6288
-3808
-2528
-2240
-1104
976
3696
5920
6928
6768
4608
2304
3952
6336
2560
-4800
-8432
-6912
-2448
1152
-560
-4800
-4000
912
3104
2576
3536
5744
6992
6768
5056
2880
2000
2528
3376
2576
-1264
-5056
-4368
240
5248
6752
2272
-4704
-8240
-7584
-5024
-2864
-3520
-6064
-7456
-7056
-5344
-3344
-3024
-2944
176
4720
6752
6512
6576
6032
2240
-1552
800
5072
1632
-5024
-2944
4016
3808
-816
208
4528
3648
-1104
-3136
-2608
-3696
-6336
-7648
-6576
-3632
608
4784
6288
3344
-1616
-3856
-2608
-960
848
4672
6736
1328
-5488
-2544
4688
2320
-5088
-3312
4544
6544
3488
2032
1648
96
-1216
-1136
528
4000
6896
5904
2272
-384
-1840
-3296
-3008
480
4736
7168
7168
4576
2112
3856
6288
2576
-4688
-8256
-7536
-5424
-3408
-2688
-2336
-176
1552
-1040
-5552
-6272
-3632
-2368
-2944
-2752
-2624
-4656
-6192
-3472
608
400
-1680
976
5200
2208
-5264
-7056
-2928
432
976
-432
-1632
1200
5024
2048
-4544
-4608
976
3808
2448
576
-1472
-4832
-6544
-3136
1376
-96
-5424
-6576
-3136
-448
1168
4176
6080
3200
-1792
-3392
-2816
-4960
-6784
-2224
4336
4560
-688
-5520
-6608
-3552
544
1520
-912
-4272
-6752
-7760
-6608
-2512
1136
-1120
-5488
-3136
4192
8160
6704
2144
-1632
32
5008
6640
3344
-2432
-5984
-1872
4832
2912
-4960
-7584
-3872
1424
5472
5392
2784
3424
5744
3488
-1520
-3200
-2720
-4448
-6320
-3920
1104
4000
2816
-1488
-5200
-4368
144
4800
7008
5168
2304
3856
6320
1888
-4880
-4016
800
-384
-5456
-6336
-3760
-2448
-2176
-1136
896
3728
6080
7104
6896
4640
2304
4000
6384
2544
-4864
-8496
-6960
-2432
1216
-544
-4848
-4048
880
3024
2496
3536
5776
6944
6752
5104
2944
2048
2560
3392
2576
-1296
-5104
-4416
256
5328
6832
2256
-4768
-8352
-7712
-5088
-2864
-3552
-6208
-7680
-7264
-5472
-3392
-3008
-2864
272
4784
6800
6640
6752
6096
2160
-1680
720
5072
1616
-5072
-2912
4080
3632
-1200
0
4544
3616
-1344
-3504
-2944
-3888
-6368
-7664
-6640
-3648
672
4880
6384
3328
-1776
-4048
-2720
-976
864
4720
6800
1312
-5584
-2592
4752
2352
-5136
-3344
4560
6560
3472
2016
1696
128
-1232
-1184
528
4048
6928
6000
2432
-352
-2016
-3568
-3280
368
4784
7200
7152
4624
2208
3936
6336
2544
-4736
-8272
-7520
-5472
-3536
-2736
-2272
-144
1536
-1040
-5552
-6384
-3840
-2576
-3120
-2848
-2704
-4768
-6272
-3424
736
480
-1696
912
5152
2224
-5280
-7248
-3200
336
1088
-368
-1728
1072
4960
1952
-4640
-4656
960
3824
2480
608
-1472
-4896
-6656
-3200
1344
-192
-5584
-6592
-3008
-400
1072
4128
6224
3376
-1744
-3392
-2768
-4928
-6832
-2256
4416
4608
-752
-5616
-6672
-3616
512
1488
-976
-4272
-6688
-7776
-6688
-2448
1344
-944
-5472
-3152
4224
8192
6672
1968
-1904
-160
5008
6784
3568
-2288
-6016
-1952
4864
2992
-4976
-7728
-4080
1312
5488
5440
2816
3472
5776
3408
-1744
-3440
-2800
