4864
848
-3520
-6864
-8640
-8512
-5312
-1584
-2736
-6240
-4560
-272
-1440
-5472
-5056
-1264
1184
576
-3248
-7504
-7264
-2432
2752
6528
9344
8800
2320
-5120
-5696
-464
3200
1952
-2448
-5952
-4880
-928
720
-496
-928
-720
-3568
-7472
-6208
-1840
-2016
-6400
-8944
-7856
-4400
-16
2672
1792
-1952
-6192
-8160
-7776
-7936
-8304
-5424
-1600
-2688
-6144
-5152
-1040
672
-368
-1808
-1312
2544
6464
5392
560
-2592
-1680
2064
6304
8960
8944
6208
2528
976
1584
1424
944
3696
7792
7040
1936
-960
-192
96
112
3632
7904
6576
2160
2352
6672
9152
8096
4464
208
-1248
-864
-3072
-6352
-5568
-864
3888
7216
9472
8640
2304
-4848
-5520
-1488
800
768
448
-80
-448
96
1056
864
-1696
-5840
-9328
-8736
-1536
6064
3776
-4416
-5264
-592
-1872
-6368
-3456
4864
9664
9152
6016
2672
1552
1200
-2112
-5856
-4912
-1120
640
-304
-1856
-1488
1808
6240
9504
9024
2496
-5920
-7872
-2816
3072
6752
8256
8240
8176
7664
5264
1040
-4576
-7824
-2784
6160
7808
2288
-1792
-1120
3360
7040
2608
-5472
-3728
5648
7888
2368
-528
-384
-2656
-6656
-9360
-8400
-2080
5216
6352
1440
-4464
-7936
-7328
-2640
3872
7248
3056
-4544
-6256
-1248
4144
7488
9088
7936
4464
1008
-896
0
3808
7008
6016
1280
-4800
-7712
-2816
5184
6096
784
-1584
-752
-3264
-7568
-6704
-1632
1408
1472
720
784
3648
7680
7664
2992
-3024
-7328
-6592
-1744
1392
688
-960
-912
2352
6928
7584
2928
-2976
-6240
-5232
-912
3952
7472
8928
7920
4976
944
-3472
-6960
-8832
-8640
-5248
-1376
-2592
-6288
-4832
-720
-1840
-5648
-5136
-1360
1184
688
-3168
-7520
-7376
-2512
2768
6592
9456
8880
2288
-5216
-5728
-400
3344
2192
-2240
-5920
-4928
-896
736
-656
-1168
-864
-3632
-7536
-6304
-1936
-2128
-6512
-9040
-7904
-4368
80
2832
1984
-1856
-6240
-8272
-7888
-8048
-8448
-5568
-1712
-2768
-6208
-5136
-960
752
-336
-1776
-1280
2544
6480
5456
656
-2496
-1600
2128
6336
8992
9024
6304
2576
944
1408
1104
704
3744
8000
7120
1856
-928
-96
80
96
3824
8096
6528
2016
2384
6832
9312
8224
4528
144
-1376
-1040
-3264
-6480
-5664
-960
3888
7328
9584
8672
2272
-4960
-5664
-1568
784
784
448
-112
-496
80
1056
816
-1776
-5936
-9472
-8832
-1504
6176
3808
-4464
-5376
-768
-2064
-6464
-3440
4992
9872
9328
6064
2528
1296
976
-2256
-5968
-4960
-1072
720
-288
-1792
-1312
2048
6448
9680
9184
2560
-5936
-7856
-2768
3104
6800
8368
8384
8304
7744
5296
1040
-4608
-7888
-2784
6240
7888
2304
-1776
-1088
3408
7088
2624
-5504
-3712
5712
7968
2384
-528
-320
-2592
-6752
-9536
-8480
-2080
5264
6592
1808
-4240
-7984
-7424
-2576
4096
7424
3072
-4656
-6384
-1312
4192
7600
9184
7968
4512
1072
-864
-16
3840
7072
5984
1168
-4880
-7776
-2848
5216
6064
560
-1920
-1056
-3440
-7712
-6944
-1872
1360
1616
976
992
3728
7712
7744
3072
-3024
-7408
-6704
-1760
1456
720
-992
-976
2304
6960
7712
3088
-2928
-6304
-5328
-960
3952
7472
8928
7920
448
4384
5344
3296
1760
2368
3840
4864
5200
3856
-800
-5360
-3664
1104
96
-4304
-2848
3088
5280
3760
4048
5488
3744
-400
-3280
-3296
-480
2256
544
-4288
-7360
-6768
-2672
1456
-80
-4528
-3056
3568
7184
6208
4304
3328
3616
4720
4656
3168
2560
2416
-80
-4368
-7088
-6672
-3296
992
3088
2528
1872
2544
3824
4832
5328
3872
-832
-4912
-2816
3472
7616
7152
2864
-1440
-608
4288
7504
6848
3424
-720
-2704
-2688
-3392
-5024
-5984
-6160
-6080
-5552
-4256
-3184
-4176
-5120
-1456
3792
2848
-2880
-5280
-3744
-3360
-4624
-4480
-2944
-2432
-2432
160
4656
6768
5904
4944
3552
-304
-4512
-5168
-3072
-2272
-2736
-592
2176
-272
-4640
-2224
3680
2368
-3488
-2288
3648
2624
-3680
-4560
176
3648
3664
768
-2496
-1296
2144
64
-5104
-4032
1344
2176
-1152
-2688
-2528
-3472
-5088
-6560
-6608
-2896
1456
-32
-4384
-3024
3360
7552
7056
3600
-512
-3056
-3136
-1184
1904
4848
5840
3552
-608
-2752
-2352
-2448
-2432
400
4272
5632
4160
1200
-2064
-4848
-5520
-1424
4448
4112
-1184
-1808
2112
2352
-1680
-4992
-5360
-1952
3408
5408
3296
2160
2608
688
-1856
32
4352
5248
3424
3872
5680
3408
-1280
-1392
1696
496
-4112
-5296
-3104
-2432
-2384
1040
4848
2880
-3088
-6064
-3920
640
4496
5824
4224
432
-2400
-368
4720
7120
5968
4192
3360
4272
5248
2272
-3664
-6912
-6112
-4128
-3056
-4000
-5520
-3872
928
5200
5872
1392
-3984
-2368
3984
4944
-304
-5040
-6048
-2992
1104
480
-3952
-5328
-3312
-2528
-2432
400
4416
5408
3440
1984
2592
3984
4896
5280
4016
-656
-5216
-3472
1296
224
-4272
-2832
3136
5328
3760
4048
5520
3808
-352
-3280
-3296
-432
2224
432
-4432
-7488
-6912
-2864
1280
-208
-4608
-3040
3680
7344
6304
4336
3344
3664
4784
4672
3168
2576
2448
-144
-4464
-7200
-6784
-3424
880
2960
2432
1808
2496
3840
4896
5360
3840
-928
-5040
-2864
3488
7632
7200
2976
-1312
-560
4272
7520
6928
3488
-720
-2752
-2784
-3536
-5120
-6032
-6208
-6112
-5536
-4320
-3376
-4336
-5168
-1456
3792
2832
-2928
-5408
-3920
-3488
-4672
-4592
-3152
-2576
-2416
256
4800
6944
6080
5056
3520
-352
-4544
-5264
-3104
-2224
-2656
-560
2224
-240
-4672
-2208
3760
2416
-3520
-2288
3712
2672
-3680
-4560
176
3648
3648
752
-2544
-1296
2240
192
-5024
-3952
1456
2240
-1264
-2896
-2656
-3504
-5104
-6592
-6624
-2832
1584
-16
-4496
-3104
3392
7632
7056
3536
-672
-3424
-3552
-1312
2048
4960
5872
3600
-560
-2784
-2432
-2496
-2432
432
4336
5696
4176
1168
-2160
-4976
-5568
-1424
4464
4128
-1168
-1776
2160
2352
-1760
-5104
-5392
-1920
3456
5504
3552
2544
2928
752
-2048
-224
4272
5376
3616
4032
5696
3232
-1520
-1440
1824
576
-4160
-5424
-3216
-2496
-2416
1040
4880
2880
-3120
-6112
-3904
752
4624
5840
4192
480
-2272
-224
4800
7248
6144
4176
3184
4224
5376
2336
-3744
-7072
-6224
-4048
-2864
-3936
-5584
-3984
880
5248
5920
1392
-4064
-2432
4016
5072
-208
-5088
-6160
-3056
1136
512
-3968
-5312
-3168
-2352
-2384
-3600
976
4784
6560
7232
7264
5392
3040
4160
6304
3152
-1904
-400
4544
3904
-768
-2160
768
4704
7168
6880
3840
-592
-4976
-8208
-7808
-1856
4784
4544
-1264
-5216
-4160
624
4960
3744
-1008
-1856
1632
3504
3088
4544
6960
5984
3200
3456
6128
7680
6816
3264
-1680
-4752
-4000
32
4912
7296
6848
6672
7120
5424
3136
4288
6272
3504
-1344
-1824
1632
4528
4032
-560
-5248
-4208
1344
5056
4144
-80
-4928
-7696
-7632
-5824
-3744
-3008
-3584
-3360
-2832
-4528
-7168
-6736
-3232
0
1296
1072
-912
-4752
-7568
-6144
-3104
-3440
-6336
-7968
-7088
-3392
1520
3536
3120
4464
6272
4064
-1168
-5056
-6704
-7984
-7472
-1872
4592
4080
-848
-1632
1024
944
-1264
-832
1248
448
-1920
-560
4320
8368
7952
1408
-5536
-3264
4256
4064
-1456
-112
5280
3376
-4208
-8416
-7872
-5760
-3808
-3552
-3376
480
5024
3792
-880
-1872
1328
4240
3808
0
-4928
-8368
-8016
-2272
5216
7696
4320
-848
-5216
-7232
-7056
-7008
-6672
-3776
1008
5840
7568
2480
-5408
-7600
-3840
656
2496
-864
-5664
-2592
4976
3664
-4912
-7712
-3760
-480
1488
4176
6432
7936
7328
1824
-4688
-4832
608
5472
7328
6960
4160
-1520
-5840
-2768
4160
4912
-768
-5344
-6896
-7712
-6848
-2944
1248
2032
-1104
-5360
-6944
-4288
928
6064
7536
2240
-4912
-4752
1232
4000
3040
4288
7056
6544
3200
0
-2320
-3200
-3072
-4512
-7024
-7200
-4272
752
5744
6832
3616
-272
-1952
-368
2080
208
-5184
-7536
-4560
944
5088
4256
-784
-5168
-6992
-7664
-6864
-3584
1120
4928
6656
7312
7344
5440
3120
4320
6464
3264
-1776
-224
4688
3984
-736
-2208
672
4656
7232
6976
3856
-688
-5152
-8416
-7952
-1824
4912
4608
-1280
-5216
-4128
656
5008
3760
-1072
-1920
1648
3552
3136
4592
7040
6080
3280
3552
6272
7840
6912
3296
-1792
-5008
-4208
16
5040
7408
6928
6800
7280
5568
3200
4352
6336
3456
-1488
-1904
1632
4512
3952
-640
-5280
-4224
1248
4912
4032
-112
-4960
-7792
-7792
-5984
-3856
-3056
-3552
-3328
-2880
-4688
-7296
-6864
-3472
-80
1568
1280
-1200
-5200
-7696
-6144
-3280
-3696
-6432
-7920
-7056
-3296
1792
3840
3312
4624
6384
4112
-1168
-5136
-6800
-8048
-7504
-1856
4720
4256
-720
-1648
880
832
-1216
-720
1328
448
-1920
-496
4512
8576
8064
1392
-5616
-3280
4320
4080
-1552
-176
5328
3408
-4256
-8448
-7872
-5776
-3936
-3760
-3616
336
5024
3776
-1024
-1936
1488
4464
3952
32
-4976
-8512
-8176
-2336
5248
7744
4400
-736
-5152
-7296
-7168
-7136
-6752
-3760
1088
5920
7616
2480
-5520
-7792
-4048
544
2592
-656
-5552
-2576
4976
3664
-4928
-7808
-3936
-608
1504
4288
6576
8048
7376
1776
-4816
-5024
480
5520
7472
7024
4048
-1776
-6080
-2800
4304
5120
-656
-5424
-7056
-7824
-6928
-3040
1168
1984
-1136
-5440
-7040
-4288
960
6080
7584
2288
-4944
-4736
1392
4208
3184
4352
7104
6736
3456
64
-2480
-3424
-3232
-4544
-7008
-7280
-4464
576
5712
6976
3744
-336
-2112
-400
2208
368
-5136
-7664
-4720
928
5152
4240
-912
-5232
-6944
-7600
-6864
-3344
816
4416
6320
7088
6976
4896
2592
3856
5936
2960
-1488
160
4464
3600
-560
-1792
672
4352
6912
6480
3152
-1120
-5024
-7888
-7264
-1424
4704
4240
-1152
-4608
-3408
1072
4800
3456
-752
-1424
1456
2880
2608
4336
6736
5552
2720
3136
5984
7488
6432
2992
-1520
-4176
-3280
544
4960
6992
6544
6496
6848
4960
2688
3968
5920
3344
-1008
-1440
1456
3872
3280
-992
-5088
-3840
1232
4448
3424
-544
-4960
-7440
-7296
-5392
-3216
-2512
-3056
-2832
-2400
-4272
-6928
-6256
-2560
272
944
688
-784
-4384
-7200
-5696
-2640
-3136
-6160
-7712
-6640
-3104
1296
2976
2656
4160
5920
3824
-992
-4688
-6464
-7776
-6960
-1424
4480
3840
-528
-1280
688
560
-912
-432
896
32
-1536
112
4544
8112
7392
928
-5360
-2752
4208
3776
-1072
512
5168
2816
-4368
-8128
-7504
-5296
-3280
-2992
-2688
976
4864
3488
-624
-1488
1168
3616
3104
-496
-5008
-8048
-7456
-1776
5264
7136
3504
-1408
-5232
-6912
-6800
-6768
-6288
-3520
896
5488
7072
2016
-5440
-7040
-3072
944
2000
-1488
-5456
-1968
4896
3056
-5040
-7136
-3056
-192
1264
3760
6224
7760
6864
1376
-4624
-4560
496
5120
7056
6528
3376
-2096
-5632
-2224
4176
4624
-656
-4960
-6656
-7456
-6384
-2704
960
1680
-992
-4896
-6512
-4096
800
5712
7024
1840
-4800
-4432
1104
3408
2560
4080
6832
6080
2576
-320
-2032
-2560
-2560
-4256
-6784
-6720
-3520
1360
5744
6240
2864
-560
-1520
48
1712
-480
-5264
-6928
-3696
1504
4976
3904
-704
-4768
-6736
-7408
-6480
-3360
944
4560
6416
7152
7040
4944
2656
3984
6080
3072
-1344
336
4592
3664
-512
-1824
576
4304
6944
6528
3136
-1200
-5184
-8096
-7376
-1376
4832
4320
-1152
-4624
-3376
1136
4864
3472
-816
-1488
1472
2928
2656
4352
6784
5648
2800
3216
6112
7600
6512
2992
-1632
-4384
-3456
496
5008
7056
6624
6640
7024
5088
2720
3968
5936
3296
-1136
-1520
1456
3840
3168
-1104
-5136
-3872
1120
4272
3280
-608
-4992
-7504
-7408
-5520
-3296
-2512
-3024
-2784
-2432
-4400
-7024
-6352
-2752
224
1216
880
-1056
-4784
-7296
-5648
-2752
-3360
-6240
-7664
-6656
-3040
1552
3248
2832
4304
6032
3904
-960
-4736
-6576
-7872
-7008
-1392
4608
3984
-448
-1312
576
464
-880
-336
960
32
-1520
192
4672
8224
7456
912
-5440
-2784
4256
3760
-1184
448
5216
2864
-4400
-8160
-7488
-5312
-3424
-3200
-2912
832
4864
3456
-768
-1520
1344
3808
3216
-464
-5024
-8176
-7600
-1792
5328
7216
3600
-1280
-5168
-6960
-6880
-6864
-6336
-3504
992
5568
7120
2000
-5584
-7248
-3296
848
2112
-1280
-5360
-1968
4912
3088
-5040
-7216
-3200
-304
1296
3888
6368
7872
6896
1344
-4736
-4736
400
5184
7200
6608
3296
-2288
-5808
-2240
4304
4832
-544
-4992
-6816
-7584
-6464
-2800
832
1584
-1040
-4960
-6544
-4080
848
5728
7056
1872
-4848
-4432
1248
3600
2688
4128
6896
6256
2784
-288
-2176
-2784
-2720
-4272
-6752
-6784
-3696
1216
5728
6384
2960
-624
-1664
16
1840
-336
-5248
-7040
-3824
1472
5024
3888
-800
-4816
-6672
-7344
-6432
