4704
3808
752
-3296
-5872
-5648
-1936
2384
1632
-3072
-4832
-3312
-3152
-4336
-4688
-3728
-480
2864
1120
-3568
-3488
1344
4512
4816
5472
5632
2016
-3216
-5024
-3504
-2256
-2528
-3520
-4464
-4672
-3504
-912
2000
4032
3936
256
-4064
-2848
1872
1760
-3040
-5728
-5152
-4032
-3056
-2384
-2512
-3360
-4432
-4864
-4624
-5136
-5344
-2064
2272
1536
-3088
-5280
-3776
-816
2160
3472
3200
3680
4784
4592
3424
2736
2896
3616
4560
5552
5536
2768
-1552
-3584
-3008
-3216
-3616
-336
4192
3056
-1872
-1824
2384
1856
-2272
-976
3984
3168
-1792
-1680
3136
5760
5248
4176
3360
3616
3824
1184
-3120
-5264
-4032
-544
3472
6160
5872
1984
-3072
-5376
-4048
-384
2864
1744
-2048
-1696
2176
2448
-1392
-4032
-4464
-5328
-5472
-1264
4080
2992
-2912
-4992
-3104
-3504
-4992
-2192
3280
6384
5856
2624
-1472
-3328
-2944
-3264
-4432
-4672
-3568
-944
2208
3488
3184
3504
4528
5792
5808
1792
-3600
-3536
1360
4688
5072
4896
4896
4912
4912
4992
4208
272
-4160
-2144
3728
3536
-1520
-2384
1440
5040
5792
1728
-3824
-2464
3728
3648
-1616
-1680
2208
1600
-3056
-6304
-5856
-1728
3536
5952
4288
-144
-4112
-3552
1024
5184
5840
2272
-3104
-5632
-3920
-96
3792
5856
5440
4672
3776
656
-2448
-928
3552
5840
4288
-240
-4320
-2592
3312
5584
3504
2864
3376
240
-4176
-3040
1728
2400
-1136
-3856
-3584
32
4288
3856
-800
-4768
-5504
-2240
2272
2080
-1696
-2128
1424
4736
5600
3248
-1168
-4208
-4784
-4592
-3616
-448
3696
5680
5216
4704
3920
832
-3328
-5888
-5616
-1840
2464
1600
-3184
-4864
-3248
-3136
-4400
-4736
-3680
-432
2848
1056
-3648
-3536
1392
4624
4960
5664
5760
2032
-3264
-5056
-3408
-2096
-2464
-3552
-4512
-4704
-3504
-896
2000
4064
3984
256
-4112
-2848
1952
1824
-3024
-5744
-5152
-4032
-3104
-2464
-2640
-3488
-4464
-4784
-4544
-5136
-5344
-1920
2528
1744
-3056
-5392
-3856
-752
2304
3616
3296
3744
4880
4688
3488
2800
3008
3696
4624
5632
5616
2848
-1424
-3472
-2944
-3120
-3472
-160
4416
3312
-1616
-1728
2192
1696
-2080
-624
4208
3280
-1664
-1488
3392
6048
5472
4208
3216
3440
3696
1024
-3360
-5408
-3952
-352
3648
6320
6064
2096
-3088
-5408
-4000
-336
2800
1664
-2000
-1584
2176
2432
-1296
-3936
-4544
-5568
-5696
-1328
4272
3216
-2896
-5072
-3104
-3536
-5136
-2336
3264
6480
5984
2640
-1536
-3360
-2960
-3312
-4480
-4688
-3600
-960
2240
3536
3280
3584
4560
5808
5888
1856
-3632
-3616
1328
4736
5168
5024
5056
5024
4976
5024
4176
192
-4272
-2192
3824
3664
-1488
-2432
1376
5056
5904
1792
-3872
-2480
3776
3712
-1520
-1584
2256
1648
-2976
-6224
-5808
-1712
3520
6064
4608
128
-4080
-3568
1152
5360
5904
2256
-3136
-5712
-4016
-160
3808
5872
5424
4688
3904
752
-2480
-1008
3504
5936
4576
48
-4208
-2640
3248
5632
3712
3136
3600
320
-4192
-2928
1984
2544
-1216
-4000
-3680
16
4368
3952
-816
-4816
-5520
-2288
2176
2016
-1744
-2160
1472
4816
5664
3344
-1104
-4224
-4832
-4624
-3616
-368
3808
5856
5456
-2448
576
2816
3664
4016
4032
2992
1696
2432
4016
2352
-1120
-432
3120
2912
-576
-1712
384
2640
3744
3808
2480
-176
-2976
-4960
-4880
-1392
2944
3136
-272
-2752
-2496
224
3312
2672
-832
-1584
784
2000
1696
2448
3648
3200
1968
2048
3264
4320
4304
2384
-592
-2592
-2448
-160
2864
4320
4016
3824
3936
3040
1792
2480
3888
2336
-976
-1488
672
2416
2320
-224
-3344
-3040
320
2640
2368
96
-2912
-4656
-4384
-3200
-1984
-1440
-1616
-1520
-1408
-2464
-3792
-3760
-2400
-416
1200
1120
-672
-2848
-4016
-3344
-1936
-1968
-3424
-4656
-4624
-2576
528
1856
1504
2384
3888
2832
-416
-2848
-3728
-4624
-4784
-1504
3024
2976
-736
-1440
992
1056
-1184
-960
1168
768
-1296
-608
2592
5056
4928
1184
-3328
-2240
2768
2896
-1024
-544
3216
2432
-2320
-4912
-4432
-3168
-2016
-1904
-2208
0
3328
2704
-752
-1584
624
2448
2304
256
-2736
-4912
-4816
-1696
2560
4320
2736
-240
-3072
-4352
-4064
-4128
-4304
-2736
256
3232
4368
1712
-2752
-4400
-2816
-80
1808
0
-3504
-2048
2800
2512
-2352
-4384
-2656
-640
1056
2640
3536
4448
4560
1360
-2992
-3296
320
3248
3872
3712
2704
-544
-3712
-2032
2624
3408
-288
-3168
-3824
-4448
-4544
-2144
1040
1568
-688
-3264
-4192
-2672
528
3584
4480
1424
-2992
-3136
576
2528
2048
2480
3600
3600
2496
592
-1424
-2096
-1840
-2480
-3664
-3936
-2752
0
2976
3904
2624
224
-1712
-832
1472
656
-2784
-4368
-2912
320
3344
3056
-368
-3056
-3776
-4288
-4400
-2608
480
2800
3728
4112
4144
3088
1760
2448
3984
2304
-1168
-464
3168
2928
-688
-1760
512
2832
3808
3776
2448
-144
-2944
-4944
-4864
-1296
3072
3184
-384
-2912
-2592
256
3456
2800
-784
-1616
768
2032
1760
2496
3760
3328
2000
2016
3312
4464
4448
2480
-576
-2560
-2416
-192
2880
4448
4160
3936
4064
3088
1712
2448
4048
2528
-944
-1568
624
2432
2304
-288
-3424
-3104
288
2656
2368
80
-2960
-4672
-4416
-3280
-2096
-1552
-1744
-1696
-1616
-2576
-3776
-3808
-2608
-480
1456
1328
-784
-3008
-4032
-3376
-2096
-2144
-3440
-4544
-4464
-2400
736
2048
1648
2496
3920
2784
-512
-2944
-3760
-4592
-4736
-1456
3040
2944
-768
-1456
1040
1088
-1312
-1104
1216
832
-1440
-800
2560
5056
4864
1136
-3328
-2240
2720
2848
-1088
-608
3200
2432
-2336
-4912
-4432
-3184
-2064
-1920
-2176
80
3440
2784
-768
-1648
544
2400
2272
176
-2864
-5040
-4880
-1696
2624
4384
2784
-224
-3072
-4352
-4064
-4160
-4384
-2736
336
3280
4400
1712
-2752
-4416
-2832
-144
1744
-16
-3504
-1984
2896
2592
-2368
-4480
-2800
-816
944
2624
3632
4624
4704
1408
-3056
-3472
80
3120
3936
3808
2736
-608
-3792
-2048
2704
3488
-240
-3152
-3840
-4464
-4608
-2272
992
1680
-576
-3296
-4304
-2864
288
3440
4496
1520
-3008
-3264
448
2368
1872
2384
3648
3616
2416
592
-1280
-1952
-1792
-2512
-3712
-3968
-2768
64
3120
4032
2672
272
-1664
-832
1392
544
-2848
-4416
-3040
208
3376
3104
-432
-3152
-3856
-4368
-4416
-4480
-2304
928
4080
5936
5792
2752
-752
224
4160
4368
1472
1712
4448
4624
2032
-704
-1568
896
4384
4208
448
-2912
-4624
-6192
-6288
-2064
3680
4976
2144
64
416
2432
4640
4544
2016
-208
-1104
-1904
-1936
1024
4608
3440
-480
-288
3648
5984
5536
3904
1840
400
528
2176
4352
5376
5104
5360
5552
2832
-768
144
4080
4864
2144
-272
-1232
-1104
-880
-2528
-4928
-4672
-2192
-496
-704
-2288
-4448
-6032
-5936
-3520
-64
1568
1120
1248
1504
-1184
-4784
-3968
-96
816
-992
-464
1280
-880
-4768
-3776
272
96
-3904
-6240
-5856
-4080
-1952
-1472
-1792
496
4160
5024
2496
-1136
-4272
-6480
-6384
-2160
3568
5168
2400
-512
-1456
-560
816
528
-992
-1200
352
2368
4240
6112
6192
1488
-4464
-3248
3328
4864
1568
2032
4928
2672
-3360
-6736
-6144
-3312
32
1312
880
2176
4640
4544
2000
-304
-1312
-1120
-912
-2160
-4384
-6400
-6384
-2064
3728
4528
464
-3232
-4944
-5504
-5376
-5392
-5488
-4784
-2704
1536
5104
2304
-3920
-4528
-336
1488
-144
-3376
-5664
-2240
3984
2960
-3680
-4624
-256
672
-1120
176
3840
6448
6208
1856
-3904
-5808
-2944
1648
4704
4176
544
-3808
-5792
-2576
3392
5552
2608
-1440
-4464
-6144
-5920
-4304
-2144
368
1440
-928
-4496
-5376
-2848
1776
5120
2528
-3696
-5424
-2256
-896
-1456
976
4592
3696
-160
-1360
224
1696
1520
-1280
-4720
-4528
-768
3248
5168
3360
-256
-1216
368
960
-304
-2864
-5088
-4288
-688
2912
4880
4656
2240
-1296
-4416
-6000
-5776
-4544
-2368
912
4128
6000
5824
2752
-816
176
4224
4480
1520
1744
4512
4688
2032
-800
-1728
768
4400
4304
432
-3008
-4752
-6352
-6432
-2112
3728
5056
2144
-96
240
2368
4720
4656
2000
-256
-992
-1712
-1792
1136
4704
3520
-416
-240
3712
6112
5728
3968
1744
240
384
2096
4384
5472
5168
5440
5664
2928
-704
208
4192
4896
2000
-416
-1232
-1056
-848
-2512
-4960
-4768
-2224
-464
-688
-2336
-4528
-6160
-6032
-3568
-128
1456
1024
1200
1488
-1248
-4880
-4048
-128
848
-880
-416
1200
-1024
-4912
-3872
208
16
-3984
-6304
-5936
-4192
-2000
-1376
-1648
560
4240
5136
2512
-1184
-4320
-6512
-6416
-2128
3616
5232
2464
-496
-1536
-592
912
576
-1008
-1216
336
2352
4288
6192
6224
1456
-4544
-3328
3328
4976
1664
2064
5024
2800
-3376
-6848
-6240
-3344
64
1328
816
2128
4688
4592
2032
-256
-1296
-1184
-992
-2224
-4448
-6464
-6448
-2080
3744
4512
400
-3264
-4960
-5568
-5472
-5520
-5616
-4848
-2704
1600
5216
2368
-3952
-4608
-352
1504
-144
-3424
-5760
-2256
4064
2992
-3744
-4752
-384
576
-1136
224
3840
6464
6256
1904
-3968
-5920
-3056
1600
4768
4272
544
-3920
-5904
-2640
3408
5584
2592
-1488
-4496
-6176
-5968
-4384
-2224
352
1472
-976
-4640
-5488
-2880
1776
5168
2576
-3744
-5520
-2320
-976
-1520
1040
4720
3776
-128
-1360
240
1760
1584
-1312
-4832
-4592
-736
3312
5232
3424
-256
-1184
448
960
-448
-2976
-5136
-4320
-656
2976
4912
4736
2320
-1312
-4544
-6096
-5856
-4256
-2240
944
4032
5776
5488
2464
-800
256
4048
4304
1680
1872
4272
4496
2144
-608
-1616
848
4256
3936
240
-2848
-4384
-5840
-5840
-1792
3600
4832
2272
368
672
2464
4480
4480
2176
-64
-1120
-1952
-1856
1088
4432
3168
-576
-224
3584
5712
5296
3856
1984
688
800
2240
4176
5120
4880
5168
5264
2528
-864
160
3984
4768
2192
-240
-1344
-1280
-1008
-2432
-4560
-4368
-2176
-672
-864
-2288
-4208
-5648
-5488
-3056
288
1728
1280
1472
1680
-1056
-4480
-3504
240
864
-1024
-368
1440
-736
-4496
-3328
576
192
-3712
-5824
-5424
-3824
-1952
-1536
-1728
528
4064
4912
2528
-992
-4064
-6112
-5872
-1824
3536
5072
2432
-512
-1504
-416
1088
592
-1088
-1088
672
2512
4080
5776
5792
1328
-4128
-2864
3232
4672
1776
2208
4672
2432
-3168
-6272
-5648
-2864
352
1568
1136
2224
4416
4416
2144
-176
-1376
-1280
-1024
-2112
-4144
-6000
-5888
-1728
3664
4208
256
-3184
-4640
-5104
-4992
-5008
-5120
-4512
-2608
1456
4848
2128
-3712
-4048
32
1520
-336
-3344
-5200
-1808
3872
2688
-3472
-4080
48
624
-1200
176
3792
6240
5872
1712
-3648
-5408
-2736
1616
4528
3888
336
-3648
-5280
-2176
3344
5392
2672
-1200
-4160
-5712
-5472
-4080
-2096
464
1632
-720
-4256
-5168
-2736
1760
4944
2368
-3520
-5072
-2192
-1040
-1456
1056
4432
3376
-304
-1184
608
2016
1648
-1216
-4448
-4032
-352
3328
4912
3008
-448
-1024
688
1024
-512
-2880
-4704
-3776
-320
2928
4608
4464
2304
-1136
-4240
-5664
-5392
-4304
-2320
880
4048
5824
5520
2480
-880
176
4032
4336
1680
1888
4352
4528
2160
-640
-1728
720
4272
4000
176
-2976
-4464
-5920
-5936
-1792
3664
4864
2208
192
496
2400
4480
4480
2112
-160
-1104
-1808
-1776
1120
4512
3264
-512
-176
3664
5840
5392
3840
1888
512
656
2208
4256
5200
4976
5296
5440
2704
-736
208
4032
4784
2096
-320
-1280
-1200
-1024
-2480
-4624
-4432
-2176
-576
-768
-2256
-4272
-5776
-5600
-3152
192
1680
1248
1440
1616
-1136
-4576
-3584
208
896
-944
-368
1328
-832
-4496
-3360
512
112
-3792
-5920
-5488
-3888
-1952
-1440
-1648
544
4064
4976
2544
-1008
-4080
-6128
-5888
-1824
3536
5072
2512
-432
-1552
-464
1136
576
-1152
-1136
592
2464
4160
5904
5856
1296
-4224
-2944
3232
4736
1776
2192
4752
2512
-3184
-6400
-5808
-2976
288
1536
1088
2224
4448
4448
2160
-176
-1408
-1328
-1088
-2176
-4208
-6048
-5936
-1728
3664
4144
128
-3216
-4624
-5136
-5072
-5104
-5200
-4560
-2544
1600
4944
2112
-3728
-4016
32
1472
-352
-3376
-5264
-1824
3920
2704
-3504
-4128
16
656
-1152
192
3744
6224
5904
1760
-3648
-5488
-2896
1536
4608
3968
304
-3776
-5392
-2240
3360
5408
2656
-1248
-4256
-5792
-5488
-4160
-2256
384
1648
-704
-4288
-5152
-2720
1744
4928
2416
-3520
-5136
-2208
-1040
-1472
1088
4544
3472
-288
-1216
544
2016
1712
-1184
-4480
-4048
-288
3408
4944
3008
-432
-1008
704
992
-624
-3024
-4816
-3760
-192
3072
4704
4560
2368
-1136
-4304
-5744
-5456
