-592
3600
4944
3440
2240
2528
3552
4496
4928
3984
160
-4064
-2720
2000
1184
-3680
-2864
2896
5040
3360
3600
4912
2816
-1488
-4096
-3760
-672
2512
1440
-2960
-5968
-5648
-1920
2256
944
-3744
-2992
2768
6000
5360
3904
2864
3184
4560
4416
2976
2928
3264
816
-3296
-5840
-5552
-2512
1504
3504
3152
2448
2560
3504
4528
5024
3952
-64
-4176
-2800
2736
6368
5872
2048
-2016
-1488
3024
6128
5680
2512
-1584
-3488
-3056
-3232
-4336
-4752
-4624
-4688
-4704
-3904
-2928
-3920
-5120
-1648
3776
2928
-2816
-5104
-3472
-3152
-4368
-4224
-3200
-3360
-3552
-992
3312
5424
4960
4528
3856
656
-3488
-4736
-3344
-2944
-3360
-896
2624
832
-3872
-2288
3568
2560
-3456
-2480
3568
2736
-3264
-3728
1168
4304
3920
944
-2384
-1392
2272
928
-3824
-3184
1632
2176
-1520
-3408
-2976
-3280
-4336
-5360
-5408
-2064
2208
880
-3776
-3040
2672
6304
5760
2656
-1328
-3808
-3536
-1376
1600
4432
5312
2784
-1440
-3504
-3056
-3184
-3456
-784
3424
5248
3888
1168
-1728
-4560
-5504
-1648
3840
3312
-1632
-1968
1824
2288
-1152
-4480
-5344
-2064
3328
5248
3424
2704
3120
832
-2288
-880
3600
4960
3184
3488
5088
2656
-1872
-1568
2064
1360
-3280
-5024
-3296
-2944
-3360
-32
4336
2832
-2912
-5792
-4000
16
3840
5376
3872
416
-2304
-944
3376
5952
5536
3936
2688
3680
5216
2512
-3072
-5904
-5344
-3776
-2688
-3536
-4864
-3104
1152
4816
5648
1520
-3936
-2576
3424
4160
-688
-4752
-5488
-2352
2032
1568
-3136
-5024
-3344
-2912
-3344
-720
3536
4960
3520
2384
2704
3696
4576
4960
3952
32
-4192
-2768
2016
1152
-3744
-2848
3024
5104
3376
3664
5024
2928
-1360
-3936
-3632
-624
2480
1360
-3072
-6128
-5808
-1968
2304
976
-3760
-2960
2912
6144
5456
3984
2992
3312
4592
4432
3024
2976
3312
912
-3248
-5856
-5568
-2480
1632
3728
3408
2672
2752
3584
4480
4992
4064
32
-4176
-2816
2768
6400
5904
2064
-2080
-1600
2976
6144
5744
2592
-1536
-3488
-3056
-3232
-4432
-4944
-4816
-4832
-4864
-4016
-2816
-3776
-5248
-1808
3888
3056
-2928
-5200
-3360
-3104
-4560
-4352
-2976
-2944
-3232
-784
3472
5600
5120
4592
3744
528
-3616
-4848
-3360
-2848
-3232
-816
2624
784
-3984
-2320
3680
2624
-3568
-2592
3632
2832
-3328
-3904
944
4000
3584
832
-2240
-1264
2240
880
-3904
-3328
1520
2176
-1408
-3200
-2832
-3296
-4448
-5488
-5536
-2096
2320
960
-3808
-3104
2656
6352
5824
2608
-1520
-4016
-3600
-1312
1712
4528
5344
2784
-1488
-3520
-2976
-3104
-3408
-720
3552
5344
3920
1200
-1648
-4512
-5536
-1648
3952
3408
-1616
-1952
1888
2304
-1200
-4592
-5488
-2192
3264
5280
3552
2896
3280
896
-2400
-1120
3408
4928
3312
3584
5088
2576
-1984
-1600
2096
1376
-3328
-5088
-3344
-3024
-3488
-144
4304
2928
-2816
-5856
-4208
-224
3680
5376
4000
480
-2432
-1104
3328
5952
5520
3968
2800
3744
5200
2512
-3056
-5936
-5408
-3856
-2784
-3632
-4992
-3216
1136
4912
5808
1632
-3936
-2624
3408
4192
-640
-4752
-5536
-2384
2048
1488
-3296
-5120
-3344
-2880
-3248
-2768
-4048
-2704
512
2688
2544
-208
-3456
-3248
224
3136
4000
3168
1840
2560
4160
1680
-3120
-3024
816
768
-2928
-4112
-2432
-1696
-2000
-1136
864
2624
3648
4128
4128
3088
1872
2640
4016
2048
-2416
-5216
-4944
-1968
1344
560
-3104
-3120
544
2400
1952
2320
3504
4112
3984
3200
2176
1584
1552
2192
2352
-144
-3504
-3328
176
3472
4352
1808
-2592
-5040
-4624
-3200
-2128
-2272
-3536
-4432
-4336
-3360
-2096
-1904
-2208
-464
2816
4416
4064
4176
4464
2064
-1344
-336
3376
1952
-3120
-2480
2720
2992
-928
-672
3088
3056
-480
-2176
-1824
-2272
-3632
-4688
-4624
-2784
288
3152
4288
2624
-624
-2624
-2352
-992
768
3168
4432
1376
-3360
-2240
2896
2288
-2912
-2784
2320
4240
2368
1552
1888
592
-1488
-1424
800
2896
3744
3616
2496
576
-1312
-2576
-2464
-272
2864
4544
4304
2944
1792
2608
4016
2032
-2544
-4992
-4528
-3344
-2224
-1968
-2192
-640
1584
432
-3088
-4160
-2560
-1584
-1808
-1728
-1584
-2832
-4240
-2608
912
1024
-1520
-352
3328
2320
-2528
-4624
-2992
-336
1632
736
-1744
-416
3312
2048
-2848
-3376
416
2896
2528
928
-1136
-3440
-4448
-2192
1248
864
-2768
-4416
-2960
-960
960
3104
4128
2384
-944
-2416
-1984
-3008
-4416
-1744
2832
3136
-528
-3776
-4512
-2320
1056
1632
-960
-3152
-3728
-4384
-4608
-1984
1488
416
-3344
-2640
2112
5136
4720
1728
-1520
-944
2624
4400
3040
-608
-3872
-1968
2880
2592
-2304
-4736
-3216
-48
3040
3632
2128
2272
3776
2608
-848
-2400
-1936
-2704
-4112
-2832
496
2704
2480
-320
-3552
-3280
288
3232
4016
3200
1936
2624
4080
1568
-3168
-3008
832
784
-2960
-4224
-2544
-1792
-2096
-1168
928
2752
3680
4096
4112
3056
1792
2656
4080
1984
-2544
-5264
-4928
-1984
1312
464
-3248
-3200
576
2384
1872
2272
3504
4176
4096
3248
2144
1504
1440
2096
2256
-192
-3504
-3344
96
3440
4368
1808
-2624
-5104
-4704
-3280
-2224
-2416
-3664
-4512
-4384
-3424
-2208
-2064
-2336
-512
2816
4432
4064
4160
4384
1952
-1520
-512
3296
1952
-3072
-2464
2656
2784
-1232
-912
2944
2912
-752
-2560
-2176
-2432
-3600
-4656
-4656
-2768
432
3280
4256
2480
-800
-2752
-2432
-1056
720
3152
4448
1344
-3392
-2224
2880
2208
-2960
-2784
2256
4192
2528
1872
2160
672
-1648
-1632
720
2912
3760
3632
2592
672
-1360
-2704
-2560
-288
2832
4528
4352
2992
1808
2640
4080
2032
-2592
-5024
-4592
-3344
-2192
-1952
-2240
-704
1536
448
-3056
-4208
-2672
-1680
-1904
-1808
-1632
-2896
-4304
-2560
1024
1072
-1552
-368
3312
2272
-2544
-4624
-3056
-464
1568
784
-1712
-384
3376
2064
-2880
-3456
304
2720
2336
848
-1088
-3424
-4576
-2336
1200
848
-2848
-4480
-2928
-864
960
3056
4144
2448
-944
-2448
-1968
-2992
-4464
-1824
2864
3328
-336
-3744
-4688
-2528
912
1600
-896
-3152
-3920
-4624
-4752
-2032
1424
336
-3472
-2752
2128
5264
4864
1808
-1504
-960
2624
4416
3024
-624
-3888
-2000
2880
2640
-2336
-4832
-3312
-80
3104
3696
2160
2352
3872
2592
-880
-2400
-2048
-976
-4576
-4800
-2160
-288
-496
-2496
-4784
-5040
-2592
1600
4864
3408
-496
576
4752
2816
-3664
-4960
-1712
-1888
-4800
-4032
-288
1824
1408
-224
-1296
448
3968
6192
5936
2800
-768
624
4672
3120
-3136
-6640
-6032
-3680
-1456
-2016
-4656
-4576
-1936
-1120
-1536
480
4000
6112
5824
3216
-176
-1872
-1584
-736
-688
-2480
-4784
-5088
-2624
1872
5168
2880
-3136
-6832
-6288
-2896
480
-48
-3840
-6384
-6016
-3328
160
1504
992
1984
4400
5536
5248
5296
5488
3776
1296
2464
5280
2176
-4176
-3280
3360
5072
1904
1824
4624
4528
1968
1168
1472
-480
-4080
-6016
-5680
-4544
-2496
1216
4640
4592
1968
784
1232
80
-1568
960
5008
2320
-4192
-2832
3968
2864
-3984
-3232
3504
4640
272
-2256
-1728
-208
1104
288
-1264
784
4544
3904
0
-1168
544
1120
784
2112
4432
5984
5856
2768
-768
688
4688
3136
-3136
-6800
-6144
-3408
-96
1760
1376
544
-400
-2816
-5088
-3840
-64
1808
1296
1408
1616
-848
-4512
-4912
-2144
-192
464
2928
5424
2240
-3936
-4432
-208
1072
-672
-1184
112
3024
5408
2480
-3728
-5328
-2208
-592
-1056
-48
1264
-880
-4656
-4576
-1680
-2064
-4864
-3824
80
672
-1088
480
4352
4768
1936
960
1472
-1392
-5152
-2816
3472
5728
2720
-1680
-4816
-4928
-2304
576
1408
-704
-4192
-6256
-6032
-3712
-1232
-2384
-5184
-2928
3232
6608
6048
3584
1232
2048
4704
4256
576
-3680
-5808
-1952
4240
3072
-3552
-5152
-976
3360
5312
3360
-400
128
4176
4784
1888
912
1392
-944
-4624
-4864
-2160
-256
-544
-2624
-4896
-5040
-2544
1648
4944
3456
-432
656
4816
2800
-3728
-5088
-1840
-2000
-4848
-4080
-320
1808
1424
-224
-1280
480
4016
6256
6000
2784
-800
656
4768
3136
-3248
-6800
-6176
-3728
-1376
-2000
-4768
-4688
-1824
-864
-1296
608
4080
6192
5952
3360
0
-1680
-1408
-544
-512
-2368
-4784
-5120
-2640
1936
5248
2880
-3280
-6992
-6416
-3008
400
-112
-3920
-6464
-6080
-3424
16
1408
928
1984
4464
5616
5344
5424
5632
3856
1280
2448
5312
2192
-4272
-3360
3408
5120
1856
1776
4672
4560
1840
944
1328
-528
-4128
-6144
-5824
-4560
-2448
1200
4640
4704
2080
784
1184
16
-1616
944
5040
2336
-4224
-2864
4000
2880
-4000
-3248
3520
4672
304
-2160
-1616
-176
976
128
-1376
704
4560
4032
64
-1200
480
1088
784
2144
4480
6080
6000
2864
-784
704
4784
3216
-3152
-6912
-6272
-3424
32
1952
1504
592
-464
-2944
-5200
-3920
-128
1792
1280
1376
1632
-912
-4656
-5056
-2240
-208
528
3072
5552
2304
-3984
-4528
-240
1152
-576
-1152
96
3056
5504
2496
-3808
-5456
-2336
-688
-1120
-80
1296
-848
-4688
-4592
-1664
-2048
-4880
-3840
80
624
-1136
528
4496
4848
1888
912
1488
-1376
-5232
-2896
3504
5792
2784
-1680
-4896
-5024
-2336
608
1440
-704
-4224
-6320
-6096
-3744
-1200
-2352
-5264
-3008
3248
6688
6096
3632
1328
2192
4800
4304
592
-3744
-5920
-2032
4288
3136
-3584
-5216
-960
3424
5408
3408
-480
48
4240
4912
2000
992
1392
-928
-4416
-4640
-2176
-432
-640
-2480
-4592
-4832
-2528
1584
4752
3200
-592
576
4592
2608
-3584
-4816
-1808
-2000
-4544
-3616
48
2064
1584
-208
-1376
400
3952
6096
5712
2512
-864
688
4592
2928
-3120
-6368
-5728
-3600
-1584
-2080
-4464
-4384
-1984
-1264
-1552
512
3984
5984
5616
2976
-368
-1952
-1616
-832
-848
-2448
-4544
-4896
-2592
1824
5024
2704
-3152
-6640
-5984
-2576
656
-16
-3776
-6176
-5696
-2992
384
1680
1184
2112
4352
5344
5072
5152
5360
3776
1488
2576
5040
1952
-4000
-2960
3376
4976
2032
1920
4432
4368
2112
1376
1568
-432
-3920
-5760
-5408
-4336
-2400
1184
4528
4528
2112
1088
1440
32
-1680
896
4832
2128
-4048
-2592
3840
2624
-3808
-2912
3408
4288
48
-2352
-1808
-80
1328
304
-1376
768
4496
3680
-192
-1072
816
1392
1024
2224
4336
5808
5648
2560
-848
704
4592
2992
-3040
-6544
-5856
-3104
176
2000
1584
576
-592
-2928
-4880
-3456
176
1904
1408
1568
1728
-784
-4352
-4784
-2176
-144
752
3136
5216
1968
-3808
-4016
80
1024
-848
-1168
384
3168
5200
2272
-3616
-5120
-2208
-768
-1168
32
1440
-720
-4464
-4416
-1744
-2128
-4640
-3424
304
656
-1184
448
4320
4752
2064
1216
1632
-1248
-4896
-2608
3408
5600
2800
-1536
-4672
-4848
-2304
592
1568
-528
-4048
-6032
-5712
-3584
-1392
-2480
-4960
-2672
3216
6400
5840
3520
1424
2240
4592
3952
320
-3696
-5488
-1648
4144
2848
-3440
-4768
-640
3456
5152
3088
-528
128
4112
4736
2064
1216
1552
-864
-4416
-4656
-2144
-448
-736
-2592
-4640
-4864
-2576
1568
4800
3280
-480
672
4688
2704
-3568
-4864
-1904
-2112
-4640
-3664
0
1984
1520
-256
-1376
432
4016
6192
5808
2544
-880
688
4640
2928
-3200
-6496
-5840
-3584
-1456
-2016
-4560
-4496
-1920
-1024
-1328
592
4016
6080
5760
3152
-144
-1760
-1472
-672
-672
-2400
-4640
-4992
-2592
1904
5088
2656
-3232
-6704
-6032
-2624
672
32
-3824
-6288
-5808
-3072
304
1600
1152
2144
4432
5456
5184
5232
5392
3792
1488
2592
5088
1936
-4096
-3024
3408
4992
1968
1904
4576
4464
1984
1200
1472
-512
-4064
-5904
-5536
-4432
-2480
1152
4544
4592
2176
1072
1408
64
-1632
928
4880
2208
-4016
-2544
3904
2656
-3872
-2960
3504
4416
112
-2288
-1712
-64
1248
240
-1440
672
4480
3744
-144
-1104
768
1360
1024
2224
4352
5872
5776
2640
-880
688
4624
3008
-3104
-6656
-5936
-3072
320
2128
1648
560
-688
-3008
-4928
-3520
160
1920
1392
1536
1744
-832
-4432
-4864
-2224
-144
784
3168
5280
2032
-3856
-4112
64
1120
-720
-1104
384
3200
5248
2272
-3680
-5232
-2336
-848
-1184
16
1456
-672
-4464
-4464
-1760
-2160
-4688
-3408
352
592
-1296
416
4368
4768
1984
1120
1584
-1264
-4928
-2640
3456
5680
2800
-1584
-4704
-4896
-2336
624
1616
-544
-4128
-6128
-5808
-3600
-1296
-2432
-5008
-2688
3264
6480
5952
3648
1520
2320
4640
3936
272
-3744
-5568
-1760
4080
2800
-3520
-4816
-608
3536
5200
3056
-656
80
4176
4816
2032
1152
1536
