-3888
-3216
48
3360
4624
3040
-976
-3264
-528
3344
4176
3440
3088
3280
4080
3168
-976
-3248
80
3120
528
-3440
-3952
-3232
-3696
-3072
160
3296
3984
3424
3328
3472
3184
3296
4048
3216
-112
-3440
-4720
-3152
1040
3136
-240
-3280
-592
3344
3936
3312
3424
3536
3504
3504
3392
3312
3168
3328
4112
3152
-800
-3200
-560
3520
4880
3216
-336
-3376
-3904
-3216
-3136
-3312
-3360
-3392
-3392
-3360
-3168
-3248
-3872
-3200
96
3392
3936
3424
3920
3072
-928
-3120
336
3232
-64
-3088
224
3152
-256
-3184
144
3312
592
-3328
-3984
-3312
-3120
-3360
-3952
-3248
-64
3424
4752
3328
-64
-3360
-4528
-3024
208
3360
4816
3248
-1088
-3200
384
3264
-64
-3328
-656
3376
3968
3376
3952
3088
-720
-3104
-496
3312
4048
3488
3888
3184
48
-3200
-4368
-2912
560
3520
4096
3456
3104
3344
4080
3360
-128
-3424
-3936
-3312
-3120
-3344
-4016
-3072
816
3232
496
-3344
-4080
-3312
-3216
-3344
-3168
-3376
-4144
-3152
912
3136
-288
-3040
272
3312
608
-3472
-4672
-2944
976
3024
-272
-2960
496
3328
-160
-3360
-784
3328
4672
3168
-48
-3344
-4816
-3184
960
3232
560
-3472
-4640
-3008
80
3296
4736
3360
-144
-3248
-3728
-3328
-4080
-3152
1008
3360
640
-3392
-4928
-3184
912
3264
608
-3344
-4032
-3312
-3904
-3088
1024
3152
-352
-3312
-624
3600
4992
3184
-864
-3120
-496
3472
4848
3088
-1120
-3248
192
3360
752
-3504
-4704
-3024
480
3584
3952
3344
3904
3392
32
-3168
-3600
-3264
-3984
-3392
-112
3296
4608
2960
-1136
-3440
-704
3248
4208
3568
3136
3200
4160
3424
-880
-3360
0
2992
288
-3600
-3952
-3120
-3552
-2992
128
3216
4048
3664
3600
3616
3168
3232
4144
3440
-64
-3696
-5056
-3376
848
2928
-448
-3520
-848
3120
3792
3232
3456
3696
3744
3728
3472
3264
3104
3280
4064
3072
-976
-3440
-752
3424
4960
3440
-192
-3488
-4176
-3488
-3280
-3392
-3440
-3456
-3392
-3376
-3216
-3264
-3824
-3088
304
3616
4128
3648
4240
3392
-720
-2944
576
3392
-160
-3344
176
3456
112
-2928
336
3456
752
-3056
-3648
-3168
-3264
-3648
-4208
-3472
-288
3296
4800
3472
64
-3248
-4448
-3008
208
3360
4832
3280
-1120
-3280
416
3376
-64
-3424
-576
3600
4096
3408
4016
3152
-720
-3136
-448
3424
4112
3552
4000
3232
-16
-3312
-4480
-3024
544
3664
4240
3520
3168
3472
4160
3360
-192
-3536
-4064
-3408
-3168
-3344
-4016
-3136
816
3264
368
-3568
-4192
-3264
-3104
-3216
-3088
-3360
-4224
-3344
736
3104
-288
-3008
432
3504
656
-3568
-4800
-3056
960
3120
-192
-3024
400
3312
-192
-3424
-800
3360
4688
3216
0
-3360
-4960
-3344
880
3184
464
-3632
-4784
-3056
112
3312
4768
3520
32
-3136
-3616
-3200
-4096
-3328
944
3568
928
-3248
-4992
-3392
720
3216
704
-3248
-4080
-3520
-4128
-3248
976
3216
-272
-3328
-640
3680
5184
3392
-752
-3072
-368
3712
5072
3120
-1248
-3344
224
3424
720
-3600
-4800
-3072
480
3616
4000
3392
3904
3312
-96
-3312
-3648
-3248
-1648
-4272
-3648
-1696
-944
-1664
-3120
-4192
-3920
-1584
2384
4048
832
-1616
1536
4112
288
-4224
-3600
-1840
-3104
-3952
-1456
1616
2544
1312
-992
-1568
1104
4272
5392
3952
304
-1440
1776
4192
592
-4240
-5424
-4256
-2576
-1648
-2832
-4208
-3200
-1760
-1968
-1488
1296
4224
5264
4016
976
-1664
-2224
-1584
-1120
-1568
-3024
-4240
-3984
-1456
2656
4112
400
-4336
-5872
-4080
-480
1440
-800
-4304
-5488
-4144
-1056
1680
1968
1584
2736
4176
4448
4288
4496
4256
2592
1664
3536
3968
-672
-4096
-512
4144
3568
1584
2688
4176
3104
1648
1840
1456
-1376
-4304
-4960
-4304
-3536
-1536
1936
4224
3392
1664
1584
1392
-912
-1616
2080
4144
-416
-4064
96
3968
-112
-4032
-256
4080
2144
-1632
-2640
-1488
624
1472
-592
-1552
1760
4176
1440
-1584
-400
1792
1856
1728
2928
4272
5120
4080
368
-1520
1696
4128
704
-4240
-5680
-4160
-1216
1584
2384
1376
32
-1712
-3808
-4176
-1488
1504
2000
1568
2128
1520
-1648
-4368
-3936
-1648
128
1744
4064
3968
-576
-3984
-1520
1520
144
-1776
-672
1872
4160
4032
-96
-4208
-3904
-1872
-1744
-1488
832
1664
-1440
-4320
-3296
-1760
-3216
-4032
-880
1664
-192
-1744
1120
4320
3584
1728
2016
1456
-2320
-4208
-336
4320
4576
1536
-2080
-4368
-4032
-1520
1184
1536
-1280
-4400
-5264
-4336
-2512
-1680
-3424
-4096
-272
4160
5296
4272
2592
1824
3280
4176
1904
-1744
-4544
-4048
912
4064
192
-4144
-2400
1888
4400
3984
560
-1744
896
4272
3648
1888
2144
1664
-1632
-4384
-3824
-1936
-1168
-1808
-3200
-4256
-4032
-1712
2368
4112
800
-1776
1392
4080
336
-4272
-3776
-2048
-3248
-3984
-1344
1888
2944
1664
-976
-1840
960
4416
5600
4048
256
-1664
1536
4096
624
-4240
-5392
-4256
-2800
-2000
-3024
-4224
-3296
-2000
-2208
-1664
1280
4336
5392
4080
960
-1792
-2384
-1696
-1248
-1792
-3184
-4304
-4112
-1616
2624
4240
528
-4368
-6016
-4160
-432
1552
-816
-4448
-5648
-4176
-976
1760
2064
1712
2880
4256
4528
4336
4432
4224
2768
1952
3680
3984
-624
-4016
-512
4192
3840
1952
2848
4224
3328
2096
2272
1712
-1264
-4272
-4928
-4352
-3728
-1760
1888
4352
3600
1904
1856
1584
-848
-1648
2064
4176
-400
-4080
176
4128
-80
-4112
-240
4176
2144
-1792
-2832
-1568
688
1632
-512
-1600
1776
4256
1392
-1664
-400
1744
1744
1680
2912
4272
5152
4128
352
-1520
1808
4288
688
-4416
-5904
-4240
-1168
1664
2448
1440
32
-1808
-3920
-4208
-1408
1776
2336
1856
2336
1664
-1552
-4352
-4048
-1760
176
1920
4224
4096
-592
-4144
-1600
1552
144
-1760
-576
1968
4240
4096
-112
-4288
-3968
-1888
-1856
-1664
720
1680
-1408
-4400
-3472
-1952
-3392
-4112
-816
1712
-272
-1872
1056
4320
3696
1984
2304
1680
-2208
-4224
-464
4256
4720
1760
-1968
-4432
-4176
-1648
1264
1792
-1152
-4464
-5280
-4320
-2640
-1920
-3616
-4192
-256
4256
5360
4272
2640
1936
3376
4192
1824
-1872
-4640
-4080
944
4144
240
-4144
-2416
1904
4480
4144
688
-1664
992
4400
3648
1744
2016
1600
-1136
-3664
-3360
-2032
-1664
-2272
-3136
-3696
-3648
-1840
1920
3520
256
-2016
1088
3440
160
-3568
-3264
-2336
-3440
-3424
-512
2480
3440
2096
-832
-1984
656
3968
5056
3440
-272
-1904
1296
3616
368
-3840
-4608
-3520
-2512
-2160
-2960
-3632
-2848
-2096
-2480
-1872
976
3904
4896
3472
384
-2192
-2704
-2112
-1824
-2256
-3072
-3664
-3648
-1808
1968
3520
272
-3888
-5168
-3344
288
2160
-256
-3808
-4912
-3424
-304
2272
2560
2256
3072
3904
3952
3840
3968
3712
2576
2304
3936
3520
-1008
-3552
-64
3840
3520
2272
3056
3744
2848
2160
2624
2032
-928
-3776
-4272
-3696
-3392
-1872
1408
3792
3360
2192
2416
1920
-880
-1888
1584
3440
-656
-3440
560
3520
-464
-3488
304
3728
1376
-2224
-3168
-1888
848
2128
-352
-1872
1376
3680
656
-2144
-336
2320
2576
2448
3152
3904
4496
3408
-288
-1920
1392
3632
400
-3936
-5088
-3488
-464
2368
3200
2096
48
-2352
-4064
-3488
-448
2352
2672
2256
2784
2048
-1024
-3632
-3712
-2048
96
2432
4352
3424
-960
-3408
-368
2352
128
-2208
-496
2672
4448
3472
-384
-3744
-3536
-2224
-2560
-2096
800
2128
-688
-3648
-3264
-2368
-3568
-3488
64
2256
-128
-2048
608
3776
3408
2240
2832
2016
-1744
-3392
0
3936
4400
2064
-1200
-3664
-3984
-2000
1056
2080
-624
-3824
-4448
-3504
-2464
-2368
-3648
-3424
320
3968
4560
3568
2608
2576
3728
3600
752
-2640
-4512
-3232
1280
3456
-288
-3552
-1264
2784
4592
3408
-240
-2256
512
3840
3584
2416
2832
2176
-1072
-3696
-3520
-2256
-1888
-2448
-3216
-3680
-3680
-1968
1888
3520
128
-2240
960
3472
208
-3600
-3360
-2464
-3536
-3360
-368
2640
3568
2144
-928
-2192
496
3968
5120
3440
-384
-2016
1248
3568
304
-3824
-4576
-3584
-2672
-2352
-3088
-3696
-2928
-2256
-2704
-2016
944
3952
4960
3536
320
-2432
-2896
-2144
-1856
-2400
-3200
-3760
-3792
-1840
2128
3616
192
-3968
-5168
-3344
288
2160
-304
-3904
-5008
-3472
-240
2400
2672
2352
3136
3920
3920
3808
3920
3744
2816
2592
4016
3504
-960
-3488
-64
3840
3584
2400
3120
3728
2976
2480
2912
2192
-848
-3728
-4192
-3616
-3472
-2160
1136
3712
3504
2448
2720
2224
-816
-2048
1504
3552
-576
-3488
544
3552
-480
-3488
320
3712
1264
-2432
-3456
-2096
848
2208
-432
-2080
1264
3728
704
-2224
-416
2304
2608
2496
3232
4016
4624
3488
-288
-1936
1408
3664
400
-3952
-5136
-3584
-560
2336
3232
2176
144
-2320
-4112
-3536
-432
2448
2832
2448
2928
2160
-944
-3664
-3840
-2080
224
2608
4512
3536
-992
-3600
-544
2288
96
-2272
-560
2704
4480
3472
-368
-3664
-3472
-2272
-2672
-2144
832
2192
-640
-3616
-3264
-2432
-3664
-3552
48
2208
-272
-2160
672
3936
3568
2400
3008
2176
-1712
-3488
-112
3936
4448
2064
-1264
-3760
-4064
-2032
1120
2224
-528
-3888
-4608
-3680
-2592
-2448
-3776
-3568
288
4032
4624
3632
2656
2592
3760
3728
880
-2656
-4672
-3360
1360
3600
-304
-3760
-1472
2704
4688
3648
-16
-2144
544
3888
3600
2368
2752
2112
-4192
-3264
272
3600
4704
2832
-1360
-3392
-384
3520
4320
3552
3040
3328
4416
3248
-1392
-3488
192
2960
16
-3712
-3888
-3168
-3696
-2992
256
3360
4112
3600
3456
3472
3152
3440
4256
3184
-400
-3712
-4832
-3008
1264
3056
-576
-3344
-352
3520
4032
3456
3568
3632
3504
3392
3264
3264
3216
3456
4144
2832
-1312
-3424
-464
3696
5008
3152
-672
-3776
-4160
-3328
-3104
-3296
-3536
-3600
-3520
-3488
-3264
-3296
-3888
-3072
416
3616
4000
3552
4144
3008
-1248
-3104
688
3152
-592
-3184
656
3312
-464
-3120
448
3280
240
-3520
-3936
-3376
-3440
-3712
-4144
-3264
32
3600
4880
3248
-272
-3520
-4592
-3088
224
3536
5024
3104
-1504
-3216
784
3264
-480
-3328
-96
3760
3904
3280
3936
2912
-992
-3168
-384
3472
4192
3584
3856
2992
-208
-3392
-4448
-2864
720
3712
4224
3472
3056
3440
4224
3200
-576
-3744
-4064
-3408
-3136
-3296
-3984
-2944
992
3008
-48
-3712
-4096
-3200
-3168
-3328
-3184
-3520
-4400
-3248
1040
3072
-608
-3088
544
3344
240
-3808
-4720
-2832
1088
2928
-480
-2784
928
3280
-640
-3552
-592
3488
4544
2912
-240
-3456
-4976
-3200
1088
3040
96
-3792
-4720
-3024
144
3456
4864
3280
-448
-3456
-3712
-3440
-4416
-3264
1264
3552
608
-3536
-5104
-3296
896
3136
416
-3488
-4256
-3712
-4224
-3152
1072
2896
-784
-3376
-288
3920
5168
3184
-1008
-3008
-32
3824
4832
2672
-1664
-3264
720
3536
256
-4000
-4704
-2608
1024
3776
3680
3152
4080
3488
-160
-3344
-3600
-3376
-4176
-3344
128
3376
4480
2704
-1472
-3552
-512
3520
4432
3696
3104
3296
4384
3312
-1360
-3600
128
3008
-16
-3856
-3920
-3008
-3536
-2992
160
3376
4224
3712
3568
3568
3200
3488
4432
3264
-528
-3904
-4960
-3152
1120
2960
-688
-3504
-464
3472
3920
3360
3584
3744
3728
3664
3376
3184
3120
3408
4080
2720
-1440
-3568
-576
3680
5104
3280
-608
-3840
-4304
-3488
-3264
-3472
-3680
-3760
-3664
-3520
-3232
-3344
-3968
-3008
592
3792
4144
3712
4336
3232
-1072
-2944
912
3312
-688
-3424
608
3504
-304
-3040
624
3520
464
-3328
-3808
-3296
-3504
-3952
-4384
-3424
-144
3472
4944
3488
-48
-3360
-4448
-2976
208
3472
5040
3136
-1616
-3344
784
3344
-512
-3424
-112
3824
3920
3232
3936
3008
-896
-3184
-432
3472
4240
3648
3856
2960
-208
-3440
-4608
-3024
688
3840
4304
3456
3104
3584
4336
3184
-640
-3872
-4176
-3472
-3200
-3504
-4288
-3104
1088
3200
-16
-3792
-4160
-3248
-3152
-3232
-3024
-3440
-4464
-3360
1008
3136
-544
-3008
688
3440
208
-3872
-4768
-2880
1088
2960
-512
-2912
880
3360
-640
-3648
-640
3472
4544
2944
-208
-3488
-5088
-3328
1024
3072
64
-3904
-4848
-3104
144
3552
4992
3392
-368
-3392
-3616
-3312
-4368
-3312
1280
3632
544
-3680
-5184
-3312
944
3248
512
-3472
-4336
-3872
-4368
-3184
1136
3008
-736
-3376
-272
3952
5200
3200
-1104
-3168
-64
3968
5008
2800
-1632
-3328
608
3472
320
-3936
-4848
-2928
736
3680
3824
3440
4208
3408
-288
-3456
-3760
-3520
