-208
-3344
-4048
-3392
-3152
-3264
-3216
-3424
-4160
-3184
848
3072
-368
-3248
-112
3104
656
-3280
-3984
-3472
-3920
-3168
32
3328
4608
2976
-1008
-3168
-576
3280
4672
2992
-1056
-3136
128
3168
576
-3344
-4016
-3360
-3376
-3360
-3264
-3360
-3296
-3440
-3984
-3136
0
3264
4480
3088
-320
-3328
-3984
-3360
-3152
-3296
-3248
-3488
-4208
-3072
944
3264
608
-3376
-4848
-3184
816
3120
608
-3392
-4768
-3232
208
3344
3952
3280
3216
3360
3344
3392
3408
3360
3136
3200
3984
3152
-784
-3280
-528
3360
4048
3216
3184
3360
3120
3168
3760
3056
-192
-3408
-3904
-3488
-3984
-3232
112
3296
3808
3328
3872
3072
-976
-3280
128
3088
-128
-3216
16
3072
-208
-3184
16
3120
640
-3392
-4816
-3168
944
3120
-288
-3152
176
3120
-128
-3232
-512
3408
4064
3344
3152
3360
4000
3024
-1056
-3216
176
3184
688
-3456
-4800
-3232
64
3312
4480
3024
-176
-3360
-4624
-3264
208
3264
3664
3168
3728
3136
-80
-3488
-4720
-3168
288
3440
4640
3072
-1056
-3104
352
3152
-160
-3344
-752
3360
4592
3168
-160
-3456
-4032
-3360
-3904
-3120
832
3216
416
-3472
-4112
-3456
-4032
-3168
992
3200
-224
-3312
-720
3328
3968
3360
4048
3168
-896
-3376
-736
3424
4816
3152
-160
-3440
-4864
-3216
880
3024
192
-3600
-4256
-3472
-3216
-3408
-4000
-3312
64
3328
3952
3392
3168
3392
3984
3184
-96
-3472
-4800
-3248
928
3104
-176
-3216
-688
3472
4832
2960
-1104
-3440
-720
3264
4032
3472
3968
3264
-112
-3424
-4192
-3568
-3360
-3456
-3296
-3472
-4272
-3296
848
3056
-464
-3440
-368
2928
640
-3216
-4000
-3616
-4032
-3072
224
3536
4912
3248
-1040
-3424
-752
3312
4752
2960
-1232
-3392
-112
3072
688
-3200
-3936
-3360
-3536
-3600
-3312
-3248
-3312
-3664
-4256
-3328
-48
3280
4464
3024
-432
-3552
-4208
-3536
-3376
-3504
-3312
-3424
-4256
-3296
704
3152
560
-3440
-4880
-3104
912
3168
560
-3504
-4848
-3232
256
3440
4112
3456
3312
3360
3264
3200
3136
3264
3392
3552
4080
3072
-784
-3184
-608
3216
4176
3520
3200
3200
3232
3632
4272
3424
0
-3264
-3776
-3424
-4096
-3504
-128
3248
3920
3472
4000
3200
-928
-3312
160
3152
-160
-3264
80
3136
-240
-3216
48
3104
528
-3552
-4944
-3232
976
3200
-256
-3232
112
3152
-112
-3280
-560
3376
4096
3456
3184
3264
3984
3104
-1040
-3296
144
3216
704
-3472
-4832
-3280
80
3456
4624
3024
-288
-3488
-4720
-3248
304
3424
3904
3424
3904
3264
16
-3456
-4768
-3280
240
3504
4736
3104
-1136
-3264
240
3168
-80
-3296
-672
3520
4704
3152
-208
-3440
-4048
-3520
-4144
-3296
784
3312
560
-3424
-4224
-3648
-4192
-3200
1072
3280
-272
-3520
-912
3328
4144
3584
4224
3312
-720
-3264
-816
3312
4880
3280
-128
-3456
-4928
-3312
944
3360
576
-3424
-4240
-3536
-3360
-3584
-4112
-3360
96
3360
3872
3280
3184
3520
4048
3136
-208
-3632
-4880
-3216
1008
3152
-192
-3248
-704
3504
4896
3104
-992
-3392
-592
3504
4160
3440
3968
3296
3376
1456
-1616
-4192
-5232
-3920
-384
1552
-1088
-4080
-3232
-1664
-2704
-4112
-3600
-1456
1168
1488
-1664
-4016
-1968
1648
3344
4080
5104
3984
-432
-4112
-3728
-1552
-752
-1536
-3024
-4112
-3440
-1408
448
1648
2400
1296
-2224
-3984
-1104
1456
-768
-4192
-4928
-4064
-2896
-1648
-1024
-1536
-2848
-4080
-4288
-4176
-4704
-3920
-576
1344
-1184
-4192
-3744
-1376
592
1616
1504
1552
3008
4112
3200
1568
960
1584
2848
4144
4912
4048
1152
-1568
-1952
-1472
-1920
-1184
2160
4016
1408
-1280
-32
1392
-480
-1392
1872
4096
1296
-1264
928
4240
5008
4176
2720
1568
1792
1408
-1456
-4192
-4016
-1488
1632
4240
5520
4048
-352
-4096
-4016
-1424
1024
1504
-288
-1472
128
1648
512
-1632
-3024
-4144
-5264
-3920
1008
4000
448
-4064
-3408
-1648
-3216
-3904
-208
4144
5456
4000
944
-1600
-1824
-1568
-2912
-4096
-3408
-1520
544
1664
1488
1536
2624
4144
5360
4080
-640
-4032
-2144
1680
3584
4144
4288
4176
4208
4208
3664
1488
-2544
-3952
288
3936
1632
-1584
-896
1792
4224
3936
-704
-3872
-128
3936
1600
-1424
192
1600
-896
-4224
-5552
-3920
416
4224
4416
1424
-2432
-4096
-2032
1728
4416
4016
64
-4064
-4368
-1504
1824
4240
4928
4272
3312
1472
-1104
-1472
1472
4272
4224
1408
-2672
-4080
-192
4176
3776
1584
1712
1328
-2096
-4048
-1360
1424
528
-1664
-2560
-1264
2096
4096
2096
-1584
-4048
-3920
-880
1440
80
-1664
-624
1760
3712
4000
1616
-1696
-3552
-4080
-3648
-1584
1696
4240
4752
4208
3456
1568
-1584
-4240
-5248
-3904
-368
1520
-1152
-4160
-3296
-1728
-2704
-4064
-3712
-1680
1136
1664
-1568
-3984
-1856
1840
3504
4128
5088
4032
-352
-4080
-3792
-1760
-1040
-1728
-3072
-4080
-3568
-1616
432
1904
2704
1488
-2176
-3968
-944
1696
-640
-4192
-4992
-4144
-2992
-1760
-1264
-1840
-3008
-4080
-4256
-4224
-4832
-4032
-496
1552
-1024
-4208
-3888
-1520
560
1616
1536
1632
3104
4192
3296
1632
944
1552
2864
4240
5008
4080
1152
-1616
-2112
-1712
-2288
-1568
2000
4016
1248
-1504
32
1680
-400
-1616
1680
4000
1088
-1584
736
4208
4992
4176
2896
1904
2096
1584
-1328
-4144
-4080
-1552
1648
4320
5584
4032
-384
-4112
-4112
-1568
1072
1712
-192
-1440
224
1728
496
-1776
-3168
-4208
-5312
-4032
944
4048
480
-4144
-3472
-1664
-3296
-4000
-176
4304
5600
4064
928
-1680
-1904
-1616
-3024
-4288
-3488
-1488
576
1696
1552
1616
2736
4240
5392
4128
-624
-4144
-2256
1744
3712
4160
4288
4272
4368
4352
3824
1680
-2464
-4048
272
4064
1712
-1584
-896
1808
4240
3984
-752
-4016
-128
4144
1760
-1392
208
1648
-912
-4304
-5632
-4000
384
4336
4640
1584
-2384
-4128
-2048
1792
4496
4016
-16
-4112
-4400
-1616
1744
4272
4960
4272
3456
1696
-1120
-1712
1280
4368
4480
1648
-2544
-4032
-176
4256
3952
1808
1920
1520
-1968
-4016
-1328
1520
592
-1712
-2704
-1408
2096
4224
2096
-1744
-4176
-3920
-832
1536
192
-1552
-512
1872
3792
4048
1632
-1712
-3632
-4176
-3664
-1520
1776
4304
4864
4336
3488
2016
-1104
-3920
-4960
-3408
304
2160
-592
-3696
-3376
-2400
-3024
-3712
-3616
-2064
1120
2208
-1072
-3552
-1104
2640
3744
3792
4400
3328
-544
-3696
-3584
-2176
-1840
-2496
-3312
-3776
-3456
-1984
288
2368
3344
1888
-1936
-3568
-384
2112
-384
-3872
-4480
-3616
-2832
-2144
-1936
-2352
-3120
-3824
-3840
-3808
-4400
-3440
176
2096
-560
-3792
-3904
-1984
432
2208
2448
2384
3264
3776
3072
2176
1952
2416
3120
3888
4512
3584
496
-2304
-2608
-2224
-2784
-1856
1840
3648
576
-2080
48
2048
-368
-1984
1312
3664
592
-2032
496
3968
4528
3648
2752
2336
2768
2032
-1024
-3840
-4000
-1888
1184
3920
5072
3472
-528
-3808
-4080
-2000
960
2064
-320
-2160
48
2240
560
-2352
-3424
-3872
-4704
-3376
1200
3600
112
-3856
-3408
-2320
-3648
-3504
192
3920
4976
3488
320
-2272
-2608
-2384
-3136
-3776
-3456
-2080
352
2224
2384
2336
3008
3968
4800
3472
-928
-3680
-1280
2544
3888
3792
3792
3856
3840
3776
3632
1904
-2016
-3456
624
3680
752
-2336
-688
2672
4576
3376
-1120
-3408
432
3600
576
-2224
192
2192
-384
-3920
-5056
-3264
592
3856
4320
1952
-1840
-3600
-1232
2672
4656
3456
-336
-3808
-4224
-1984
1264
3856
4368
3728
3488
2128
-992
-2096
672
3840
4384
2048
-1936
-3456
16
3904
3744
2368
2816
2096
-1664
-3504
-352
2368
576
-2560
-3664
-2048
1664
3632
1200
-2608
-4544
-3520
176
2384
-16
-2432
-640
2720
4368
3536
464
-2704
-3760
-3616
-3472
-2144
1040
3824
4272
3712
3488
2096
-1024
-3888
-4944
-3376
416
2272
-528
-3712
-3520
-2560
-3072
-3728
-3744
-2240
1120
2336
-1008
-3584
-1104
2720
3792
3760
4384
3312
-560
-3744
-3680
-2336
-1968
-2528
-3280
-3824
-3632
-2144
304
2480
3440
2000
-1840
-3552
-352
2240
-304
-3872
-4528
-3728
-3008
-2336
-2112
-2544
-3296
-3840
-3824
-3888
-4544
-3440
336
2288
-496
-3872
-4080
-2112
432
2352
2624
2528
3328
3792
3168
2304
2032
2416
3136
3936
4560
3600
416
-2512
-2896
-2464
-2992
-2064
1728
3584
384
-2288
112
2240
-416
-2144
1296
3632
336
-2336
368
3936
4496
3664
2832
2496
2960
2240
-832
-3760
-4176
-2208
992
3936
5168
3488
-592
-3888
-4192
-2048
1104
2272
-288
-2208
96
2320
496
-2560
-3648
-3968
-4704
-3344
1184
3568
144
-3808
-3488
-2480
-3728
-3504
272
4080
5152
3600
272
-2464
-2784
-2480
-3248
-3936
-3552
-2032
480
2368
2512
2432
3104
4064
4928
3536
-1008
-3824
-1296
2592
3936
3824
3792
3792
3744
3792
3776
2080
-1936
-3456
656
3760
752
-2416
-816
2608
4640
3472
-1168
-3568
368
3616
448
-2368
272
2352
-304
-3952
-5152
-3392
512
3904
4464
2032
-1888
-3712
-1280
2736
4752
3520
-368
-3872
-4272
-2016
1296
4000
4480
3744
3536
2208
-1008
-2240
624
3920
4464
2016
-2048
-3568
-48
3872
3744
2416
2896
2096
-1808
-3664
-432
2448
704
-2432
-3616
-2064
1680
3680
1184
-2688
-4624
-3584
160
2368
32
-2352
-624
2624
4320
3680
672
-2640
-3888
-3856
-3616
-2016
1312
4048
4416
3856
-416
-3536
-4064
-3376
-3168
-3216
-3024
-3344
-4240
-3056
1152
3024
-656
-3200
160
3200
624
-3296
-4016
-3504
-3760
-2768
512
3712
4848
2880
-1392
-3296
-288
3600
4800
2896
-1232
-3024
480
3296
480
-3344
-3936
-3424
-3488
-3328
-3088
-3280
-3344
-3456
-3840
-2864
272
3504
4624
2992
-576
-3456
-3904
-3264
-3088
-3152
-3056
-3440
-4288
-2976
1152
3264
432
-3504
-4832
-2880
1248
3264
416
-3584
-4720
-2976
528
3520
4016
3344
3216
3344
3392
3440
3440
3504
3440
3504
4112
3040
-960
-3200
-272
3648
4288
3312
3152
3456
3424
3536
4000
3104
-320
-3408
-3728
-3392
-3984
-3072
496
3696
4048
3472
3968
2928
-1264
-3136
704
3360
-208
-3072
368
3072
-400
-3024
416
3264
512
-3552
-4832
-2880
1392
3104
-688
-3200
464
3104
-416
-3184
-144
3664
4112
3328
3120
3408
4128
2992
-1168
-3056
512
3312
656
-3440
-4736
-3088
368
3664
4672
2896
-544
-3568
-4544
-2928
640
3600
3856
3344
3904
3184
-128
-3600
-4816
-3072
560
3584
4592
2976
-1040
-2752
864
3168
-576
-3360
-192
3824
4576
3008
-176
-3344
-4016
-3648
-4192
-2992
1216
3360
304
-3584
-4160
-3488
-3872
-2672
1472
3152
-576
-3328
-320
3696
4160
3536
4192
3136
-960
-3232
-512
3648
5088
3328
-240
-3616
-4960
-2928
1472
3360
224
-3408
-3856
-3264
-3328
-3536
-3856
-2928
352
3360
3856
3424
3392
3632
4000
2880
-512
-3664
-4592
-2832
1168
2928
-368
-2912
-144
3824
4880
2768
-1408
-3456
-432
3536
4192
3648
4096
3264
-224
-3472
-4160
-3552
-3392
-3408
-3120
-3360
-4336
-3232
1024
2944
-816
-3376
80
3168
608
-3264
-4080
-3712
-3920
-2720
656
3920
5120
3088
-1392
-3456
-464
3552
4864
2944
-1312
-3216
384
3360
544
-3376
-3984
-3456
-3600
-3488
-3152
-3264
-3376
-3632
-4144
-3120
256
3584
4624
2928
-704
-3680
-4096
-3408
-3328
-3392
-3088
-3360
-4304
-3088
1200
3408
480
-3600
-4944
-2896
1328
3312
416
-3552
-4736
-3024
496
3520
4112
3488
3280
3328
3392
3424
3328
3456
3568
3664
4096
2976
-880
-3104
-352
3520
4352
3504
3152
3344
3504
3776
4224
3232
-208
-3312
-3696
-3456
-4160
-3360
208
3552
4160
3776
4288
3088
-1264
-3280
512
3296
-208
-3120
320
3056
-464
-3104
320
3136
352
-3696
-4944
-2864
1584
3312
-672
-3312
480
3200
-400
-3232
-176
3664
4160
3456
3296
3536
4240
3056
-1216
-3104
608
3440
608
-3568
-4752
-3056
320
3600
4672
2928
-528
-3632
-4592
-2928
656
3648
4032
3632
4176
3344
-48
-3536
-4800
-3088
608
3696
4640
2896
-1280
-3024
736
3232
-448
-3296
-144
3856
4592
2960
-256
-3424
-4112
-3712
-4240
-2992
1280
3488
400
-3552
-4240
-3632
-4080
-2880
1360
3184
-560
-3408
-400
3696
4224
3696
4400
3264
-912
-3216
-480
3632
5072
3344
-224
-3680
-5088
-3088
1424
3520
320
-3536
-4080
-3504
-3504
-3568
-3872
-3040
272
3376
3904
3520
3520
3760
4112
3008
-384
-3632
-4656
-2896
1264
3168
-288
-3072
-272
3792
4896
2912
-1216
-3376
-304
3760
4240
3536
4048
3232
