2912
2288
1392
32
-1248
-1376
-112
1568
1760
160
-992
-864
-800
-1024
-1008
-448
1088
2288
1168
-512
32
1776
2352
2240
2480
2288
944
-736
-1472
-704
320
32
-752
-816
-912
-976
256
1840
2368
1968
592
-608
464
2080
1024
-1008
-1056
64
336
-64
-288
-480
-848
-864
-528
-544
-896
-896
48
1232
1136
64
-512
-272
592
1696
2272
2448
2752
2928
2768
2224
1600
1424
1488
1680
2336
2544
1184
-432
-720
-352
-416
-272
928
1760
576
-928
-64
1552
800
-880
-368
1152
816
-352
64
1168
1120
864
1504
2256
2544
2400
1360
-416
-1600
-1120
384
1376
1680
1648
672
-784
-1200
-608
592
1968
1744
400
1008
2880
2400
160
-704
-384
-640
-544
1088
2048
544
-1024
-768
-496
-1152
-1008
384
1728
2576
2752
1616
-160
-768
-240
-144
-720
-1328
-1392
0
2080
2944
2752
2064
992
800
1104
-256
-1632
-16
2288
2240
1408
1840
2416
2032
1696
2320
2672
1312
-352
16
1456
1136
-528
-656
1088
2640
2528
1088
176
1232
2528
1680
128
496
1824
1456
-432
-1568
-1024
144
1248
2352
2528
1024
-368
352
2256
2880
1696
96
-832
-1168
-976
-16
1248
2080
2704
3296
2464
-320
-2000
-240
2240
2512
1680
784
-288
-112
1776
2800
2160
1968
2080
816
-480
272
1824
2000
704
-528
-64
1760
2400
928
-880
-1696
-1056
1200
2928
1632
-480
48
1904
2592
2416
1632
320
-224
-48
-352
-592
272
1440
1616
1184
1232
1392
640
-560
-1088
-624
480
1168
688
-192
-720
-832
-496
-288
-304
304
1344
1584
672
-432
-128
1376
2144
2176
2672
2640
896
-1152
-1664
-848
-224
-224
-384
-496
-416
0
672
1696
2704
2720
1360
-192
0
1712
2080
320
-752
-224
-80
-816
-1216
-944
-560
-496
-240
160
-560
-1424
-80
1920
1600
16
-496
-112
560
1648
2528
2640
2320
1840
1504
1760
2112
1968
1792
1872
1840
1440
640
-320
-912
-960
-1008
-832
592
2048
1216
-224
640
1728
496
-576
384
1312
784
240
832
1776
2080
1680
1152
1536
2720
2848
1312
-368
-1248
-1056
368
2064
2736
2432
1648
384
-1072
-1360
352
1872
720
-800
576
2640
2000
48
-784
-992
-1104
-304
1200
1840
992
-208
-640
-352
0
160
704
1952
2832
2192
464
-864
-864
-80
416
176
-560
-1088
-416
1200
2256
2000
1312
1376
2160
2080
528
-576
176
1456
1760
1600
1680
1952
2256
2368
2208
2000
1280
272
560
1472
736
-256
832
2784
3568
2560
128
-1136
512
2160
1104
-352
208
1328
1216
192
-944
-1312
-16
1968
2976
2240
96
-1488
-560
1760
3152
2976
1600
-128
-960
-624
592
2240
3056
2752
2352
1840
592
-480
-96
1312
2400
2304
1200
320
704
1552
1584
1520
2256
2208
496
-496
544
1584
960
-352
-944
-496
656
1504
1008
-448
-1456
-1024
672
1680
656
-304
800
2208
2464
2416
1664
112
-512
-336
-560
-608
192
1216
2176
3072
-1472
-112
624
640
432
416
-48
-800
-688
-144
-512
-1312
-976
240
528
-656
-1664
-1200
-208
-64
-224
-128
-816
-2176
-2544
-1840
-1072
-352
-112
-976
-1920
-1472
32
704
-544
-1984
-1504
-16
336
48
464
768
192
48
624
944
1040
864
-80
-1008
-1584
-1840
-736
1040
1360
496
-16
-16
-80
-80
480
752
-464
-1472
-608
352
272
-64
-992
-2336
-2080
-400
368
-448
-1984
-3120
-2864
-1824
-1360
-1488
-1712
-1856
-1616
-1344
-1744
-2352
-2544
-2048
-960
-352
-848
-1520
-1856
-2032
-1648
-1216
-1824
-2464
-2304
-2368
-2288
-1232
-208
384
1232
1296
0
-1344
-2000
-2448
-2848
-2560
-1216
224
272
-832
-1280
-496
-80
-544
-288
224
-960
-2576
-1984
320
2112
1824
-432
-2048
-1376
-496
-976
-1280
-304
640
128
-1440
-2464
-2432
-2336
-2208
-1424
-528
-96
288
176
-784
-1248
-576
-176
-816
-1600
-1984
-2400
-2640
-1744
-400
-176
-304
-32
-784
-2320
-2960
-2640
-1888
-896
128
1312
1488
-480
-2512
-2752
-2032
-864
208
-592
-2432
-2064
32
0
-2160
-2944
-1824
-832
-448
-384
-464
48
432
-784
-2256
-1680
48
736
496
512
48
-1392
-1824
-192
1056
160
-1440
-2432
-2992
-3248
-2832
-1520
-176
-240
-1504
-2096
-1648
-960
-64
944
864
-848
-2416
-1984
-480
384
432
336
256
112
-464
-1280
-1408
-784
-640
-1664
-2704
-2608
-1952
-1440
-464
704
624
-624
-1328
-1024
-688
-1184
-2304
-2656
-1232
704
1088
-192
-1744
-2864
-3168
-2464
-1568
-1008
-256
288
32
16
576
336
-512
-160
560
-560
-2096
-1264
608
656
-608
-1200
-624
192
416
176
-192
-1024
-2416
-3392
-3056
-1568
32
208
-960
-1888
-1968
-1088
560
816
-992
-1936
-720
384
192
-96
336
608
96
-240
320
864
736
-16
-1056
-1744
-1680
-864
480
1472
1504
1024
384
-384
-544
320
720
-512
-1744
-1120
208
400
-448
-1680
-2752
-2400
-688
368
-288
-1584
-2432
-2656
-2416
-1728
-976
-1040
-1648
-1712
-1600
-2304
-2976
-2416
-912
96
-224
-1104
-1696
-2192
-2304
-1616
-1008
-1376
-2304
-2912
-2768
-1728
-256
608
384
0
192
-48
-1504
-2880
-3056
-2816
-2160
-400
528
-864
-2192
-1536
-400
-640
-1616
-1504
-672
-896
-1632
-1184
208
1232
896
-704
-1856
-1152
80
-432
-1776
-1136
528
-80
-2176
-3088
-3120
-2880
-2080
-1456
-1344
-672
288
16
-1280
-1728
-688
320
208
-624
-1664
-2672
-3024
-1776
416
1296
224
-1024
-1728
-2336
-2832
-2880
-2288
-1104
-80
128
-464
-1648
-2592
-2400
-1584
-832
-400
-1088
-1968
-880
640
-96
-1472
-1392
-1072
-944
-96
608
560
752
768
-528
-1984
-2176
-1472
-656
-160
-48
-176
-784
-1456
-768
528
272
-1408
-2784
-3024
-2480
-1776
-1056
-448
-688
-1712
-2432
-2128
-1168
-208
400
336
-832
-2256
-2256
-960
16
176
256
544
608
208
-608
-1376
-1600
-1648
-2064
-2496
-2336
-1632
-592
560
1152
576
-832
-1760
-1248
-272
-448
-1504
-2064
-1632
-736
-304
-736
-1696
-2688
-3168
-2880
-2112
-1856
-896
608
1600
2080
1728
368
-528
160
1232
1136
496
672
1104
592
-448
-880
-208
1024
1664
1072
-96
-928
-1440
-1920
-1760
-432
992
1248
656
112
272
944
1200
784
288
-272
-976
-1296
-864
128
768
128
-896
-544
976
1904
1600
784
272
16
-224
0
896
1552
1600
1552
1376
608
-272
-288
480
960
416
-720
-1424
-1376
-1328
-1536
-1456
-1056
-624
-320
-688
-1376
-1680
-2160
-2368
-880
592
32
-496
288
192
-1424
-2288
-1232
304
288
-784
-784
-256
-1008
-1936
-1280
-336
-864
-2160
-2608
-1968
-1056
-464
-320
-416
-16
1120
1808
848
-1024
-2240
-2592
-2416
-1264
448
1200
608
-96
-224
-64
-80
-432
-880
-1040
-576
336
1360
2032
1616
-224
-1888
-1072
1376
2064
704
304
960
160
-1408
-1728
-1280
-720
-16
160
144
864
1280
784
384
96
-400
-448
-128
-336
-1120
-1888
-1840
-560
880
912
-256
-1168
-1504
-1776
-2016
-1904
-1392
-864
-368
576
1152
-64
-1728
-1552
-384
-192
-768
-1472
-1872
-880
944
816
-976
-1040
288
208
-640
-304
768
1472
1056
-480
-1776
-1792
-912
448
1616
1376
-224
-1568
-1488
-112
1504
1920
784
-752
-1808
-2176
-1648
-864
-640
-336
256
-160
-1328
-1584
-704
544
1200
80
-1872
-2224
-1296
-944
-544
736
1504
720
-608
-896
208
1264
720
-1024
-2240
-1680
224
1792
1840
720
-256
-288
-112
-432
-624
-736
-1152
-848
368
976
864
640
-112
-1120
-1488
-1376
-1072
-608
-416
-96
800
1488
1312
560
192
720
1024
368
160
928
1360
1152
432
-928
-1232
416
1616
800
-608
-1328
-1568
-1936
-1904
-592
944
1200
768
512
496
976
1584
1456
528
-512
-832
-384
176
944
1568
752
-672
-560
736
1456
1104
576
672
864
304
0
992
1952
1664
1408
1504
704
-160
336
1168
1040
240
-624
-928
-688
-496
-480
-784
-1328
-1312
-736
-592
-1072
-1520
-1936
-2144
-1200
480
720
-192
96
736
-464
-1872
-1312
-80
-48
-480
-176
-176
-1472
-2032
-576
384
-688
-1936
-2032
-1520
-864
-304
-192
-192
240
880
1312
1264
320
-1216
-2064
-1664
-432
880
1168
416
-336
-480
-144
192
64
-272
-592
-768
0
1472
2320
1728
-240
-1744
-688
1184
896
-144
624
1584
560
-1152
-1920
-2048
-1504
-256
464
384
656
1152
656
-496
-896
-416
48
-64
-736
-1648
-2128
-1568
-256
448
48
-352
-464
-1056
-1728
-1584
-1200
-1472
-1984
-1472
112
928
-320
-1504
-528
624
176
-544
-1136
-1840
-624
1584
688
-1936
-1696
352
576
-272
-256
368
1072
1328
384
-1280
-2288
-1856
-32
1536
1024
-688
-1904
-2144
-1056
832
1536
624
-560
-1152
-1344
-1248
-800
-208
416
720
-80
-1648
-2256
-1360
-176
304
-384
-1440
-1456
-800
-592
-240
672
880
32
-576
-352
112
272
-128
-976
-1408
-960
-304
384
960
496
-512
-352
464
304
-512
-1216
-1600
-1200
-144
848
1648
1664
160
-1312
-1296
-1040
-1312
-48
416
1248
1936
2256
2224
1584
1264
1920
2240
1600
928
976
1248
832
-96
-224
736
1584
1472
800
448
192
-800
-1936
-1600
320
1456
288
-1344
-1344
-336
768
1584
1056
-464
-1040
-144
976
1456
1488
1536
1584
1424
1552
2240
2320
1200
80
-432
-752
-400
608
1024
912
1232
1744
1680
832
208
800
1200
144
-592
96
1040
1584
1008
-912
-1904
-640
624
496
96
-416
-1376
-1648
-912
-304
-112
-48
-272
-448
-640
-1344
-1776
-1264
-432
336
432
-352
-752
-768
-1104
-704
192
-336
-1728
-2128
-1312
-112
464
256
272
784
928
464
48
-144
-816
-1920
-1952
-256
1264
736
-528
-208
864
592
-416
-368
272
320
368
1232
2256
2416
1472
-544
-2160
-1152
1072
1120
-256
48
1360
928
-928
-1600
-720
-64
-64
-128
-48
832
1888
1280
-176
-288
576
1200
1072
-160
-1664
-2144
-1632
-464
1200
2064
928
-1040
-2160
-2368
-2304
-1984
-1328
-368
704
1488
1408
192
-1392
-1936
-1104
448
1424
480
-1104
-512
1408
1248
-592
-1280
-880
-528
480
1904
2272
1856
1392
320
-816
-464
912
1472
1360
1536
816
-1104
-1488
432
1840
1456
304
-1088
-1920
-1488
-1008
-848
80
976
448
-640
-1008
-464
672
1792
1968
512
-1344
-864
928
816
80
1088
1968
1376
928
1056
960
480
-192
-912
-1328
-1008
176
1536
2032
1520
752
224
0
336
720
304
-320
-224
304
1232
2288
1792
-336
-1584
-1248
-1136
-1568
-912
896
2240
2528
2240
1552
784
688
1280
1360
208
-688
272
1680
1088
-736
-1184
-160
864
1392
1248
432
-320
-784
-1264
-1072
304
1504
1168
-64
-688
-288
592
896
240
-288
112
368
96
432
1504
1872
1312
1136
1632
2112
2304
1696
304
-592
-720
-464
720
2112
2128
1664
2144
2480
1600
816
1488
2080
784
-784
-496
960
1744
1072
-128
-480
48
896
1424
832
-448
-1296
-1392
-768
-224
-656
-1168
-992
-672
-608
-912
-1488
-1744
-1200
128
1184
800
-544
-1712
-2112
-1472
-464
-192
-768
-1504
-1440
-304
704
928
1120
1504
1232
320
-32
240
-368
-1568
-1312
432
1488
864
-192
-320
128
48
-336
-240
-224
-960
-1088
272
1600
1856
1536
256
-1264
-272
2032
1616
0
752
1632
-64
-1920
-1872
-1136
-816
-736
-672
-368
800
2064
1536
96
96
1008
1488
1328
272
-1264
-2256
-2240
-624
1680
2192
832
-576
-1280
-1408
-1424
-1600
-1136
-128
464
800
960
112
-1136
-1216
-80
800
160
-1392
-1456
656
2192
1216
-576
-960
-96
704
864
736
1040
1744
1424
-400
-1520
-560
688
1056
1440
1808
960
-592
-928
560
1888
1120
-272
-400
-592
-1680
-1600
-80
960
864
-304
-1840
-2032
-768
768
1968
1872
32
-1264
-160
1472
1456
1024
1744
2320
1536
496
96
-288
-768
-800
-912
-1520
-1520
-256
960
1152
1024
688
-320
-1024
-400
496
80
-992
-992
-32
352
64
-144
-112
-160
-736
-1568
-1472
