-848
384
1168
848
96
48
640
912
896
912
-48
-1760
-1776
-368
-640
-1760
-704
1072
1120
688
1024
992
64
-960
-1424
-912
512
1232
-288
-2576
-3296
-2272
-288
1376
688
-1472
-1856
-448
608
1104
1232
816
720
944
496
-160
-80
208
-192
-1168
-1808
-1680
-1120
-352
528
1136
1184
1008
976
960
672
0
-1024
-1872
-1328
752
2320
1184
-1440
-2512
-1344
432
1504
1152
-416
-2016
-2368
-1456
-720
-1072
-1728
-2016
-1936
-1360
-816
-1360
-2320
-1920
-192
688
-320
-1872
-2688
-2640
-1808
-1072
-1360
-2112
-2288
-1616
-160
1104
1296
1248
1712
1696
352
-1440
-2320
-1968
-1584
-1552
-672
592
0
-1600
-1296
144
96
-800
-592
0
-464
-1248
-992
176
1184
976
-528
-1696
-1040
16
-640
-1664
-800
416
-224
-1392
-1552
-1664
-2048
-2160
-2576
-2448
-400
1232
112
-1456
-1088
144
784
496
-608
-1632
-1712
-1184
-544
208
784
688
0
-768
-1152
-1360
-2128
-2720
-1712
64
912
864
352
-592
-1488
-1424
96
1424
32
-1904
-560
1664
528
-2352
-3536
-2688
-656
1344
1776
1056
816
624
-848
-2336
-1680
304
1616
1760
1104
-64
-1344
-1984
-1040
608
576
-912
-1760
-1936
-2176
-1824
-560
368
-80
-1312
-2000
-1904
-1248
256
1920
1984
128
-1424
-1008
128
464
480
992
1616
1552
560
-432
-576
-432
-720
-1232
-1760
-2192
-1904
-704
688
1552
1344
-112
-1296
-576
464
-400
-2096
-2608
-2016
-624
752
400
-1152
-1824
-1760
-1824
-1376
-400
272
496
592
832
1184
1232
976
784
336
-832
-1808
-1424
-640
-928
-1584
-1088
320
1120
768
576
704
-352
-1856
-1792
-848
-240
16
-560
-1696
-2112
-1536
-192
800
-160
-1792
-1472
128
1008
992
816
720
672
784
1104
1232
1296
1264
224
-1536
-2304
-1648
-544
368
928
1312
1584
1424
992
784
768
304
-736
-1504
-1104
224
1328
768
-1232
-2256
-1232
160
992
1584
1072
-1072
-2816
-2720
-1728
-960
-784
-1248
-1552
-1344
-1344
-1664
-1808
-1456
-384
464
-320
-1808
-2304
-2048
-1888
-1696
-1440
-1408
-1376
-912
-80
544
560
320
624
800
-544
-2304
-2512
-2224
-2592
-2304
-704
432
-272
-1360
-432
1136
208
-1744
-1056
784
416
-1072
-976
480
1584
1168
-656
-1872
-1008
256
-144
-976
-192
944
320
-976
-1536
-1984
-2080
-1536
-1568
-1648
-144
1184
304
-1104
-992
352
1520
1424
176
-992
-1488
-1472
-1024
-464
80
784
672
-720
-1728
-2208
-3152
-2896
-736
1088
1888
1792
144
-1744
-2560
-2448
-672
1408
560
-1216
-32
1552
256
-1584
-1712
-1136
-608
48
528
896
1472
1248
-768
-2368
-912
1712
2176
1136
912
912
-432
-1920
-1360
192
144
-1312
-2096
-1696
-1568
-1920
-1072
720
832
-928
-1888
-1152
192
1328
1584
560
-992
-1696
-1040
-16
480
816
1152
928
880
1296
448
-1264
-1648
-1424
-1776
-1824
-1648
-1696
-1152
-272
240
368
-336
-1152
-496
560
256
-976
-2128
-2320
-832
896
496
-1408
-2288
-1904
-1824
-1760
-1248
-1616
-688
448
464
-224
-896
-1440
-1504
-336
1504
1968
640
-464
-128
352
-416
-1248
-544
256
-480
-1280
-1056
-1024
-1248
-656
128
240
240
736
1184
1248
1056
880
1232
1648
592
-1392
-2016
-1056
160
768
48
-1184
-816
1008
1872
1264
1056
1968
2384
1344
0
-224
400
912
960
656
-304
-1520
-1440
32
1264
1216
288
-640
-1184
-1504
-1408
-848
-672
-1008
-1280
-1344
-832
-304
-1024
-1888
-864
1184
2224
1808
912
816
864
-288
-832
592
816
-1024
-960
848
560
-832
-208
1136
832
-144
-464
-832
-1520
-1872
-2032
-1888
-640
1040
1584
848
-256
-1056
-1312
-1040
-320
720
1728
1824
-96
-2192
-1120
1456
1136
-1040
-1248
0
128
-272
208
624
112
-144
400
1024
1360
1152
544
352
368
-160
-752
-784
-176
896
1712
1840
1776
1664
1600
1488
432
-1248
-1776
-1296
-976
-608
-288
-464
-560
-240
-368
-976
-1232
-1168
-1328
-1488
-1200
-816
-960
-1408
-944
528
928
-144
-96
1024
320
-1456
-1648
-544
624
1136
64
-1296
-496
1136
496
-1136
-544
1072
720
-320
-48
48
-1008
-1408
-144
1152
544
-1184
-1696
-1264
-1088
-416
800
1072
96
-1280
-1984
-1520
-1376
-1888
-1104
672
1152
0
-1600
-2144
-816
624
320
-768
-1328
-1648
-1792
-1104
112
768
112
-864
-320
1344
1968
1232
128
-560
-32
1040
720
-864
-2032
-1776
-48
1392
816
-896
-1952
-1536
272
1824
1712
912
816
960
496
0
144
-96
-1424
-2032
-704
592
656
208
-608
-1424
-960
560
1680
1888
1408
1008
1392
1536
256
-1264
-1136
-80
-320
-1552
-1568
-608
-352
-192
688
944
0
-432
656
1760
1552
912
1024
1168
112
-1520
-2064
-1120
368
1184
528
-704
-912
-320
272
864
1200
1248
1360
1216
704
352
32
32
848
1376
288
-1376
-1488
-128
784
624
144
-608
-1552
-1808
-1280
-864
-896
-1184
-1488
-1440
-800
-256
-528
-672
192
1376
1840
1728
1536
960
-128
-592
160
656
-208
-1008
-112
992
-96
-1520
-416
1264
608
-992
-1488
-1488
-2000
-2608
-2384
-1392
-528
256
992
848
160
-336
-960
-1488
-992
128
1344
1840
176
-1552
-96
1840
304
-1920
-1008
1152
1312
112
-80
560
-48
-1152
-528
800
976
688
704
624
496
512
48
-880
-624
1200
2000
992
512
1168
1712
1664
512
-1616
-2848
-2272
-1008
-432
-768
-688
496
1200
80
-1552
-1632
-544
-64
-256
-320
-576
-1408
-1840
-1056
192
160
-624
-16
880
-224
-1760
-1536
-336
608
768
-112
-976
-416
1056
1200
-448
-1376
-464
384
544
768
384
-1040
-1856
-944
368
112
-1248
-1584
-848
-320
400
1616
2000
1040
-208
-848
-976
-1296
-1296
240
1984
1440
-624
-1584
-848
496
1232
784
-336
-912
-1104
-1888
-2400
-720
1472
720
-1392
-1216
288
976
992
112
-880
128
1728
1312
256
-160
-736
-336
1408
1520
-528
-1600
-880
-96
224
512
864
1296
1392
576
-624
-1216
-1184
-784
-1488
-1248
-688
-160
-48
-720
-1344
-976
-64
880
1296
560
-128
544
1408
944
0
-304
-624
-1584
-2096
-1296
-176
272
80
-256
-208
256
1120
2304
2528
1136
48
816
1632
608
-1136
-1984
-1776
-704
112
-688
-1792
-1456
-880
-928
-624
208
1056
1712
1520
464
-320
-432
-368
-400
-672
-1120
-1248
-816
-16
960
1328
240
-1440
-2128
-1616
-560
240
-48
-1136
-1888
-1888
-1104
80
608
544
1088
1792
1872
1792
1536
752
224
496
1072
1120
-128
-1536
-816
1120
1440
624
816
1360
752
-192
-208
32
-480
-1280
-1360
-752
-400
-400
208
1456
1792
864
368
720
464
-160
560
1520
224
-1584
-544
1280
192
-1584
-448
1488
1280
64
-544
-720
-560
-320
-784
-1104
176
1536
880
-320
-80
608
720
832
1008
1152
1728
1856
736
64
1136
2064
1040
-1024
-2240
-1824
-624
-16
96
432
608
176
-624
-1120
-752
240
912
992
912
576
-336
-1152
-928
-208
-176
-256
656
1328
272
-1104
-1008
-224
128
128
16
160
736
1040
416
-592
-896
-448
-448
-592
560
1472
176
-1152
-544
-160
-1008
-1056
144
1040
1120
1120
1568
1936
1232
288
368
336
-864
-1680
-608
1520
2608
1408
-784
-1536
-672
208
624
704
-176
-1536
-1984
-1664
-1088
-640
-1360
-2176
-720
1664
2240
1568
816
320
416
816
832
320
-848
-1312
352
2000
976
-1056
-1392
-208
1328
2144
1152
-240
432
2176
2400
1184
304
240
128
-256
-624
-752
-480
-240
-864
-1504
-1040
-176
576
1104
544
-112
720
1648
832
-624
-752
-80
-496
-1488
-800
1008
1584
896
272
144
752
1776
2192
1488
96
-752
192
1504
816
-1008
-1776
-1616
-1216
-640
-576
-1232
-1232
-544
-576
-640
656
1920
1760
1104
400
-528
-800
-480
-224
144
96
-848
-1344
-352
1200
1776
608
-1184
-1888
-1504
-736
16
-304
-1760
-2496
-1504
112
1024
944
480
608
1104
1264
1520
2000
1872
1152
816
1184
1392
304
-784
304
2064
2064
1360
1280
1568
1664
1248
848
1024
512
-1104
-2064
-1648
-784
176
1312
1968
1584
880
736
704
240
128
1088
1792
512
-1376
-816
1168
688
-1104
-304
1664
1536
288
-176
-16
288
96
-608
-240
1360
1952
800
-208
16
608
784
880
1104
1424
1872
1808
624
-416
256
1312
544
-1136
-1632
-848
336
1104
624
-272
-224
-112
-864
-1248
-464
224
80
-176
-160
-480
-1328
-1680
-784
352
464
304
960
1344
144
-1008
-448
560
528
-48
-320
160
1312
1744
464
-1120
-1200
-288
16
-192
288
848
192
-816
-608
16
-656
-1744
-1200
192
256
-160
672
1696
1456
624
320
176
-672
-1136
240
1888
1808
640
-384
-848
-624
-272
-144
208
64
-1168
-2112
-1680
-544
0
-880
-1792
-640
1568
2464
2016
1056
352
1024
2064
1344
-464
-1456
-1232
0
1168
496
-1328
-1680
-144
1328
1696
1104
288
512
1472
1328
368
224
368
-832
-1120
-400
480
1120
1584
1056
-288
-368
1200
2336
2192
1536
1136
1696
2384
1296
-352
-176
624
16
-720
-112
736
608
144
384
1408
2224
2128
1920
2144
1824
1168
1488
1664
640
-304
-864
-1152
-16
1200
288
-960
-656
-112
400
1456
2096
2016
2208
2528
2336
1920
1424
880
1088
1456
496
-768
-416
1040
2336
2688
1504
-416
-1280
-928
-256
64
-496
-1552
-1952
-1344
-352
176
16
96
1088
2080
2096
1808
1952
1696
592
128
1312
2320
1328
-176
160
1360
1056
96
640
1456
608
-480
-240
224
-160
-1008
-1376
-832
144
1248
2672
3088
1184
-1008
-1232
-176
784
1296
1744
1968
752
-880
-80
1600
688
-912
80
1936
1968
1152
1104
800
-336
-544
608
1472
1744
1936
1792
1296
496
-400
-336
832
1792
2256
2304
1216
-208
144
2080
2832
992
-1408
-1856
-960
-320
-240
-416
16
1360
1872
560
-672
-720
-560
-592
-224
384
176
-896
-1120
272
1296
400
-624
304
1440
416
-1024
-704
-16
64
256
352
304
880
1136
-16
-1136
-800
208
1008
1312
800
-144
-880
-1232
-528
784
496
-816
-720
-80
-368
-112
1248
1856
864
-448
-368
464
0
-672
752
2400
1696
-32
-944
-992
-240
816
880
64
-528
-832
-1040
-608
352
704
-272
-1216
-112
2096
2656
1472
432
384
1232
2016
1648
528
-480
-656
768
2176
1024
-1088
-1184
304
1648
2128
1760
1152
1184
1792
1856
1120
848
1072
224
-1056
-656
1248
2400
1488
-448
-1360
-480
1264
2608
2768
1856
1152
1536
2080
1376
-32
-144
784
576
-512
-656
-128
-16
64
592
1216
1856
2368
2384
2064
1728
1792
2464
2656
1376
-80
-752
-1056
-640
176
-112
-816
-176
1280
1712
1088
1072
2032
2448
1952
1472
1024
640
1104
1904
1696
528
-560
-576
944
2928
3120
1136
-848
-1568
-1504
-640
560
320
-1104
-1680
-1296
-816
-352
-192
-272
512
1920
2448
2192
2240
2192
1296
672
1440
1744
48
-1312
-80
1664
1216
80
544
1504
1168
176
-64
448
464
-640
-1584
-864
944
2032
2208
2416
2176
688
-496
48
1104
1424
1520
1408
320
-656
80
1120
432
-576
368
2160
2512
1552
848
752
368
-80
448
1456
1872
1920
1584
752
256
64
-368
-48
1328
2000
1712
1776
1504
528
656
1536
800
-784
-1232
-1264
-1328
-848
-368
160
1232
1584
560
-272
0
384
80
-288
-80
224
-192
-736
-32
1424
1392
96
256
1712
1600
-304
-1504
-768
832
1776
1120
64
672
1600
256
-1344
-400
1040
992
544
176
-640
-1408
-1200
176
1232
496
-848
-1008
-544
-224
400
1424
1968
1216
-336
-960
-704
-1168
-1232
608
2016
1328
176
-624
-1024
-240
976
1072
304
-320
-816
-1344
-1008
832
2144
1024
-720
-368
1504
2576
1904
496
-160
384
1360
1856
1632
624
-304
608
2192
1472
-544
-1104
-320
1072
2304
1936
1008
1344
1696
752
-176
-64
64
