-256
-832
-848
-1056
-1632
-1888
-1280
-1264
-2240
-944
2640
3120
80
-592
1776
2320
368
-640
-448
-1120
-1920
-896
1488
3568
4224
2400
-752
-1360
1040
2928
3232
2288
-176
-1120
1248
2416
368
-1200
-1376
-1952
-2288
-1776
-1568
-1744
-1488
-1520
-1792
-80
3040
4288
3312
1504
-720
-1904
-1216
-448
-816
-1328
-1296
-1584
-2336
-1344
1248
1936
224
-1584
-2464
-1040
1840
2048
-448
-1824
-1312
240
2496
3632
2832
1840
2128
3248
3840
3408
2896
2752
2544
2768
3344
2272
80
240
2656
3680
2896
2480
2560
2528
2832
3216
2784
1232
-736
-1664
-1104
-592
-784
-80
2128
3664
3120
2160
2320
2336
1104
544
2064
2784
816
-112
1632
1824
-608
-1040
1360
2432
736
-1408
-2288
-896
2000
2656
320
-320
1744
1792
-384
-288
2016
3200
3104
2896
2528
2448
2592
1408
-592
-480
1696
2304
112
-2064
-2256
-896
1168
3120
3616
1792
-880
-2208
-1792
-480
1232
2400
2592
2864
3104
2064
128
-1344
-1568
-224
1696
2992
3280
1760
-1008
-1392
1200
2016
-160
-880
1072
2784
3456
3248
1296
-1104
-1936
-1936
-1648
-32
1872
1616
-608
-2128
-1712
-1168
-1376
-256
2064
2160
208
48
2096
3264
2784
2832
3200
1584
-512
64
2256
3552
3600
2192
-80
-1328
-848
704
2064
1520
-592
-1760
-1312
-752
-768
-1376
-1984
-688
2400
4112
3680
3296
3472
3584
3376
2208
48
-1888
-2208
16
2784
2608
320
-448
1008
3040
3808
2032
-768
-880
1744
3088
2272
2384
3376
2432
32
-1424
-1584
-1424
-1600
-1824
-1424
-976
-1024
-240
1632
1968
128
-416
1632
2448
336
-1248
-1040
-1600
-2560
-1504
624
2304
3472
3120
1392
704
1600
2736
3200
2176
576
880
2528
2160
-80
-1040
-448
-288
-608
-944
-1648
-2016
-1776
-1920
-1888
-128
2640
4064
3360
1520
-448
-1728
-1808
-1360
-1008
-816
-1488
-2816
-2720
-96
2752
2544
-240
-2368
-2384
-720
1488
2224
1040
-432
-1120
-288
1808
2832
2256
2192
2880
2992
2544
1984
1632
2016
2976
3952
4192
2592
144
-160
1760
3024
2912
2960
3056
2224
1488
2368
3376
1920
-1088
-2576
-1968
-1280
-1184
-176
2016
3184
2640
2560
3216
2256
256
656
3008
2784
-208
-752
1920
2336
-320
-832
1360
2112
800
-800
-1760
-464
2224
1984
-720
-864
1392
1872
224
-624
896
3104
3600
2880
2672
3280
3776
2576
288
528
2608
1984
-704
-2192
-2352
-1008
2000
4160
3712
1664
-336
-1328
-1456
-272
2416
3920
2960
2288
2608
1776
-128
-1856
-2240
-208
2576
3600
3104
1792
480
1216
3136
2736
176
-800
896
2544
2448
1520
288
-864
-768
-176
-688
-976
416
1552
1040
192
-496
-1504
-1552
160
1776
1472
-16
-608
624
2048
2144
2048
2512
2192
880
256
944
1680
1648
1568
1504
368
-1136
-944
816
1696
736
-256
-192
-320
-720
-272
384
624
1424
2272
2032
1696
1968
2320
2240
960
-816
-928
176
816
1392
1696
768
320
1712
3104
2832
1328
-64
16
1088
1584
1920
2768
3008
2304
848
-832
-2448
-4096
-4528
-2592
112
320
-2000
-3344
-2352
-1680
-2544
-3280
-2672
-992
240
-656
-2752
-3408
-1744
832
2208
2048
1696
704
-1456
-2832
-2464
-1664
-1280
-1776
-2896
-3184
-2400
-1648
-944
288
1184
-16
-2560
-2944
-768
16
-1824
-3264
-3104
-2624
-2048
-1392
-1488
-2240
-3280
-4336
-4192
-2848
-2064
-1488
-272
-400
-2528
-3856
-2896
-1136
-64
240
432
848
1312
1376
928
128
-400
-96
656
1088
1328
1168
-320
-1936
-1984
-1824
-2272
-1216
960
992
-800
-976
496
624
-912
-1248
224
784
-128
16
1376
1936
1744
1392
432
-176
224
-64
-1376
-2432
-2496
-912
1488
2464
1920
576
-1680
-3392
-3264
-1952
-368
-176
-1664
-1648
240
400
-1504
-2752
-2928
-3184
-3248
-1680
704
832
-1584
-3408
-3280
-2896
-2784
-1648
240
1200
1008
-80
-1904
-2560
-1120
-272
-1616
-3120
-3120
-1968
-560
192
288
720
1680
2240
1584
-416
-2512
-2880
-1184
1008
2304
2176
1152
656
1200
1488
576
-1312
-3040
-2720
-272
928
-672
-2016
-1104
592
1568
672
-1696
-1904
720
1248
-1248
-1696
320
432
-1680
-3216
-3376
-2144
384
2272
1792
-304
-2400
-3312
-2080
544
2096
1216
-1328
-3264
-3120
-1824
-320
1392
2272
1856
1072
-144
-1440
-992
608
1440
1408
0
-2704
-3008
96
1792
560
208
1008
-128
-2208
-2096
-512
-144
-896
-1552
-1952
-1168
1024
1568
-624
-2528
-3008
-2576
-976
288
-192
-880
-720
192
1136
400
-1440
-2368
-2960
-3408
-2464
-832
544
1808
2368
2048
1584
752
-1072
-3104
-3584
-1856
320
480
-1520
-2928
-1984
-960
-1920
-2960
-2208
-576
528
-192
-2640
-3664
-1968
-112
1040
2640
3088
592
-2384
-3072
-2432
-2000
-1824
-2128
-3088
-3504
-2464
-832
208
736
832
-384
-2592
-3232
-1552
-528
-1920
-3616
-3520
-2144
-1152
-1328
-1920
-2336
-2960
-3408
-3280
-3360
-3552
-2432
-480
-448
-2592
-3600
-2336
-848
-96
32
-352
-96
1136
1856
1600
848
112
112
944
1824
1792
416
-1232
-2032
-2400
-2240
-1120
64
480
-224
-1696
-1824
-240
128
-1104
-704
1376
1168
-1216
-1328
944
1840
1024
240
-144
16
224
-688
-2400
-3520
-2944
-960
656
1408
2000
1296
-1168
-2912
-2496
-1200
-496
-720
-1280
-1536
-1248
-688
-992
-2528
-3888
-4272
-3856
-1728
1408
1824
-1184
-3328
-2656
-2288
-3392
-2864
-176
1792
2080
1296
-240
-1296
-1200
-1440
-2704
-3680
-3360
-1920
-352
272
64
160
832
1616
1872
416
-2512
-3696
-1648
624
1216
1440
1664
1280
1008
1280
704
-1664
-3776
-2672
480
1296
-480
-864
640
1056
272
-496
-1536
-1952
-864
-480
-1536
-1248
768
1360
-384
-2176
-2336
-1296
-96
560
560
-176
-1584
-2464
-1504
464
1344
416
-1072
-1888
-2048
-1792
-960
48
656
1040
912
-240
-1392
-1536
-1104
-224
800
528
-1056
-1696
-416
928
912
528
624
448
-352
-848
-448
-208
-1120
-2368
-2448
-1056
512
272
-1520
-2544
-2064
-1056
-176
-448
-1520
-1120
592
1216
720
224
-592
-1344
-1168
-960
-1648
-2048
-1088
512
1472
1216
2032
288
-1904
-3056
-2672
-1088
544
272
-1824
-2704
-1792
-1616
-2480
-2496
-1248
496
1728
928
-1264
-1888
-208
1264
1344
1760
2768
1888
-992
-2608
-1792
-608
-480
-1328
-2304
-2368
-1664
-848
320
1904
2288
192
-2304
-1744
640
528
-1728
-2752
-2448
-2128
-1520
-1040
-1488
-2320
-2960
-2976
-2224
-2000
-2480
-1456
688
656
-1344
-2432
-2304
-1408
672
2464
2496
2016
2048
1744
944
848
1536
1776
1648
1904
1936
1104
-192
-1216
-1456
-1456
-1584
-128
2368
1760
-1216
-1072
1488
1184
-1264
-1088
1104
1072
-800
-608
1536
2560
2304
1872
1040
480
816
368
-1280
-1856
-960
-80
928
2528
3360
2096
-544
-2496
-2400
-640
896
272
-1472
-1088
864
688
-1392
-2240
-2064
-2640
-2912
-976
1872
2128
-560
-2576
-2544
-2576
-2864
-1712
464
2304
2896
1616
-480
-1456
-1424
-1728
-2304
-2384
-1744
-608
464
1072
1248
1152
1104
1744
2528
1424
-1136
-1744
192
1760
1840
1584
1536
1936
2544
2576
1968
432
-1712
-1744
736
1552
-496
-1456
112
2112
2768
1040
-1648
-1328
1792
2256
-496
-1152
592
576
-1248
-2640
-3120
-1856
912
2448
1600
-384
-1952
-1648
320
1872
2128
1200
-1088
-3120
-2400
144
1648
1728
1792
1952
1264
-224
-1088
-288
1488
2736
2288
-160
-2720
-2432
528
2592
2016
1248
1712
720
-2144
-2224
816
1712
-304
-2000
-2224
-800
1504
1952
208
-1728
-2592
-1488
816
1248
-464
-1104
272
1808
2368
1696
-208
-2080
-2800
-2960
-2512
-496
1856
2544
2032
1856
1904
992
-1072
-2896
-3008
-1216
944
1120
-608
-1568
-960
-672
-1568
-2512
-2128
-288
976
-128
-1952
-1744
304
1952
2496
2864
2560
608
-1552
-2016
-1568
-1520
-1584
-1552
-1984
-2544
-2144
-864
368
1328
1712
432
-1520
-1312
864
1504
-384
-2224
-2304
-1808
-1808
-1808
-1776
-2128
-2368
-2384
-2688
-3120
-2992
-1536
560
640
-1520
-2752
-1920
-592
512
1392
1712
1696
1456
960
880
1504
1792
1312
1248
2208
2976
2080
-96
-1424
-1104
-1136
-1744
-416
2048
1872
-224
-400
992
576
-1264
-800
1600
1600
-400
-208
1776
2528
2256
1952
1504
1632
2000
656
-1776
-2560
-1344
208
1760
3216
3328
1552
-1200
-3168
-2688
-336
1168
304
-1232
-896
768
1040
-464
-1808
-2400
-2912
-2880
-1136
1328
1088
-1744
-2864
-1824
-2016
-2800
-1248
1664
3232
2800
1088
-896
-2128
-2192
-1856
-2016
-2448
-2336
-1120
672
1616
1248
1072
1904
2944
2912
1072
-1312
-1536
592
2640
3296
2832
2096
2176
2560
2032
976
-336
-1808
-1328
1104
1632
-336
-1168
-64
864
960
240
-1008
-1184
-16
224
-848
-880
512
1008
32
-992
-1200
-528
576
1296
1136
192
-640
-176
928
1232
960
448
-544
-1520
-1696
-800
640
1280
1072
1392
1824
752
-1088
-1488
-176
1264
1472
336
-896
-944
80
1040
1472
1888
2128
944
-848
-448
1168
688
-1040
-1632
-1360
-512
576
288
-976
-1280
-704
64
736
192
-1088
-784
784
1328
848
320
-544
-1408
-1472
-1440
-1648
-1056
368
1168
912
816
-2208
-2496
-1520
-1424
-1936
-2064
-2192
-2496
-2304
-672
1312
608
-1696
-1168
1184
960
-1072
-1904
-2064
-2768
-2896
-1440
544
1904
2176
864
-1040
-1216
400
2080
2608
1248
-720
-576
992
688
-1520
-2992
-3040
-2512
-1952
-1984
-2816
-2896
-1824
-1456
-1712
-592
1200
1824
1776
1360
-112
-1504
-1792
-2000
-2432
-2368
-2160
-2480
-2352
-608
1136
512
-1504
-2544
-2400
-1008
1232
1504
-1088
-3520
-3616
-1888
208
1296
1360
1472
1760
2016
2064
1472
1184
1792
2304
2816
2976
448
-2704
-1760
1424
2240
1296
1136
1712
1904
1632
1648
1728
512
-1712
-2976
-2848
-2624
-2576
-1264
1136
2320
2000
1952
1744
-160
-2176
-1440
784
464
-1648
-1008
1456
848
-1968
-2000
576
1392
-592
-2608
-2576
-656
1520
1584
-256
-512
1504
1920
-288
-1200
224
976
592
992
1696
2160
2592
1248
-1536
-1568
1328
2368
144
-2208
-2832
-2080
-256
1792
2208
624
-1408
-2688
-2896
-1936
-112
1296
1488
1792
2224
656
-1856
-2624
-2208
-1568
-144
1568
2064
352
-2096
-1760
624
608
-1392
-1520
368
1856
1984
864
-1008
-2320
-2384
-2224
-2176
-1040
608
432
-1344
-2480
-2656
-2816
-2592
-976
864
432
-1840
-2384
-48
1840
1504
1024
1056
-112
-1856
-1360
1120
2544
1600
-352
-1984
-2800
-2640
-1264
768
1168
-816
-2416
-2256
-1856
-1760
-1888
-2304
-1376
1104
2272
1392
512
592
1520
2320
1184
-1360
-2832
-2528
-784
1248
960
-1440
-1936
112
1552
1632
896
-448
-448
1392
2064
1088
880
1360
624
-784
-1600
-1968
-2112
-1824
-1424
-1728
-2880
-3376
-1456
1504
1888
-384
-1392
144
928
-768
-2352
-2000
-1328
-1520
-1040
912
2512
2080
224
-1248
-816
1200
2640
2368
720
-1248
-1296
512
592
-1648
-2896
-2512
-2400
-2496
-2160
-2080
-2496
-2896
-2928
-2192
-688
592
1216
1472
784
-992
-2096
-1520
-880
-1280
-1760
-1888
-2336
-2512
-1024
992
480
-2176
-3568
-2768
-1104
688
1008
-1248
-3312
-2400
-240
816
1232
1888
2112
1728
1648
1984
2080
2000
1648
1200
1808
2496
1024
-1456
-1696
496
2176
1664
880
1360
1424
912
1728
2496
688
-2096
-3024
-2176
-1376
-1056
112
2128
2528
1200
912
1728
1136
-576
-272
1760
1216
-1904
-2048
1120
1376
-1632
-1744
1376
2160
-304
-2512
-3024
-1680
800
1104
-992
-1056
1248
1408
-976
-1920
-480
912
1456
1920
2144
2144
2336
1344
-944
-1344
592
1136
-928
-2800
-2480
-640
1136
2112
1968
560
-1104
-1904
-1824
-1040
224
1104
1392
1488
1120
-240
-1872
-2368
-1536
-576
160
1328
2160
1024
-1248
-1360
832
1200
-1152
-1696
800
2016
768
-176
-624
-1600
-2224
-2304
-1968
-448
1088
976
64
-752
-1456
-1712
-1472
-560
768
560
-1152
-1456
80
976
896
1504
2416
1648
-272
-992
-144
1120
1840
1232
-576
-1968
-1760
-304
992
704
-688
-1392
-976
-512
-656
-1152
-1088
-176
640
880
720
192
64
1136
1840
256
-2000
-2320
-976
208
432
-384
-1376
-992
592
1488
912
-512
-1712
-1440
0
880
928
1296
1808
1328
