-2224
-1968
112
2432
2848
1008
-1152
-880
1504
2896
2864
3104
3120
2672
2736
1728
-816
-1120
1264
1968
-96
-1776
-1744
-1664
-1840
-496
2080
3232
2608
2192
2704
3328
3344
2880
2416
1360
-816
-2848
-2768
0
2800
1648
-1824
-1840
1408
3200
3040
2848
2592
2304
2464
2688
2864
3184
3248
3360
3232
1200
-1440
-1136
1408
2864
2752
1424
-944
-2144
-1488
-1248
-1856
-1792
-1104
-624
-720
-1520
-2368
-2432
-1664
-112
1632
2272
2144
2640
2768
736
-1520
-352
2784
2688
-512
-1440
768
1456
-688
-1216
1344
2256
-304
-2528
-2720
-2304
-1936
-2256
-2592
-976
1888
3616
3232
1024
-1344
-2512
-2560
-1136
1600
3552
3360
1344
-1008
-1008
1296
1648
-672
-1168
1136
2640
2592
2976
3392
1888
-720
-1296
624
2112
2256
2592
2912
1664
-1024
-3216
-2960
-592
1712
2656
2544
2352
2544
2688
2192
736
-704
-640
0
-432
-1200
-1664
-2000
-896
1616
2256
-32
-2064
-2032
-1664
-1824
-1568
-1088
-1328
-1600
-704
848
832
-752
-912
928
1792
464
-1552
-2480
-1040
1504
1472
-1040
-1280
1264
1840
-240
-960
688
2496
2896
1552
-608
-2080
-2032
-496
1072
1040
-400
-1712
-1648
0
2048
3152
2704
1040
-672
-1168
-928
-1488
-2240
-960
1440
1536
-752
-2352
-1888
-96
1648
1744
-176
-2416
-2736
-1488
-768
-144
1536
1536
-1344
-2464
416
3280
3232
1120
-896
-816
1040
2800
3520
2288
-560
-1296
944
1808
-128
-2048
-2384
-832
1888
3136
2400
2176
2656
1696
-480
-1536
-1056
-1072
-2080
-1824
480
2608
2848
1392
-624
-1008
848
2496
2400
1776
1776
2416
2752
1424
-672
-384
2032
2192
-608
-2160
-1376
-1056
-1568
-592
1712
2896
2464
2336
2816
2480
1728
1904
2224
1024
-1104
-2368
-2000
-80
2032
1632
-896
-1552
704
2784
3264
3200
2848
2240
1984
1984
1968
2144
2128
2096
2480
1600
-624
-848
1504
3408
3744
2720
400
-1440
-1632
-1744
-2384
-2128
-1216
-896
-720
-592
-1552
-2928
-2864
-928
1712
3184
2720
1936
1920
928
-1360
-1552
1056
1840
-496
-1136
992
1312
-832
-1040
1248
1936
-240
-2336
-2464
-1456
-688
-1072
-1840
-1008
1056
2352
2480
1488
-720
-2640
-2592
-576
2016
3312
2624
624
-1520
-1488
832
1552
-304
-704
1328
2704
2640
2800
3088
1776
-624
-976
1056
2320
2096
2512
3472
2800
128
-2784
-3776
-1840
1520
3408
3184
2480
2208
2304
2496
1680
-448
-1792
-1408
-1040
-1760
-2960
-3264
-1104
2080
2448
0
-1856
-2320
-2464
-2320
-2080
-2192
-2048
-1408
0
2016
2224
-192
-1136
1072
2192
352
-1152
-768
32
480
320
-304
-80
1136
1232
-304
-1184
0
1648
1872
944
16
-544
-720
-192
672
800
-48
-880
-896
-96
1072
1712
1392
560
-352
-560
112
64
-1088
-1088
736
1904
816
-912
-1328
-528
352
416
-592
-1472
-1152
-688
-960
-704
448
400
-1088
-1280
496
2272
2816
1872
400
432
1760
2752
2800
1504
-320
-128
1488
1232
-800
-1600
-480
1136
2448
2976
2176
1216
1472
1744
576
-720
-880
-880
-2448
-3120
-2592
-2064
-1520
-1312
-1808
-2064
-1216
448
2032
1904
-32
-608
1504
2112
-1024
-3616
-2864
-1664
-1728
-1296
-80
624
864
416
-736
-720
992
2688
3328
2320
-160
-800
1488
2304
-112
-2432
-2896
-2400
-1680
-1664
-2208
-1968
-1280
-1216
-1328
-752
576
2032
2784
2208
576
-912
-1264
-688
-448
-1408
-2880
-3392
-2352
64
2400
2144
-832
-3248
-3152
-1248
688
752
-1088
-2704
-2672
-1568
-304
544
928
1408
2384
2960
2384
1904
2320
2128
1008
1200
2608
2016
-736
-1696
368
2176
1872
1360
1792
1984
1264
752
832
272
-1136
-1920
-1744
-1520
-1216
-400
464
880
736
320
240
48
-752
-176
2208
2048
-1488
-2320
944
1696
-1312
-2096
416
1664
256
-1408
-1536
-352
576
-16
-1072
-320
2160
3072
1136
-432
368
1424
1248
1200
2112
3072
3264
2288
528
160
1632
1584
-1248
-3616
-3440
-1872
-240
976
1408
896
-192
-1248
-1920
-1568
-112
960
1088
1264
1184
16
-1280
-1360
-544
0
112
784
2016
1840
-32
-704
640
768
-784
-912
752
2160
2560
1312
-1168
-2336
-1600
-1040
-1024
-32
1632
1424
-880
-1904
-880
-720
-1456
-560
1248
1024
-928
-1120
1216
2832
2032
1184
1456
512
-2112
-2704
272
2976
2592
624
-1184
-2304
-2256
-1104
144
176
-1056
-1776
-1600
-1824
-2032
-1776
-2000
-1600
832
3200
3168
1488
320
864
1856
1264
-448
-1952
-2688
-1264
1680
1920
-896
-2064
-256
1920
3088
2224
-480
-1520
512
1968
960
432
1584
1440
-800
-2096
-1632
-1120
-928
-1008
-1776
-2496
-1904
32
1824
1440
-256
-112
1696
1808
-576
-2352
-1792
-1008
-1424
-1232
224
1168
1040
480
112
624
1536
2080
2512
1936
48
-368
1456
1696
-880
-2960
-2720
-1648
-1248
-1344
-1472
-1408
-1040
-640
-640
-336
1088
2448
2096
560
-416
-464
-544
-816
-1072
-1776
-2576
-2384
-1104
896
2384
1344
-1328
-3120
-3280
-1728
656
1200
-624
-2784
-3936
-3168
-784
928
1280
1696
2240
2144
1968
2176
2528
2528
1984
2016
3088
2432
-864
-2272
-112
1440
896
976
2032
2032
928
576
976
176
-1776
-2832
-2608
-2032
-1232
128
1616
2208
1872
1600
1392
160
-1344
-624
1648
1456
-1104
-992
1872
1888
-1056
-1520
1104
2288
704
-1088
-1440
-320
1376
1488
-288
-368
2000
2336
-48
-848
560
1424
1456
1680
1872
2224
2720
1872
-304
-688
1328
1680
-976
-3232
-3120
-1520
592
1840
1248
-240
-1168
-1552
-1888
-1584
-272
704
768
1072
1568
816
-1232
-2720
-2224
-816
208
1456
2480
1520
-544
-800
656
832
-560
-608
912
1760
1888
1488
-304
-2032
-2064
-1568
-1168
80
1488
1328
-336
-1696
-1600
-752
-400
144
1216
848
-992
-1184
608
1840
1984
1920
1728
1088
-96
-864
-96
1312
1760
1040
-112
-976
-1232
-784
240
640
-272
-1280
-1392
-1088
-896
-1104
-1456
-928
736
2080
2080
1120
576
1040
1200
288
-656
-1168
-1360
-368
1072
688
-816
-704
720
1696
2208
1616
-432
-1424
-256
864
1296
1696
1408
400
-656
-1536
-1456
-864
-384
-816
-2128
-2912
-2160
-176
1696
1456
-656
-912
1568
2448
32
-1936
-1696
-1536
-2048
-1360
752
2352
2320
944
-464
-320
1264
2480
2384
880
-992
-528
1968
1984
-1024
-2864
-2416
-1616
-1216
-1328
-1872
-2080
-2080
-2288
-1904
-272
1904
3408
3376
1744
-368
-1680
-1696
-800
-320
-1216
-2496
-2816
-1872
480
2784
2368
-528
-2912
-3104
-1408
768
1168
-368
-1792
-1792
-464
1344
2048
1488
1376
2240
2832
2800
2960
3248
2688
1632
1840
2800
1568
-1408
-1728
976
2448
1840
1920
2592
2000
1104
1664
2304
1136
-1072
-2592
-2752
-2256
-1728
-272
2048
2784
1696
1264
1472
576
-512
304
1968
1072
-1776
-1456
1888
1824
-1696
-1776
1776
2736
400
-1424
-1488
-192
1520
1232
-752
-640
1536
1392
-880
-848
1296
1856
1152
1552
2528
2704
2288
1152
-576
-640
1632
2320
-480
-2848
-2336
-704
816
1808
1584
656
-272
-1232
-1568
-592
896
1744
2032
2224
1920
656
-816
-1392
-912
-112
512
1568
2752
1792
-1088
-1776
368
1152
-160
-368
1104
2576
2960
1456
-1088
-2096
-1296
-784
-1040
-272
1552
1680
-624
-2016
-1200
-944
-1808
-1104
672
464
-1008
-560
1408
2192
1792
1840
1856
304
-1376
-576
1808
3056
2560
928
-1328
-2736
-2128
-336
1152
1264
-368
-2368
-2832
-1888
-1216
-1584
-1968
-1024
848
2496
3440
3104
1984
2064
2784
1840
-320
-2048
-2672
-992
1840
1680
-1088
-1584
656
2464
2816
1520
-784
-864
1936
3600
2528
1520
1584
592
-1504
-2384
-1744
-1120
-928
-976
-1552
-2128
-1664
192
1776
736
-1392
-560
2016
1600
-1280
-2320
-1408
-1360
-2176
-1648
464
2352
2544
1056
-672
-816
944
2816
2976
1088
-864
-256
1808
1408
-1392
-3168
-2608
-1136
-496
-1056
-1552
-1344
-1216
-1280
-960
-32
1600
3168
3360
1952
-272
-1840
-1632
-496
-64
-688
-1712
-2352
-1632
704
2672
1920
-608
-2272
-2384
-944
1392
1872
-592
-2864
-2512
-576
1024
1488
1200
1360
2128
2400
2064
2128
2416
2000
1616
2448
3280
1872
-736
-960
1712
3536
2608
1440
1872
2336
1808
1504
1472
288
-1456
-2112
-2096
-2016
-1200
576
2224
2656
2000
1552
1536
544
-720
208
2176
1376
-1488
-1344
2016
2704
-192
-752
1856
2448
304
-1504
-1952
-864
736
432
-784
96
1680
992
-656
-448
896
1552
1856
2272
2336
2592
2880
1424
-784
-336
2032
2160
-432
-2576
-2704
-1296
688
1888
1968
1424
-48
-2112
-3120
-2240
48
1744
1504
1152
1696
784
-1488
-2176
-1232
-192
1024
2384
2672
1200
-768
-880
720
1088
-304
-672
720
1872
1904
976
-592
-1472
-1328
-1520
-1648
-176
1680
1520
-128
-1024
-1056
-1440
-1696
-288
1648
1248
-624
-416
1648
2304
1408
1232
1664
1296
256
-192
528
1552
1696
816
-288
-1008
-992
-80
1024
864
-416
-960
-576
-560
-880
-816
-400
448
1424
1984
2288
2368
1952
1520
1152
48
-1408
-1936
-1568
-672
512
656
-528
-816
816
2256
1728
0
-1072
-448
1072
1696
1216
1216
1824
1312
-848
-256
1152
2752
2672
784
-1152
-1008
1424
3072
2496
2080
2576
2784
2688
1552
-432
-224
1952
2304
400
-1472
-2416
-2848
-2736
-1040
1792
3200
2688
2480
2976
2672
1984
2512
3344
2064
-832
-2800
-2752
-752
1440
992
-1136
-864
1808
3296
2880
2288
2160
2128
2048
2080
2368
2496
2416
2976
3488
1712
-1424
-1840
928
3152
2944
1632
256
-784
-1136
-1152
-1184
-976
-592
-480
-1040
-1888
-1968
-1536
-1552
-1088
368
1408
1904
2880
3344
1456
-1232
-1248
1104
1600
-560
-928
1536
1824
-1008
-1248
1808
2112
-912
-2384
-1872
-1360
-864
-1088
-2032
-1152
1424
2800
2352
896
-928
-2112
-1968
-560
1376
2720
2832
1760
320
256
1552
1632
128
-160
1216
1920
1840
2496
2880
1104
-1584
-1888
800
3056
2832
2288
2528
1744
-320
-2032
-2096
-400
1584
2320
2048
1680
1872
2368
2144
784
-864
-1776
-1568
-928
-992
-1952
-2384
-560
2256
2448
-272
-2320
-2176
-1472
-1248
-1280
-1552
-1856
-1552
48
2144
1664
-1136
-1312
1456
1984
-304
-1840
-1840
-400
1984
1936
-624
-896
1184
1056
-528
-176
1152
1984
2432
1408
-816
-2160
-1904
-208
1744
1664
-240
-2000
-2656
-1360
1504
3056
2304
1072
-240
-1488
-1472
-1104
-1360
-368
1488
1152
-800
-1952
-1888
-416
1680
1680
-512
-1952
-1696
-1280
-1328
-528
1328
1712
-400
-1424
800
3216
2784
496
-1040
-784
720
2480
3168
1504
-976
-816
1600
2224
64
-2176
-2656
-1344
1024
2992
3456
2912
2144
992
-624
-1648
-1776
-1824
-1744
-592
1440
3056
3200
1696
-288
-576
1008
2240
2080
1872
2576
3456
2976
416
-1904
-832
2128
2448
-32
-1728
-1488
-1168
-1408
-576
1520
2864
2608
2064
2160
2240
1696
1392
1712
1152
-608
-1968
-2384
-1264
1184
1568
-816
-1424
688
1808
1568
1968
2272
1728
1792
2768
3072
2192
1424
2096
2944
1456
-896
-480
1792
2688
2080
928
-592
-1696
-2032
-2064
-1904
-1472
-944
-832
-1440
-2064
-2128
-2064
-1872
-672
1296
2528
2320
1824
1760
976
-640
-864
672
1280
176
128
1568
1216
-864
-768
1248
1136
-1280
-2960
-2672
-1376
-576
-896
-1296
-656
944
2416
2432
688
-1312
-2432
-2560
-1040
1840
3568
2800
624
-1024
-512
1088
752
-960
-816
1056
2208
2240
2576
3264
2288
-384
-1088
1328
2912
2032
1504
2160
1728
-256
-2112
-2368
-736
1328
1872
1344
1792
3056
3472
2816
1616
-32
-1280
-1264
-960
-1584
-2480
-2128
32
2416
2432
-32
-2096
-2496
-2480
-2432
-1920
-1520
-1744
-1664
144
2320
1312
-1616
-1360
1312
1584
-448
-1504
-1056
160
1504
1408
96
432
2080
1472
-896
-1456
32
1440
1728
1104
272
-640
-1328
-608
1008
1024
-720
-1584
-784
48
336
848
1520
1232
-208
-1392
-1264
-864
-1120
-800
624
1312
384
-624
-912
-592
400
1024
-16
-1376
-1424
-1200
-1312
-464
880
384
-1360
-1152
1184
2768
2624
1360
-432
-992
400
1424
800
-496
-1216
-256
1648
1696
-48
-1136
-1024
-144
1136
1680
1664
2208
2480
1248
-288
-608
-304
-288
