-2368
1872
4352
4432
4112
4224
3984
3424
4000
4752
1952
-2704
-1968
2960
2832
-2016
-2688
1648
4368
4192
4336
4320
1632
-2496
-5392
-5440
-1648
3136
3088
-1408
-4832
-4688
-1024
3424
2768
-2032
-2656
1680
4208
3664
3504
4144
4096
3632
3520
3824
4640
4784
2304
-1856
-4688
-4608
-1600
2608
4848
4560
4016
4160
4000
3520
4128
4800
2000
-2480
-2560
1648
4864
4720
1136
-3280
-3168
1408
4880
4672
1552
-2720
-5056
-4688
-3952
-3664
-3440
-3456
-3424
-3344
-3664
-4160
-4688
-4400
-1296
2688
2400
-1728
-4512
-4576
-4016
-3664
-3520
-3840
-4720
-4992
-2544
1792
4016
3584
3872
4656
2576
-1776
-4336
-4384
-4784
-5200
-1856
3264
2752
-2208
-2320
2240
2080
-2496
-2128
2528
2112
-2480
-2528
2176
5632
5488
1568
-3424
-2640
2832
2912
-2208
-2080
2944
3024
-2224
-5328
-4896
-4016
-3536
-3792
-4128
-1104
3568
2864
-2016
-2752
1392
4576
4368
1456
-2688
-5648
-5568
-2256
2496
5344
4608
1136
-3008
-5040
-4640
-4688
-4992
-2688
1504
4688
5168
2144
-2624
-5472
-4816
-1008
3024
1664
-3360
-2784
2736
3200
-2064
-5504
-4720
-1680
2096
4304
4272
4656
5072
1792
-3136
-3184
1472
4576
4416
4464
4560
1072
-3664
-2608
2688
3344
-1488
-4640
-4400
-4672
-5088
-2048
2400
2512
-1536
-4976
-5216
-2512
1600
4864
5328
1696
-3232
-3248
1456
4352
3872
3504
4000
4512
4208
1600
-2272
-4080
-3728
-3552
-4048
-4736
-4528
-1664
2656
5200
4672
1024
-3056
-2048
2512
2592
-2192
-5552
-5008
-1184
3264
3104
-1584
-4592
-4368
-4528
-4880
-2384
1936
4416
4448
4128
4272
4048
3488
4032
4768
1952
-2688
-1888
3088
2864
-2160
-2800
1632
4464
4384
4496
4288
1440
-2736
-5536
-5552
-1712
3216
3184
-1472
-4976
-4800
-1072
3392
2688
-2144
-2720
1664
4240
3744
3616
4224
4160
3696
3520
3808
4688
4896
2400
-1856
-4704
-4544
-1472
2736
5008
4704
4112
4240
4048
3504
4128
4864
2064
-2496
-2608
1552
4736
4640
1088
-3376
-3312
1312
4816
4560
1408
-2848
-5232
-4912
-4096
-3712
-3472
-3472
-3424
-3360
-3680
-4144
-4720
-4544
-1360
2848
2528
-1872
-4672
-4560
-4032
-3872
-3728
-3920
-4720
-4976
-2496
1920
4224
3792
3952
4592
2416
-1936
-4416
-4320
-4624
-5072
-1824
3184
2624
-2368
-2384
2384
2256
-2496
-2192
2512
2112
-2544
-2592
2144
5584
5488
1616
-3392
-2624
2848
2880
-2352
-2272
2880
3072
-2144
-5216
-4768
-4048
-3744
-4096
-4432
-1376
3328
2592
-2320
-2864
1584
4912
4656
1664
-2544
-5536
-5472
-2208
2448
5392
4864
1456
-2816
-4992
-4640
-4656
-4976
-2656
1648
4864
5232
2128
-2624
-5472
-4928
-1136
3024
1744
-3312
-2800
2704
3200
-2048
-5568
-4896
-1792
2176
4384
4256
4656
5152
1840
-3248
-3344
1408
4608
4480
4512
4640
1152
-3616
-2608
2704
3424
-1424
-4672
-4464
-4720
-5152
-2080
2416
2576
-1504
-4960
-5232
-2528
1600
4880
5360
1712
-3264
-3312
1472
4416
3920
3536
4064
4608
4336
1664
-2368
-4240
-3872
-3616
-4000
-4672
-4576
-1792
2576
5296
4960
1232
-3120
-2160
2576
2752
-2112
-5584
-5104
-1248
3264
3040
-1760
-4704
-4288
-4416
-4848
-1600
-3984
-3744
-976
1200
1216
-976
-3728
-3952
-1296
2016
4096
3360
944
1360
4000
2416
-2832
-3872
-560
-208
-3312
-3968
-1568
-112
-320
-608
-176
1360
3440
4800
4784
2928
672
1472
4048
2720
-2304
-5552
-5280
-2832
-128
-512
-3520
-3856
-848
736
400
1296
3376
4720
4720
3280
1280
160
176
784
960
-912
-3728
-4112
-1456
2256
4480
2560
-2304
-5488
-5296
-3152
-1024
-1136
-3376
-5040
-4944
-3392
-1216
-352
-720
480
3264
4752
4464
4448
4752
2992
96
784
3968
2352
-3072
-2976
2496
3888
496
176
3376
3680
688
-848
-496
-1312
-3472
-4960
-4880
-3536
-1216
1808
4080
3536
800
-944
-704
-448
-384
1712
4352
2096
-3312
-2752
2944
2848
-2864
-3168
2304
4320
1632
-64
288
272
-272
-608
-304
1488
3776
3760
1408
-256
-368
-592
-736
768
3264
4880
4928
2960
464
1184
3936
2768
-2272
-5504
-5184
-3312
-1168
-48
-336
-128
480
-1024
-3792
-3936
-1424
112
-192
-208
0
-1600
-3984
-3648
-736
416
-496
1008
4080
2528
-2736
-4384
-1744
304
480
-192
-816
1056
4112
2496
-2800
-4304
-1152
1088
832
448
64
-1952
-4288
-3376
-288
-288
-3376
-4080
-1632
-144
-32
1520
3824
3456
608
-816
-352
-1856
-4416
-2560
2608
4352
1520
-2224
-4368
-3712
-928
928
384
-1568
-3616
-5040
-5136
-2928
-32
-720
-3872
-2928
2160
5472
5232
2800
80
416
3296
4192
2016
-1696
-4560
-2368
3024
3024
-2368
-4768
-2272
1328
3840
3504
1056
1040
3584
3584
656
-784
-384
-1680
-4048
-3680
-880
1184
1136
-1024
-3776
-4016
-1296
2080
4192
3392
880
1360
4112
2432
-2928
-3952
-624
-368
-3488
-4016
-1520
-16
-272
-656
-288
1312
3488
4864
4864
3040
704
1472
4080
2752
-2320
-5616
-5408
-2944
-160
-528
-3584
-3904
-848
736
352
1264
3424
4800
4768
3280
1136
-16
32
704
912
-944
-3744
-4128
-1472
2256
4512
2592
-2336
-5584
-5376
-3200
-960
-1024
-3392
-5152
-5008
-3408
-1184
-224
-576
544
3280
4736
4464
4512
4784
2960
16
704
3984
2416
-3120
-3056
2544
3920
384
96
3392
3680
640
-848
-480
-1360
-3536
-5040
-5008
-3568
-1056
2064
4208
3488
656
-1088
-832
-512
-288
1920
4448
2064
-3392
-2816
2912
2768
-2976
-3200
2320
4320
1600
-80
272
224
-368
-688
-288
1568
3792
3792
1536
-160
-448
-816
-1024
544
3216
4928
4928
3024
736
1504
4080
2720
-2336
-5504
-5200
-3424
-1360
-304
-592
-208
672
-784
-3696
-4000
-1568
-80
-368
-304
-64
-1680
-4128
-3760
-752
416
-608
864
4048
2576
-2720
-4464
-1856
256
576
-32
-816
912
4032
2544
-2768
-4256
-1088
1088
720
352
128
-1792
-4192
-3392
-336
-352
-3424
-4112
-1648
-160
-48
1552
3952
3632
704
-720
-240
-1792
-4464
-2576
2688
4432
1488
-2320
-4448
-3728
-896
1040
448
-1568
-3696
-5104
-5200
-2992
-48
-752
-3984
-3040
2128
5520
5296
2768
-96
240
3264
4304
2160
-1600
-4528
-2320
3072
3024
-2384
-4784
-2368
1216
3872
3600
1120
1168
3744
3584
464
-976
-496
992
-3248
-4864
-3520
-2272
-2368
-3216
-4176
-4752
-3904
-192
4048
3024
-1632
-1216
3552
3120
-2576
-4960
-3168
-3088
-4592
-3040
992
3664
3568
784
-2288
-1392
2832
5824
5648
2192
-2032
-1104
3568
3280
-2288
-5664
-5184
-3888
-2880
-2976
-4224
-4352
-3040
-2768
-3040
-864
3072
5680
5552
2672
-1280
-3312
-3040
-2336
-2288
-3072
-4192
-4880
-4016
-192
4048
3120
-2272
-6096
-5856
-2256
1872
1680
-2624
-5792
-5568
-2640
1360
3312
2864
2960
4112
4656
4512
4496
4640
4064
2944
3600
5008
2128
-3328
-3152
2416
5136
3552
2912
4192
4304
3120
3008
3312
1136
-2976
-5168
-4816
-4416
-3856
-848
3344
4832
3440
2800
3200
1024
-2448
-976
3824
2688
-3248
-2832
3232
2880
-3200
-3040
2880
3856
-768
-3968
-3664
-864
2336
1488
-2192
-1200
3536
3312
-1376
-2144
1424
3296
2832
3088
4112
5136
5344
2224
-2224
-1296
3456
3312
-2096
-5904
-5584
-2608
1376
3936
3680
1408
-1520
-4112
-4992
-2768
1344
3488
3056
3104
3440
992
-3152
-5136
-3904
-1136
1664
4272
5344
1968
-3408
-3216
1552
2000
-1760
-2208
1232
4400
5232
2400
-2784
-5088
-3632
-2976
-3392
-1024
2528
1600
-2992
-4880
-3360
-3344
-4736
-2448
2064
1824
-2080
-1824
2864
5024
3472
3024
3584
608
-3920
-3072
2384
5680
4416
656
-3296
-5280
-4192
-656
2528
1520
-2816
-5488
-5216
-3936
-2816
-3440
-4848
-2624
2624
5568
5248
3952
2880
3440
4704
3184
-848
-4368
-5456
-1888
3616
2960
-2832
-4032
480
4464
5296
2496
-1776
-1584
2960
5008
3360
2816
3312
896
-3392
-4976
-3536
-2176
-2256
-3216
-4256
-4816
-3952
-240
4048
3008
-1760
-1328
3568
3264
-2496
-5008
-3264
-3200
-4672
-2976
1200
3904
3728
800
-2400
-1504
2816
5888
5760
2224
-2064
-1120
3616
3280
-2336
-5712
-5232
-4000
-3072
-3104
-4240
-4384
-3216
-3072
-3376
-1120
2976
5632
5504
2640
-1360
-3536
-3232
-2496
-2528
-3280
-4240
-4912
-4128
-224
4144
3152
-2304
-6112
-5872
-2256
1904
1696
-2688
-5872
-5600
-2640
1440
3504
3008
2992
4160
4736
4592
4624
4768
4128
3008
3680
5056
2064
-3472
-3200
2496
5216
3584
2976
4272
4384
3232
3136
3424
1136
-3072
-5328
-4960
-4496
-3840
-816
3360
4864
3488
2864
3232
976
-2544
-1024
3872
2736
-3296
-2912
3248
2944
-3168
-3008
2944
3904
-752
-3984
-3696
-896
2320
1424
-2256
-1200
3616
3376
-1360
-2144
1424
3328
2848
3056
4144
5264
5488
2352
-2096
-1120
3664
3392
-2192
-6032
-5664
-2672
1280
3840
3600
1408
-1520
-4192
-5072
-2800
1328
3488
3056
3136
3504
1056
-3216
-5264
-3984
-1184
1616
4240
5392
2032
-3456
-3328
1504
2000
-1744
-2208
1248
4432
5328
2464
-2784
-5072
-3520
-2800
-3264
-992
2464
1488
-3056
-4896
-3296
-3328
-4816
-2592
1920
1712
-2112
-1696
3024
5152
3552
3072
3616
592
-3952
-3120
2416
5760
4528
752
-3248
-5280
-4224
-640
2624
1584
-2848
-5488
-5152
-3936
-2944
-3552
-4864
-2608
2608
5504
5200
3984
3040
3584
4752
3120
-1024
-4560
-5520
-1856
3664
2928
-2928
-4064
560
4592
5376
2480
-1856
-1600
3056
5072
3312
2720
3216
1056
-3056
-4704
-3568
-2464
-2496
-3120
-3952
-4624
-3952
-272
3856
2736
-1792
-1264
3376
3008
-2400
-4784
-3168
-3056
-4272
-2640
1248
3856
3680
688
-2448
-1488
2704
5584
5344
1888
-2192
-1184
3376
3072
-2240
-5392
-4912
-3792
-2960
-2976
-4016
-4208
-3136
-2928
-3056
-864
2960
5424
5232
2368
-1472
-3408
-3120
-2480
-2480
-3056
-3952
-4704
-4016
-304
3792
2880
-2160
-5728
-5456
-1888
2096
1728
-2528
-5536
-5200
-2304
1568
3488
3040
2992
3920
4400
4320
4272
4432
4032
3104
3584
4672
1920
-3120
-2928
2288
4992
3664
2928
3920
4128
3280
3200
3344
1120
-2864
-4896
-4512
-4272
-3840
-896
3216
4736
3552
3024
3264
864
-2576
-1024
3632
2576
-2976
-2592
3024
2688
-2912
-2688
2752
3472
-992
-4064
-3696
-688
2528
1408
-2368
-1264
3360
2928
-1616
-2064
1616
3472
2944
3024
3888
4864
5040
1920
-2352
-1328
3264
3104
-2000
-5552
-5168
-2240
1616
4080
3744
1328
-1696
-4096
-4672
-2336
1600
3616
3184
3232
3504
1072
-2992
-5072
-3952
-1024
1920
4224
4928
1696
-3232
-2800
1776
1888
-1936
-2112
1504
4352
4848
2160
-2608
-4832
-3696
-3200
-3440
-832
2704
1712
-2800
-4704
-3376
-3344
-4432
-2032
2208
1680
-2224
-1856
2736
4880
3536
3184
3632
688
-3632
-2896
2256
5488
4416
816
-3136
-5216
-4176
-528
2704
1584
-2736
-5200
-4864
-3808
-2944
-3424
-4512
-2352
2544
5232
4928
3840
3008
3456
4368
2720
-1104
-4304
-5104
-1648
3440
2704
-2656
-3536
848
4496
4992
2096
-1968
-1648
2832
4912
3504
3024
3360
912
-3200
-4768
-3520
-2384
-2464
-3168
-4000
-4656
-3936
-240
3888
2688
-1904
-1344
3408
3072
-2384
-4848
-3344
-3232
-4336
-2560
1424
4032
3808
704
-2528
-1520
2784
5680
5424
1952
-2160
-1120
3488
3136
-2208
-5344
-4896
-3904
-3168
-3072
-3968
-4192
-3296
-3216
-3392
-1104
2848
5344
5120
2304
-1568
-3568
-3264
-2624
-2640
-3200
-4016
-4768
-4112
-336
3856
2960
-2144
-5744
-5488
-1904
2144
1776
-2576
-5648
-5312
-2352
1664
3648
3120
2976
3904
4416
4336
4304
4432
4048
3168
3680
4672
1808
-3232
-2928
2416
5120
3728
2992
4016
4224
3376
3328
3472
1168
-2896
-5024
-4656
-4368
-3904
-960
3184
4752
3600
3088
3312
848
-2640
-1072
3632
2576
-3056
-2640
3024
2656
-2944
-2624
2848
3504
-976
-4032
-3680
-736
2512
1408
-2384
-1248
3488
3056
-1584
-2048
1664
3520
2992
3072
3952
4976
5200
2064
-2208
-1168
3456
3200
-2048
-5696
-5328
-2352
1536
4032
3712
1264
-1824
-4224
-4688
-2336
1584
3616
3232
3312
3568
1136
-2976
-5136
-4016
-1040
1888
4224
5040
1792
-3216
-2848
1744
1920
-1856
-2032
1536
4448
5056
2320
-2624
-4896
-3600
-2976
-3296
-880
2608
1664
-2864
-4816
-3408
-3360
-4544
-2160
2112
1616
-2224
-1776
2848
4976
3664
3280
3616
608
-3680
-2928
2272
5552
4464
816
-3120
-5200
-4208
-544
2752
1632
-2720
-5168
-4848
-3920
-3088
-3504
-4480
-2304
2496
5136
4880
3936
3184
3632
4464
2688
-1280
-4416
-5040
-1568
3440
2672
-2704
-3584
848
4560
5056
2096
-2016
-1648
2896
4960
3472
2912
3248
