4192
4912
2704
-1616
-4624
-4592
-944
3600
3344
-1376
-4448
-4416
-3872
-3488
-3984
-4720
-1728
3392
2928
-2096
-2464
2512
5264
4288
3904
4160
1920
-1984
-4224
-4304
-4096
-4288
-4016
-3440
-4032
-4688
-2240
2512
5760
5696
1936
-2624
-1808
3136
3488
-1408
-4336
-3824
-3488
-3952
-4160
-4160
-3968
-3680
-3440
-3328
-4032
-4320
-1104
3536
3456
-1184
-4896
-5120
-2032
2624
5248
4976
4192
3920
3920
4208
4480
4512
4240
3808
4096
4336
1856
-2624
-4944
-4512
-4592
-5008
-1872
2864
1904
-3232
-2624
3072
2880
-2784
-2800
2448
2272
-2896
-3168
1808
4592
4064
3648
4144
5008
5168
2752
-1504
-4704
-5072
-2336
1920
4800
4624
1808
-1840
-4672
-5184
-1504
3616
2720
-2816
-2656
2944
3440
-1968
-4928
-3936
-3696
-4048
-1232
2912
2640
-1600
-4288
-4272
-4400
-4208
-1568
2240
4640
4528
1504
-2784
-5056
-4784
-3792
-3152
-3808
-4736
-2336
2704
5472
5120
4272
3728
3936
4208
1488
-2560
-1872
2928
5344
4256
3312
3504
3520
3408
4368
5184
2320
-2432
-1872
2752
2064
-3104
-3056
2368
5840
5072
1296
-2768
-1776
2864
2112
-3168
-2592
2992
3616
-1216
-4768
-4512
-1648
2192
5184
5520
2000
-2576
-2416
2368
5712
4976
1824
-1936
-4736
-4960
-2112
2208
4464
3936
4272
5216
2128
-3040
-3216
1424
5232
5568
2192
-2304
-2432
1888
4752
4608
4928
5392
2080
-2704
-1744
3360
3488
-1856
-5792
-5552
-1712
2816
2528
-2208
-5520
-4912
-704
4000
2800
-2736
-3136
2208
5792
5088
1632
-2736
-4736
-3888
-3792
-4448
-2256
2208
4432
3952
4240
4928
2672
-1680
-4656
-4592
-944
3600
3376
-1376
-4528
-4544
-3936
-3472
-4032
-4832
-1744
3440
2928
-2112
-2384
2624
5296
4272
3920
4208
1952
-2016
-4272
-4320
-4080
-4256
-3984
-3424
-4080
-4752
-2224
2624
5952
5856
2000
-2656
-1824
3200
3568
-1408
-4336
-3808
-3536
-4016
-4224
-4320
-4112
-3664
-3312
-3200
-3936
-4304
-1104
3600
3536
-1168
-4944
-5200
-2048
2784
5504
5168
4288
3920
3904
4320
4672
4704
4384
3824
3968
4240
1808
-2656
-5024
-4608
-4688
-5040
-1872
2912
2016
-3088
-2512
3120
2896
-2736
-2640
2688
2464
-2768
-3040
1904
4672
4160
3744
4144
4976
5152
2688
-1664
-4848
-5056
-2192
2112
4992
4768
1840
-1968
-4800
-5136
-1408
3664
2736
-2816
-2672
2960
3488
-1952
-4976
-4016
-3792
-4160
-1312
2960
2736
-1648
-4368
-4256
-4400
-4336
-1680
2320
4896
4848
1776
-2576
-4880
-4592
-3840
-3536
-4112
-4608
-2096
2672
5232
4928
4256
3920
4256
4496
1600
-2720
-2208
2672
5360
4464
3536
3648
3648
3536
4416
5200
2352
-2464
-1952
2768
2176
-3072
-3152
2304
5872
5152
1312
-2880
-1888
2880
2192
-3120
-2592
2960
3536
-1328
-4832
-4480
-1568
2192
5136
5504
1984
-2592
-2384
2416
5792
5120
1952
-1936
-4768
-5024
-2192
2176
4480
3968
4288
5216
2064
-3152
-3312
1440
5376
5744
2272
-2336
-2544
1792
4768
4704
5024
5408
2016
-2784
-1760
3392
3488
-1872
-5744
-5504
-1632
2992
2752
-2096
-5552
-5072
-928
3808
2768
-2592
-3088
2096
5744
5216
1824
-2624
-4736
-4016
-3936
-4512
-2176
2368
4592
4112
-3424
-1040
1552
3504
4624
4688
2896
512
1024
3616
3216
240
400
3392
3696
928
-1008
-592
1472
3664
3840
1600
-1200
-3360
-5104
-5344
-1952
2880
3936
1104
-1232
-1120
1040
3648
3632
864
-768
-160
80
-192
1392
3776
3312
816
608
2992
4832
4784
3152
720
-1056
-1104
608
3120
4512
4336
4272
4496
2976
624
1072
3600
3568
752
-848
-288
720
880
-1008
-3776
-3808
-1056
1056
1008
-800
-3296
-4976
-4880
-3264
-1120
-16
-256
-176
80
-1504
-3920
-3792
-1376
176
176
304
256
-1648
-4096
-3584
-1024
-864
-3280
-4992
-4880
-3200
-720
320
-48
1216
3664
3824
1200
-1728
-3680
-5184
-5408
-2096
2848
3920
976
-912
-288
192
-288
-352
112
-128
-592
512
3008
5136
5232
1568
-3424
-2896
2416
3744
480
544
3696
2656
-2384
-5472
-5152
-3264
-1056
-176
-528
880
3600
3584
896
-784
-448
416
528
-896
-3280
-5264
-5392
-2144
2608
4112
1648
-1520
-3696
-4656
-4480
-4432
-4624
-3680
-1360
1952
4400
2256
-2816
-4320
-1712
576
768
-1424
-4192
-2288
2944
2880
-2464
-4320
-1600
-48
-112
1152
3280
4992
5184
1920
-2912
-4352
-1600
1984
3968
3872
1824
-1792
-4512
-2592
2448
4208
1296
-2032
-3792
-4848
-4880
-3216
-800
784
512
-1712
-4032
-4016
-1504
2144
4480
2224
-2848
-4192
-1120
592
96
1344
3760
3552
1120
-400
-432
48
96
-1520
-3872
-4112
-1856
1344
3792
3568
1248
-400
-608
-16
496
-848
-3472
-4112
-1904
1280
3712
3680
1056
-1920
-3792
-4800
-4816
-3440
-960
1696
3664
4720
4720
2928
560
1040
3680
3360
336
432
3392
3680
864
-1104
-656
1488
3712
3904
1600
-1312
-3520
-5232
-5456
-2032
2896
3968
1088
-1328
-1232
992
3632
3600
816
-816
-240
16
-192
1472
3920
3408
880
688
3088
4880
4816
3200
672
-1120
-1056
784
3280
4640
4432
4352
4576
3024
560
1024
3648
3584
736
-896
-416
528
720
-1120
-3776
-3808
-1104
992
896
-944
-3376
-4992
-4944
-3376
-1168
0
-176
-144
48
-1520
-3872
-3792
-1472
128
288
384
176
-1760
-4096
-3584
-1168
-1040
-3376
-5072
-5040
-3328
-688
464
80
1264
3648
3744
1056
-1872
-3760
-5184
-5360
-2032
2912
3888
832
-992
-192
336
-208
-272
176
-160
-656
560
3040
5136
5328
1696
-3424
-2944
2512
3824
416
432
3664
2704
-2352
-5456
-5152
-3328
-1216
-448
-800
768
3648
3520
576
-1040
-352
784
880
-720
-3280
-5344
-5424
-2144
2688
4336
1904
-1376
-3696
-4688
-4496
-4496
-4688
-3696
-1360
1984
4448
2288
-2848
-4384
-1744
608
848
-1408
-4288
-2352
3024
2960
-2496
-4432
-1744
-144
-80
1216
3360
5104
5264
1936
-2992
-4464
-1648
2016
4000
3856
1808
-1792
-4480
-2560
2464
4256
1376
-1968
-3824
-4992
-5088
-3360
-864
752
480
-1728
-4000
-4000
-1568
2080
4512
2288
-2864
-4240
-1136
608
96
1328
3744
3600
1216
-384
-544
-128
-48
-1616
-3888
-4160
-1936
1264
3744
3648
1408
-384
-752
-112
560
-800
-3568
-4272
-2064
1248
3792
3712
928
-2048
-3840
-4832
-4880
-4528
-3872
-1056
2848
5376
5376
2096
-2112
-1712
2768
4640
3024
2624
3984
4576
3568
432
-2672
-1120
3360
3584
-832
-4016
-4560
-5280
-5584
-2352
2784
4864
3376
1920
2096
3040
4032
4496
3536
1024
-1776
-3712
-3808
-528
3744
2960
-1584
-1856
2592
5360
5008
3952
2912
2112
2144
2896
3984
4576
4432
4864
5168
2224
-2048
-1696
2736
5136
3776
848
-1984
-3200
-2848
-3216
-4464
-4576
-3456
-2576
-2560
-3216
-4192
-5248
-5376
-2928
1168
3328
2928
2976
3360
464
-3872
-3136
1456
1712
-2144
-1808
2128
1168
-3680
-3296
1472
1712
-2864
-5600
-5216
-4128
-3184
-3248
-3536
-1280
2832
5072
4016
720
-3120
-5824
-5856
-2352
2640
5184
3984
432
-2672
-1648
1920
1648
-1984
-2336
1104
3552
4048
5008
5408
1696
-3712
-3376
2304
4880
3088
3072
4656
2528
-2624
-5936
-5728
-2720
1280
3200
2800
2880
3936
4432
3616
1088
-2096
-3424
-3120
-3280
-4096
-5280
-5584
-2128
3072
3440
-1024
-4272
-4736
-4640
-4640
-4608
-4672
-4848
-4176
-496
4000
2480
-3280
-3584
1200
2304
-1200
-4544
-5456
-2032
3360
2704
-3104
-3488
1456
1744
-2176
-2016
2336
5584
5520
2080
-2848
-5664
-4640
-448
3680
3424
-880
-4768
-5488
-2528
2432
5296
4144
544
-3328
-5408
-5088
-4528
-3920
-896
2480
1344
-3072
-5664
-4560
-416
3856
2864
-2672
-5360
-3696
-2960
-3536
-752
3696
3024
-1584
-2448
1040
3792
3664
352
-3840
-3824
448
4272
5136
2304
-1984
-2032
1536
2032
-1312
-4304
-5120
-3184
832
3760
4416
4400
3568
560
-3376
-5360
-5088
-4672
-3904
-960
3008
5504
5456
2128
-2112
-1696
2880
4800
3168
2736
4000
4608
3680
480
-2800
-1248
3344
3568
-944
-4112
-4544
-5248
-5616
-2400
2800
4944
3488
2016
2144
3088
4128
4576
3504
944
-1872
-3840
-3952
-624
3696
2880
-1760
-2032
2512
5280
4880
3968
3152
2464
2464
3120
4032
4528
4384
4848
5152
2160
-2192
-1840
2720
5184
3776
784
-2096
-3296
-2928
-3296
-4512
-4592
-3440
-2576
-2608
-3296
-4208
-5248
-5424
-2992
1152
3376
2976
3008
3360
448
-3968
-3200
1472
1728
-2144
-1824
2064
1024
-3760
-3312
1472
1712
-2848
-5568
-5216
-4192
-3248
-3216
-3456
-1200
2896
5136
4048
672
-3216
-5856
-5872
-2368
2688
5280
4032
416
-2704
-1664
1936
1648
-2048
-2432
1072
3600
4144
5088
5472
1744
-3760
-3456
2336
4992
3168
3120
4720
2528
-2736
-6064
-5856
-2832
1168
3072
2656
2880
4112
4544
3536
976
-2112
-3360
-3040
-3264
-4208
-5472
-5776
-2224
3104
3504
-1008
-4320
-4768
-4704
-4752
-4704
-4720
-4896
-4272
-560
4016
2528
-3312
-3632
1232
2320
-1248
-4656
-5616
-2128
3408
2768
-3184
-3664
1328
1680
-2192
-1936
2512
5808
5664
2064
-2944
-5760
-4672
-416
3728
3472
-816
-4768
-5616
-2656
2448
5376
4192
560
-3328
-5424
-5136
-4592
-4000
-960
2528
1488
-2992
-5728
-4704
-448
3920
2912
-2640
-5360
-3792
-3184
-3728
-800
3744
2960
-1808
-2592
1104
4000
3872
480
-3824
-3776
624
4432
5152
2224
-2080
-2048
1600
2112
-1280
-4320
-5136
-3152
864
3760
4480
4528
3680
544
-3520
-5504
-5184
-4304
-3808
-1056
2752
5152
5024
1792
-2144
-1632
2704
4592
3184
2704
3776
4432
3616
480
-2640
-1072
3200
3216
-1072
-3888
-4128
-4720
-5008
-2048
2688
4704
3504
2240
2288
2944
3792
4432
3632
1024
-1904
-3728
-3696
-480
3520
2640
-1664
-1744
2528
5056
4704
3904
3072
2352
2304
2896
3776
4272
4160
4624
4816
1888
-2144
-1664
2592
5008
3824
896
-2064
-3312
-2896
-3072
-4064
-4224
-3376
-2656
-2592
-3040
-3792
-4800
-4944
-2480
1488
3472
3072
3120
3408
528
-3552
-2640
1680
1568
-2224
-1616
2352
1280
-3392
-2896
1648
1744
-2640
-5104
-4704
-3856
-3200
-3312
-3456
-1216
2688
4880
3984
864
-2864
-5376
-5296
-2048
2512
5008
4000
400
-2704
-1440
2144
1568
-2080
-2112
1424
3600
3856
4688
5008
1552
-3376
-3008
2208
4736
3296
3184
4320
2256
-2432
-5440
-5216
-2288
1552
3360
2960
2848
3712
4320
3680
1072
-2208
-3488
-3072
-3040
-3712
-4816
-5056
-1776
2928
2992
-1248
-4064
-4272
-4192
-4272
-4176
-4208
-4544
-4048
-544
3696
2288
-2944
-2992
1472
2144
-1408
-4368
-4912
-1696
3104
2416
-2784
-2880
1712
1616
-2256
-1968
2288
5264
5088
1936
-2560
-5264
-4432
-432
3488
3072
-1056
-4480
-4912
-2176
2336
5088
4112
656
-3104
-4928
-4560
-4256
-3792
-752
2624
1536
-2768
-5328
-4352
-384
3616
2672
-2432
-4976
-3584
-3040
-3488
-656
3552
2720
-1648
-2192
1312
3936
3712
448
-3520
-3312
848
4304
4816
1904
-2064
-1712
1856
2016
-1488
-4272
-4720
-2608
1200
3712
4160
4240
3616
736
-3072
-4880
-4624
-4368
-3728
-928
2864
5248
5088
1808
-2160
-1584
2768
4672
3296
2768
3712
4368
3680
480
-2816
-1216
3152
3152
-1184
-3936
-4128
-4752
-5104
-2128
2656
4688
3488
2256
2352
3024
3840
4416
3584
928
-2048
-3920
-3824
-528
3536
2592
-1824
-1920
2432
4944
4544
3824
3216
2672
2672
3088
3728
4160
4096
4576
4784
1856
-2240
-1744
2640
5088
3808
816
-2112
-3312
-2960
-3152
-4144
-4272
-3392
-2640
-2624
-3120
-3840
-4784
-4960
-2560
1424
3472
3088
3168
3456
544
-3616
-2704
1696
1584
-2256
-1632
2288
1232
-3376
-2832
1696
1760
-2592
-5056
-4720
-3920
-3232
-3264
-3392
-1152
2768
4992
4080
832
-2960
-5392
-5264
-2016
2576
5072
4048
448
-2704
-1488
2128
1568
-2160
-2208
1408
3648
3904
4720
5072
1616
-3376
-3056
2208
4768
3232
3104
4352
2272
-2496
-5568
-5344
-2416
1424
3232
2864
2880
3856
4400
3648
1040
-2192
-3440
-3024
-3072
-3808
-4912
-5168
-1856
2944
3088
-1184
-4112
-4352
-4224
-4288
-4208
-4256
-4592
-4096
-544
3744
2272
-3040
-3040
1520
2208
-1360
-4432
-5040
-1760
3200
2480
-2912
-3056
1616
1616
-2240
-1888
2448
5488
5296
1984
-2688
-5408
-4464
-416
3504
3120
-1024
-4560
-5088
-2240
2416
5152
4128
704
-3040
-4960
-4672
-4336
-3856
-752
2656
1568
-2752
-5408
-4512
-480
3680
2784
-2400
-5008
-3696
-3200
-3616
-720
3520
2576
-1904
-2352
1392
4112
3872
544
-3456
-3200
992
4400
4816
1824
-2176
-1776
1888
2080
-1440
-4224
-4704
-2608
1216
3760
4208
4304
3680
704
-3200
-5008
-4720
