-1152
-4736
-4672
-2864
-2176
-2832
-4016
-4864
-4848
-2816
1824
4544
1008
-2576
720
4416
800
-4560
-4544
-2912
-4224
-4864
-1552
2496
4096
2784
-736
-2640
176
4544
6432
4832
144
-2672
864
4496
1104
-4592
-6176
-4944
-3600
-2944
-3808
-4816
-3952
-2832
-3248
-2688
768
4640
6208
4848
1040
-2592
-3600
-2864
-2352
-2816
-3968
-4912
-4976
-2784
2000
4560
896
-4672
-6816
-4896
-336
2608
96
-4560
-6368
-4784
-944
2720
3536
3008
3696
4720
4800
4624
4768
4656
3568
3040
4672
4592
-640
-4608
-992
4432
4672
2896
3600
4736
3872
2848
3312
2832
-720
-4688
-5696
-4928
-4496
-2928
1056
4496
4448
2960
3104
2768
-688
-2688
1280
4544
0
-4576
-272
4496
176
-4656
-608
4592
2416
-2448
-4064
-2688
480
2416
-80
-2352
1104
4608
1600
-2496
-1088
2304
2960
2704
3680
4912
5808
4784
288
-2576
944
4512
1184
-4640
-6688
-4960
-1280
2512
4000
2832
368
-2592
-5040
-4928
-1408
2512
3392
2816
3312
2672
-1072
-4752
-5120
-2896
-160
2592
5232
4800
-544
-4688
-1632
2496
624
-2544
-1216
2512
5264
4800
80
-4704
-4848
-2960
-3088
-2832
512
2608
-544
-4624
-4496
-3088
-4368
-4784
-672
2688
176
-2752
64
4464
4640
3136
3664
3024
-1552
-4512
-944
4416
5648
2976
-1152
-4560
-5360
-3136
832
2784
-192
-4608
-5920
-4864
-3472
-3104
-4624
-4768
-400
4528
5824
4768
3392
2976
4400
4816
1696
-2752
-5712
-4912
720
4560
416
-4720
-2816
2448
5504
4912
640
-2624
144
4608
4576
2720
3040
2624
-1216
-4816
-4672
-2784
-2032
-2720
-4016
-4976
-4864
-2624
2112
4800
1216
-2368
1008
4688
752
-4832
-4608
-2688
-4112
-5024
-1744
2400
3936
2592
-736
-2464
368
4704
6608
5024
352
-2432
1088
4624
992
-4864
-6464
-5136
-3568
-2816
-3840
-4992
-4000
-2640
-3040
-2592
848
4800
6416
5040
1200
-2464
-3472
-2672
-2128
-2704
-4032
-5056
-5024
-2672
2224
4784
944
-4848
-7040
-5136
-688
2192
-256
-4896
-6720
-5136
-1312
2320
3120
2656
3616
4944
5136
4928
5104
4896
3488
2752
4640
4832
-576
-4800
-1008
4624
4688
2704
3600
4976
3952
2640
2992
2560
-944
-4896
-5920
-5104
-4544
-2816
1296
4752
4480
2768
2864
2624
-688
-2608
1360
4576
-64
-4672
-304
4528
208
-4624
-576
4576
2304
-2672
-4464
-3072
496
2736
-80
-2736
800
4528
1440
-2704
-1120
2512
3216
2848
3712
4928
5856
4832
352
-2464
1184
4720
1184
-4800
-6864
-5152
-1472
2272
3728
2624
304
-2576
-5104
-5088
-1600
2288
3184
2608
3200
2608
-1216
-4912
-5088
-2752
-160
2528
5280
4896
-592
-4832
-1776
2448
688
-2480
-1248
2464
5344
4944
112
-4816
-4864
-2816
-2960
-2784
512
2560
-640
-4704
-4448
-2944
-4320
-4944
-912
2512
160
-2560
352
4704
4688
2928
3376
2752
-1856
-4736
-912
4608
5728
2864
-1392
-4768
-5312
-2864
960
2576
-496
-4848
-6176
-5072
-3440
-2912
-4624
-4976
-496
4720
6128
4976
3392
2864
4336
4912
1824
-2688
-5776
-4992
720
4608
400
-4784
-2784
2560
5600
4944
624
-2624
144
4608
4624
2848
3168
2704
3392
3952
1568
-1568
-2928
-1776
1536
3872
2192
-1472
-3568
-3696
-2544
-1744
-3184
-3680
288
3840
1616
-1552
368
3744
3648
2048
1936
1952
512
-1536
-2976
-3680
-3968
-3648
-2352
-1696
-3168
-3696
-384
3840
5440
4144
720
-1472
880
3808
2000
-1488
-2176
-1808
-2624
-3648
-4000
-3696
-2688
-1712
-1392
-1696
-2416
-1760
1408
3840
2288
-1424
-4064
-3744
-160
3824
5088
4128
2704
1968
2704
4064
4592
4112
2896
1872
2048
1808
-704
-3600
-4288
-3872
-4304
-3840
-576
1648
-1088
-3616
-32
3712
592
-3520
-1424
1728
-560
-3632
-1744
1728
2368
1952
2736
4032
4752
4128
1744
-1408
-3728
-3792
-1328
1696
2848
2064
496
-1568
-3872
-3728
672
3840
368
-3440
-240
3792
1120
-3456
-3648
-1936
-1952
-1872
240
1984
864
-1728
-3328
-3648
-3200
-1856
112
1936
2928
2096
-720
-3504
-4464
-3824
-2400
-1808
-3248
-3776
-384
3856
5040
4112
2960
2112
2208
2000
-240
-1680
672
3712
3648
2112
1728
1968
1776
2080
3600
4064
1184
-1568
16
1856
-960
-3584
-576
3744
4224
2112
-400
-1648
224
1888
-944
-3488
-160
3808
2304
-1424
-2688
-1792
-224
1872
4000
4048
960
-1456
560
3840
3984
2016
336
-1440
-3456
-3792
-1344
1504
1952
1808
3664
4112
64
-3696
-2352
1568
4192
4208
1504
-1296
-896
1632
3344
4144
4880
4160
784
-1392
1232
3872
1120
-3568
-5312
-3920
-480
1776
-240
-3520
-4064
-1792
2144
3920
176
-3552
-944
3696
4448
2144
-1136
-3536
-3072
-1856
-2864
-3648
-1168
1904
2352
2080
3456
4016
1568
-1648
-3088
-1968
1424
3808
2000
-1680
-3648
-3696
-2624
-1936
-3264
-3600
368
3744
1376
-1760
256
3696
3680
2256
2240
2176
464
-1760
-3216
-3728
-3888
-3616
-2512
-1984
-3344
-3680
-368
3744
5360
4064
496
-1744
752
3744
1904
-1648
-2400
-1984
-2688
-3632
-3984
-3696
-2736
-1888
-1616
-1872
-2592
-1968
1360
3872
2160
-1696
-4240
-3776
-176
3760
4960
4064
2896
2352
2912
3952
4368
4032
3056
2240
2512
2192
-560
-3616
-4256
-3712
-4160
-3728
-352
1984
-880
-3584
-32
3824
672
-3488
-1264
1984
-384
-3536
-1600
1936
2656
2240
2864
3984
4672
4080
1616
-1664
-3920
-3744
-1088
1952
3056
2176
480
-1648
-3952
-3792
656
3856
352
-3472
-192
3872
1136
-3472
-3552
-1696
-1648
-1632
240
1856
992
-1360
-3200
-3808
-3264
-1696
256
1904
2848
2096
-704
-3568
-4512
-3776
-2368
-1856
-3264
-3680
-272
3840
4912
4016
2976
2272
2496
2256
-176
-1776
640
3792
3840
2320
1936
2144
1872
2176
3728
4064
1008
-1744
-48
1920
-880
-3552
-592
3776
4352
2192
-512
-1824
224
1968
-944
-3552
-208
3792
2256
-1568
-2864
-1872
-224
1904
4032
4064
880
-1600
432
3824
4128
2240
368
-1664
-3680
-3792
-1168
1808
2304
2096
3808
4128
64
-3584
-2176
1760
4352
4128
1120
-1680
-944
1856
3520
4080
4800
4144
656
-1632
1088
3856
1168
-3488
-5232
-3824
-336
1920
-176
-3552
-4144
-1920
2032
3872
176
-3568
-912
3792
4560
2176
-1184
-3632
-3136
-1872
-2912
-3760
-1296
1840
2352
2144
2416
5136
3952
1200
0
928
3376
5184
4336
1120
-3088
-4960
-1984
768
-2208
-4960
-448
4992
3792
1024
2896
5072
2800
-704
-1792
-848
816
1008
-1696
-4976
-6352
-5120
-1312
896
-2256
-4944
-960
4960
6784
5328
2624
1008
2832
5120
3664
1072
944
800
-1920
-5008
-6224
-5152
-2112
784
1600
928
208
832
3248
5184
4448
992
-3616
-5072
-736
5056
7120
5328
1584
-704
1312
5056
6560
5312
2144
-784
-1168
-912
-2752
-5008
-5456
-5104
-5424
-5120
-2624
-992
-3536
-4960
336
5008
944
-4880
-3888
-960
-2592
-5008
-3520
-1040
-960
-864
1856
5120
6160
5360
3872
1184
-2672
-4992
-3632
-1072
-640
-832
768
1088
-2832
-5008
304
5040
384
-4800
-304
4976
928
-4816
-3344
848
1888
896
-368
-800
592
960
-2336
-4944
-2608
800
640
-832
-688
-784
-2768
-5008
-6144
-5136
-1392
816
-2336
-5024
-1024
5024
6992
5344
2272
-672
-1488
-736
-256
880
3664
5168
2816
-608
-1392
-848
-1296
-784
2512
5264
4000
1008
-64
-864
-3968
-5040
48
4992
3216
-576
-560
848
832
-752
-3968
-5040
-224
5120
4448
1120
464
768
-576
-832
2416
5200
3472
1152
3056
5136
2496
-720
96
1040
-1968
-5056
-3760
-1072
-1104
-832
3104
5216
640
-4912
-4944
-1040
3104
5280
4176
1088
-1200
-896
2016
5200
6416
5360
2608
1104
3536
5168
928
-4832
-6672
-5280
-2560
-1104
-3024
-4976
-3216
832
4816
5248
-432
-4912
-800
4992
4064
-656
-4304
-5072
-1936
864
-1536
-4992
-3808
-1072
-1072
-896
2464
5248
3984
1120
-96
896
3376
5232
4416
1152
-3136
-5056
-2032
752
-2272
-5024
-400
5104
3824
1008
2944
5200
2944
-560
-1552
-592
880
848
-1888
-5104
-6432
-5216
-1472
656
-2496
-5088
-928
5088
6976
5472
2656
960
2880
5232
3648
928
880
816
-1936
-5088
-6304
-5184
-2112
752
1520
848
144
768
3264
5280
4464
928
-3696
-5168
-752
5136
7232
5440
1712
-560
1488
5216
6656
5392
2240
-656
-976
-720
-2672
-5072
-5568
-5216
-5520
-5200
-2656
-992
-3568
-5040
352
5136
1040
-4928
-3952
-976
-2656
-5120
-3600
-1072
-960
-800
2000
5232
6224
5424
3952
1200
-2784
-5152
-3712
-1072
-608
-816
736
992
-2944
-5072
320
5072
336
-4896
-336
5024
944
-4880
-3440
784
1920
944
-352
-800
592
976
-2368
-5056
-2736
752
672
-768
-592
-736
-2848
-5120
-6208
-5184
-1440
720
-2496
-5152
-1056
5104
7088
5456
2384
-576
-1424
-672
-224
880
3728
5280
2864
-608
-1360
-864
-1376
-784
2624
5392
4080
1040
-16
-864
-4032
-5072
96
5072
3216
-640
-640
800
816
-784
-4016
-5088
-240
5136
4496
1200
560
832
-592
-800
2576
5312
3456
1168
3120
5200
2576
-672
96
1008
-2016
-5120
-3824
-1120
-1136
-816
3168
5248
592
-5008
-5056
-1072
3168
5360
4224
1104
-1216
-928
2032
5264
6496
5488
2736
1200
3616
5264
976
-4880
-6784
-5360
-2528
-928
-2912
-5040
-3360
720
4816
5312
-400
-4944
-784
5104
4224
-512
-4288
-5104
-1936
864
-1600
-5088
-3824
-976
-896
-704
2352
4992
3952
1440
384
1200
3312
4944
4320
1280
-2848
-4528
-1488
1056
-1968
-4528
-224
4912
3920
1424
2992
4736
2416
-944
-1936
-816
1072
1312
-1440
-4688
-5968
-4608
-848
1168
-2000
-4544
-704
4800
6416
5120
2816
1344
2848
4848
3632
1408
1296
992
-1728
-4720
-5824
-4624
-1568
1152
1808
1184
656
1200
3232
4976
4416
1200
-3248
-4672
-544
4880
6768
4928
1264
-800
1328
4960
6272
4928
1824
-976
-1328
-1072
-2656
-4592
-4960
-4704
-5008
-4768
-2640
-1216
-3376
-4384
560
4736
896
-4528
-3776
-1152
-2496
-4592
-3312
-1216
-1184
-896
1888
4992
5840
5104
3888
1456
-2336
-4704
-3552
-1216
-848
-848
992
1344
-2512
-4576
448
4736
288
-4368
-48
4704
800
-4400
-2768
1296
2256
1072
-464
-864
816
1264
-2080
-4512
-1968
1152
528
-1136
-960
-928
-2656
-4688
-5728
-4608
-880
1040
-2160
-4640
-832
4832
6624
5008
1952
-912
-1664
-768
16
1264
3696
4800
2400
-832
-1488
-976
-1440
-816
2416
5104
4080
1248
-96
-1104
-3808
-4496
320
4704
2720
-704
-224
1152
688
-1056
-3792
-4480
32
4896
4336
1456
896
928
-688
-976
2272
5072
3600
1536
3120
4672
2000
-832
320
1328
-1648
-4720
-3648
-1296
-1344
-880
2944
4896
592
-4624
-4736
-1088
2896
5088
4208
1264
-1200
-1072
1920
5088
6112
5104
2736
1440
3536
4816
768
-4512
-6080
-4832
-2512
-1248
-2928
-4496
-2608
1232
4736
4832
-512
-4464
-448
4768
3568
-928
-4112
-4464
-1344
1200
-1296
-4704
-3696
-1232
-1264
-992
2320
5056
3984
1440
384
1232
3344
4992
4400
1360
-2832
-4576
-1536
1008
-2064
-4640
-256
4912
3872
1376
2992
4784
2496
-816
-1760
-640
1072
1120
-1648
-4832
-6048
-4688
-992
864
-2320
-4688
-624
4992
6624
5232
2768
1248
2896
4992
3648
1344
1328
1040
-1776
-4816
-5920
-4720
-1680
1088
1792
1136
512
1088
3232
5024
4432
1168
-3312
-4720
-528
4992
6896
5072
1392
-672
1488
5120
6384
5024
1904
-880
-1136
-864
-2592
-4672
-5088
-4816
-5088
-4816
-2608
-1168
-3408
-4496
560
4816
912
-4608
-3840
-1184
-2560
-4688
-3392
-1248
-1184
-896
1936
5072
5920
5184
3952
1424
-2448
-4816
-3568
-1200
-832
-832
960
1248
-2640
-4640
480
4784
240
-4464
-48
4800
832
-4464
-2864
1232
2272
1120
-480
-928
816
1296
-2112
-4608
-2128
1056
592
-992
-880
-944
-2704
-4688
-5744
-4672
-944
1024
-2208
-4672
-752
4944
6688
5072
2032
-848
-1648
-752
48
1312
3792
4880
2448
-768
-1440
-1008
-1504
-864
2464
5184
4160
1280
-96
-1136
-3888
-4544
352
4768
2752
-736
-304
1120
736
-1008
-3872
-4592
-16
4976
4448
1536
1024
1040
-656
-944
2400
5168
3568
1488
3168
4784
2112
-736
368
1344
-1680
-4768
-3696
-1312
-1344
-848
3024
4960
560
-4688
-4832
-1152
2912
5168
4304
1312
-1216
-1072
1888
5056
6128
5200
2832
1520
3632
4880
752
-4624
-6256
-4944
-2448
-1104
-2880
-4560
-2720
1136
4720
4880
-480
-4480
-480
4800
3648
-800
-4096
-4560
-1408
1152
-1376
-4768
-3664
-1104
-1072
-784
