4528
2864
-800
-4464
-6128
-4720
-288
2624
-144
-4288
-4208
-2688
-3456
-4608
-4416
-2608
1040
2784
-752
-4416
-2192
2640
4704
5072
5968
4928
96
-4368
-4608
-2624
-1808
-2544
-3792
-4656
-4384
-2608
192
2864
4320
3008
-1552
-4368
-1056
2720
304
-4400
-5744
-4768
-3600
-2512
-2064
-2608
-3696
-4656
-4768
-4672
-5424
-4672
-368
2704
0
-4336
-5008
-2704
336
2784
3328
3152
4096
4912
4240
3136
2784
3216
4000
4928
5760
4912
1248
-2608
-3488
-2944
-3488
-2720
1712
4720
1440
-2496
-384
2736
208
-2464
1120
4736
1488
-2384
112
4736
5968
4976
3760
3104
3648
3120
-480
-4368
-5152
-2784
1120
4800
6608
4976
64
-4432
-5136
-2624
1040
2784
304
-2320
-272
2656
1264
-2304
-4112
-4832
-5936
-4704
928
4848
1120
-4448
-4384
-2576
-4096
-4640
-288
4912
6736
5104
1232
-2336
-3104
-2752
-3664
-4656
-4336
-2688
240
2832
3264
3056
3824
5104
6256
4976
-320
-4512
-2256
2688
4976
5136
5072
5040
5040
5024
4832
2944
-1824
-4416
80
4768
1984
-2432
-1312
2784
5728
5040
-464
-4464
-320
4768
1952
-2304
-160
2704
96
-4464
-6480
-4736
144
4800
5888
3152
-1648
-4432
-2064
2896
5968
5008
352
-4400
-5376
-2768
1200
4672
5696
4912
4560
3232
-560
-2608
384
4624
5808
3312
-1616
-4288
-624
4608
5024
3248
3680
3184
-1312
-4352
-1056
2944
1440
-2528
-4336
-2784
1680
4784
2464
-2432
-5376
-4704
-448
2832
720
-2448
-1104
2736
5280
5120
1856
-2352
-4496
-4736
-4352
-2448
1424
4944
5792
5104
4592
2912
-864
-4576
-6272
-4880
-384
2576
-320
-4512
-4224
-2544
-3472
-4800
-4400
-2368
1040
2432
-1120
-4640
-2416
2448
4688
5232
6240
5120
48
-4576
-4672
-2496
-1632
-2416
-3824
-4784
-4384
-2464
176
2576
3968
2736
-1760
-4592
-1296
2480
80
-4624
-5968
-4880
-3616
-2400
-1792
-2352
-3664
-4864
-4992
-4848
-5568
-4800
-480
2544
-240
-4528
-4944
-2496
368
2544
2944
2848
4144
5232
4288
2720
2224
2816
3904
5168
6096
5184
1520
-2272
-3088
-2464
-3104
-2496
1888
4928
1664
-2320
-384
2608
224
-2224
1408
4912
1664
-2208
256
4912
6240
5248
3824
2880
3280
2800
-720
-4544
-5152
-2576
1360
4976
6784
5152
80
-4544
-5232
-2656
1040
2800
272
-2400
-272
2816
1344
-2400
-4176
-4736
-5792
-4560
960
4752
1120
-4320
-4416
-2832
-4304
-4624
-208
4896
6688
5120
1280
-2320
-3104
-2720
-3712
-4784
-4336
-2496
352
2656
2992
2896
3824
5232
6448
5152
-272
-4592
-2416
2592
5040
5296
5216
5152
5184
5152
4848
2816
-2048
-4560
112
4928
2192
-2272
-1296
2688
5696
5104
-480
-4528
-272
4896
2048
-2240
-160
2640
32
-4560
-6608
-4800
192
4864
5904
3072
-1792
-4608
-2272
2736
5968
5152
416
-4512
-5440
-2640
1408
4880
5968
5136
4544
3024
-656
-2448
640
4800
5808
3072
-1968
-4512
-560
4832
5104
3024
3360
2992
-1456
-4560
-1312
2736
1408
-2352
-4080
-2560
1888
4960
2560
-2384
-5408
-4848
-640
2720
720
-2432
-1136
2704
5328
5216
1920
-2384
-4560
-4816
-4432
-2624
1232
4896
5856
5136
-1296
1776
3424
3888
4112
3872
2672
1984
3296
3904
848
-1712
784
3696
1632
-1632
-1056
1696
3360
3824
3616
2016
-896
-3728
-5248
-3952
416
3680
2048
-1648
-3312
-2064
1440
3728
1472
-1712
-880
1648
2064
1888
3040
3808
2832
1888
2480
3792
4608
3856
1168
-1808
-3040
-1984
896
3712
4480
3920
3888
3856
2688
1952
3264
3824
1024
-1776
-880
1680
2976
1888
-1456
-3792
-1984
1504
2880
1728
-1024
-3776
-4704
-4000
-2832
-1808
-1536
-1696
-1488
-1744
-3040
-3968
-3504
-1904
400
1776
752
-1696
-3616
-3952
-2848
-1936
-2576
-3904
-4656
-3984
-1264
1600
2096
1872
3216
3952
1696
-1648
-3344
-3952
-4800
-3968
336
3696
1568
-1776
-592
1760
272
-1840
-160
1808
0
-1904
128
3648
5296
3872
-704
-3696
-400
3568
1296
-1824
736
3648
880
-3632
-4864
-3936
-2784
-2016
-2304
-1888
1344
3712
1392
-1680
-928
1712
2912
1920
-784
-3792
-5296
-4016
-128
3568
4224
2112
-1072
-3728
-4368
-3968
-4272
-3936
-1520
1728
4128
3840
80
-3680
-4128
-2064
752
1760
-1312
-3728
-208
3600
928
-3664
-4112
-2048
-128
1776
3152
3888
4816
3920
-352
-3824
-2352
1568
3744
3952
3616
1856
-2000
-3856
-320
3728
2448
-1568
-3520
-4064
-4816
-4128
-1024
1568
1040
-1584
-3824
-4016
-1856
1488
4240
4000
-176
-3776
-2112
1456
2112
1712
2864
3888
3344
1824
-192
-1696
-1888
-1904
-2944
-3968
-3808
-1984
1248
3776
3824
2032
-544
-1824
32
1760
-416
-3744
-4288
-2128
1472
3760
1952
-1808
-3600
-3968
-4528
-3968
-1280
1808
3440
3856
4064
3824
2720
2144
3408
3776
560
-2000
624
3600
1392
-1952
-1072
2000
3552
3824
3680
2192
-816
-3760
-5232
-3904
480
3664
1888
-1888
-3472
-2128
1424
3712
1312
-1920
-864
1936
2416
2128
3136
3840
2960
2144
2640
3776
4528
3840
1120
-1968
-3296
-2208
768
3648
4384
3824
3792
3808
2768
2160
3424
3824
848
-1936
-816
1968
3280
2160
-1264
-3696
-1824
1872
3376
2208
-720
-3712
-4720
-3968
-2880
-2080
-1904
-2032
-1872
-2112
-3120
-3824
-3520
-2064
320
1872
752
-1872
-3712
-3920
-2928
-2128
-2640
-3840
-4656
-4016
-1152
1872
2416
2096
3296
3936
1552
-1856
-3488
-3936
-4720
-3904
384
3744
1568
-1760
-560
1824
320
-1792
-144
1760
-48
-1856
224
3728
5472
4048
-688
-3856
-480
3728
1568
-1616
880
3760
896
-3728
-5024
-4080
-2912
-2096
-2384
-1984
1312
3728
1312
-1888
-992
1856
3120
2112
-640
-3696
-5232
-3952
-64
3616
4256
2144
-1056
-3744
-4352
-3952
-4304
-3952
-1408
1936
4288
3840
32
-3728
-4224
-2144
832
1920
-1200
-3760
-288
3568
992
-3632
-4240
-2208
-160
1824
3152
3872
4864
4000
-320
-3808
-2272
1712
3808
3984
3728
2016
-1872
-3792
-272
3728
2320
-1776
-3632
-4016
-4736
-4032
-848
1792
1056
-1776
-4000
-4064
-1744
1696
4336
3904
-320
-3776
-1984
1760
2544
2064
2976
3872
3456
2048
-96
-1904
-2192
-2144
-3008
-3952
-3840
-2080
1136
3760
3936
2144
-528
-1824
96
1840
-368
-3712
-4304
-2128
1536
3872
2048
-1712
-3568
-4016
-4576
-4016
-3744
-1120
2304
5088
6336
5184
1440
-928
1744
4992
3408
1056
2800
5072
3936
1008
-1280
-1072
2304
4992
3216
-928
-3680
-5264
-6688
-5360
176
4944
4256
1072
-288
784
3344
5104
3792
896
-624
-1104
-1824
-976
2736
5008
2160
-864
1168
5008
6256
5232
3168
944
-48
800
2992
5072
5520
5184
5712
5120
1520
-864
1792
5040
3936
864
-752
-1024
-656
-1040
-3456
-5296
-3872
-1216
-160
-1040
-3088
-5232
-6304
-5328
-2272
800
1520
1104
1600
944
-2736
-5216
-2704
768
416
-912
384
880
-2640
-5264
-2448
656
-1392
-5200
-6400
-5408
-3200
-1280
-1360
-1120
2016
5072
4480
1120
-2448
-5248
-6928
-5408
160
4992
4448
1008
-1104
-1136
80
944
80
-1152
-864
864
3056
5184
6752
5184
-976
-5168
-944
4896
3824
1056
3328
5056
656
-5136
-6976
-5392
-2112
768
1088
960
3216
5152
3728
928
-768
-1088
-656
-992
-2880
-5296
-6912
-5408
256
4944
3600
-864
-3920
-5296
-5600
-5392
-5584
-5440
-4112
-1120
3504
5104
-48
-5136
-3312
704
1280
-976
-4496
-5296
304
4944
656
-5136
-3312
608
-32
-1008
1568
5104
6912
5264
-288
-5232
-5200
-1296
3120
5088
3184
-1136
-5088
-5312
-368
4960
4960
1088
-2688
-5296
-6368
-5472
-3584
-1216
1088
944
-2384
-5312
-4848
-1312
3504
5104
304
-5152
-4432
-1232
-1152
-1040
2592
5088
2464
-1024
-976
912
2032
960
-2688
-5296
-3488
784
4320
5072
2144
-1008
-688
944
800
-1120
-3888
-5280
-3216
784
3936
5184
4128
1072
-2560
-5296
-6176
-5456
-3888
-1248
2256
5136
6416
5232
1392
-992
1792
5104
3472
1072
2880
5168
3920
896
-1328
-928
2480
5088
3312
-832
-3696
-5392
-6848
-5488
240
5056
4176
752
-624
592
3360
5232
3760
752
-624
-864
-1568
-864
2832
5136
2288
-768
1264
5120
6352
5280
3152
832
-224
672
2992
5184
5632
5280
5808
5216
1648
-704
1952
5152
3936
800
-752
-896
-448
-880
-3472
-5392
-3904
-1120
-32
-960
-3104
-5344
-6432
-5408
-2272
816
1408
864
1408
864
-2816
-5312
-2720
768
352
-1072
304
880
-2704
-5312
-2368
816
-1328
-5264
-6544
-5536
-3232
-1200
-1264
-1040
2080
5136
4464
1008
-2608
-5360
-6976
-5424
208
5072
4496
1024
-1024
-1056
16
768
64
-1008
-816
784
3008
5216
6848
5280
-976
-5232
-944
5008
3872
1056
3376
5152
656
-5200
-7056
-5456
-2144
752
1088
944
3200
5216
3824
928
-800
-1040
-576
-976
-2928
-5376
-6992
-5472
272
5040
3696
-880
-4032
-5440
-5712
-5488
-5648
-5488
-4160
-1168
3520
5152
-32
-5200
-3392
672
1264
-1024
-4576
-5344
320
5024
672
-5200
-3328
656
-16
-1072
1520
5168
7040
5328
-288
-5280
-5216
-1216
3264
5248
3392
-960
-5056
-5392
-368
5072
5072
1088
-2720
-5328
-6384
-5488
-3584
-1232
1072
960
-2368
-5360
-4928
-1312
3600
5184
288
-5232
-4528
-1296
-1216
-1136
2560
5152
2496
-1024
-976
912
2000
896
-2752
-5360
-3568
720
4368
5248
2352
-848
-656
864
800
-960
-3792
-5376
-3376
704
4000
5296
4160
992
-2656
-5360
-6272
-5536
-3808
-1296
2144
4912
6080
4832
1136
-1056
1680
4864
3440
1248
2752
4880
4016
1152
-1424
-1280
2208
4784
2832
-1152
-3616
-5072
-6400
-5040
288
4768
4192
1264
80
1040
3264
4912
3856
1104
-704
-1440
-2112
-1088
2672
4784
1792
-1120
1040
4848
6000
5040
3184
1184
320
1072
2992
4864
5296
5088
5600
4832
1168
-1120
1616
4960
4064
1024
-880
-1360
-960
-1232
-3392
-5040
-3808
-1472
-528
-1280
-3072
-5040
-6048
-5024
-1856
1168
1776
1344
1856
1104
-2640
-4928
-2224
960
160
-1152
480
1072
-2512
-4976
-2064
880
-1296
-5008
-6096
-5200
-3280
-1568
-1584
-1184
1952
4960
4480
1264
-2320
-5136
-6624
-5040
224
4816
4464
1104
-1264
-1312
288
1120
-160
-1376
-624
1232
3056
4928
6448
4896
-1024
-4896
-816
4752
3856
1328
3296
4672
432
-4976
-6672
-5072
-1792
1040
1392
1216
3136
4912
3792
1152
-832
-1424
-1008
-1216
-2896
-5104
-6608
-5088
384
4720
3168
-1136
-3856
-4992
-5280
-5120
-5280
-5216
-4128
-1248
3328
4848
-160
-4816
-2784
944
1056
-1312
-4480
-4944
448
4704
464
-4864
-2816
800
-208
-1216
1488
5024
6656
4928
-336
-5072
-5168
-1424
3024
4880
2768
-1456
-5008
-5008
-256
4816
4960
1248
-2560
-5152
-6048
-5264
-3680
-1344
1184
1152
-2208
-5232
-4912
-1472
3312
4912
288
-4976
-4416
-1504
-1456
-1216
2432
4736
1984
-1216
-736
1328
2304
1056
-2576
-4992
-3008
1136
4320
4720
1664
-1168
-400
1184
592
-1472
-3920
-4896
-2640
1152
3888
4944
4112
1264
-2400
-5088
-5856
-5232
-3888
-1360
2192
5088
6224
4864
1024
-1184
1632
4928
3536
1312
2832
4928
3936
1024
-1392
-1088
2416
4944
2896
-1152
-3632
-5136
-6528
-5136
352
4912
4160
1024
-224
896
3360
5056
3840
944
-720
-1248
-1888
-992
2720
4864
1920
-960
1248
5008
6112
5120
3216
1088
128
960
3040
4992
5376
5088
5616
4880
1248
-928
1840
5088
4080
976
-880
-1264
-784
-1104
-3392
-5152
-3840
-1344
-384
-1200
-3056
-5120
-6208
-5168
-1952
1088
1632
1120
1648
960
-2720
-4976
-2240
928
48
-1296
464
1136
-2560
-5056
-1984
1024
-1280
-5168
-6304
-5312
-3264
-1488
-1536
-1184
1968
5024
4496
1136
-2464
-5216
-6688
-5088
224
4896
4544
1136
-1232
-1296
240
1040
-160
-1280
-608
1104
2976
4944
6512
4944
-1056
-4944
-784
4800
3856
1344
3408
4816
480
-5072
-6832
-5152
-1776
1072
1376
1152
3136
5008
3856
1120
-848
-1376
-928
-1184
-2896
-5152
-6656
-5120
416
4784
3248
-1136
-3952
-5152
-5424
-5232
-5360
-5280
-4176
-1296
3360
4896
-176
-4944
-2912
912
1056
-1360
-4560
-4992
496
4768
464
-4912
-2832
848
-192
-1264
1472
5056
6736
5024
-320
-5104
-5200
-1360
3104
4992
2928
-1328
-4976
-5072
-288
4880
4976
1184
-2624
-5200
-6112
-5328
-3712
-1360
1200
1232
-2176
-5280
-4928
-1392
3392
4928
192
-5136
-4592
-1632
-1504
-1168
2544
4848
2032
-1248
-768
1312
2256
960
-2704
-5120
-3152
1024
4368
4896
1904
-1008
-384
1088
592
-1328
-3824
-5040
-2880
1040
3920
5024
4128
1184
-2560
-5280
-6016
-5328
