2640
1088
-1152
-3104
-4032
-3440
-1024
832
-752
-3248
-2576
-864
-1712
-3264
-2720
-864
832
960
-1200
-3216
-2176
688
2544
3408
4288
3696
288
-3040
-3008
-1056
-64
-576
-2064
-3280
-2704
-944
336
960
1552
1088
-1392
-3216
-1504
784
-304
-3008
-4032
-3456
-2320
-1040
-368
-736
-1936
-3168
-3504
-3312
-3712
-3456
-992
992
-560
-3104
-2928
-1040
336
944
864
960
2288
3472
2800
1264
544
976
2144
3392
4080
3536
1504
-736
-1392
-1056
-1392
-1136
1360
3360
1776
-704
-336
960
16
-880
1280
3408
1712
-672
496
3264
4240
3632
2320
1120
1152
1104
-864
-3120
-3184
-1216
1248
3312
4560
3760
288
-3072
-3184
-1072
688
1104
144
-784
-176
896
656
-640
-1952
-3136
-4240
-3552
256
3296
1024
-2960
-2768
-960
-2144
-3360
-688
3200
4624
3696
1504
-624
-1024
-752
-1952
-3312
-2704
-960
416
1008
880
960
2000
3408
4480
3744
208
-3024
-2304
720
2736
3488
3616
3472
3552
3552
3056
1424
-1744
-3440
-400
3248
2240
-608
-880
848
3072
3632
224
-3168
-816
3232
2368
-464
-96
1008
-496
-3088
-4496
-3584
-128
3280
3696
1328
-1744
-3328
-2192
688
3328
3664
640
-3024
-3472
-1136
1440
3360
4176
3632
2576
1216
-496
-912
1104
3344
3472
1440
-1792
-3360
-624
3216
3264
1248
1072
1120
-1248
-3216
-1600
912
880
-688
-1664
-1088
1344
3376
2400
-480
-2912
-3424
-1344
944
640
-704
-544
880
2656
3520
2208
-448
-2560
-3392
-2848
-1040
1344
3328
4112
3760
2832
1184
-1184
-3232
-4176
-3472
-944
896
-720
-3216
-2576
-928
-1792
-3280
-2848
-1072
736
1072
-1088
-3232
-2192
720
2592
3488
4400
3760
224
-3136
-3040
-1040
-112
-688
-2160
-3376
-2800
-944
352
928
1536
1120
-1424
-3328
-1584
800
-288
-3072
-4128
-3520
-2336
-1120
-528
-912
-2016
-3216
-3552
-3312
-3680
-3440
-1008
960
-624
-3184
-2992
-1088
304
976
976
1056
2304
3456
2816
1312
640
1072
2192
3440
4192
3664
1536
-752
-1376
-1056
-1376
-1072
1424
3456
1888
-688
-368
960
16
-944
1264
3472
1712
-784
400
3264
4256
3664
2384
1232
1328
1312
-752
-3152
-3280
-1328
1168
3328
4608
3776
288
-3072
-3232
-1168
608
1040
112
-800
-160
912
608
-784
-2128
-3248
-4288
-3600
288
3440
1072
-3024
-2832
-976
-2176
-3392
-720
3184
4656
3728
1504
-576
-960
-800
-2096
-3392
-2752
-1040
336
1008
896
912
1888
3392
4560
3792
144
-3152
-2400
640
2688
3520
3712
3552
3648
3664
3008
1232
-1904
-3472
-368
3296
2256
-624
-944
768
3072
3680
192
-3216
-784
3296
2352
-528
-144
960
-576
-3184
-4576
-3648
-192
3232
3664
1376
-1664
-3344
-2304
640
3408
3760
624
-3104
-3536
-1152
1424
3360
4256
3776
2640
1168
-608
-976
1152
3472
3536
1360
-1920
-3488
-640
3280
3328
1280
1168
1232
-1232
-3280
-1680
848
816
-784
-1808
-1200
1376
3472
2368
-608
-2944
-3376
-1344
976
608
-896
-656
1040
2816
3472
1968
-704
-2720
-3472
-2992
-1264
1232
3392
4192
3744
2192
3296
1920
-400
-1504
-800
1424
3216
2368
-272
-2512
-3232
-1968
-688
-2032
-3264
-368
3104
2000
-432
784
3120
2592
832
432
704
464
-480
-1936
-3184
-3728
-3296
-1696
-688
-2192
-3360
-816
2976
4496
3648
1280
-448
1024
3264
2240
-272
-768
-512
-1632
-3152
-3808
-3408
-2048
-672
-240
-576
-1104
-736
1360
3248
2544
-128
-2816
-3392
-688
2960
4336
3472
1760
672
1520
3312
4096
3536
2048
656
576
608
-1040
-3104
-3648
-3376
-3616
-3472
-1392
400
-1344
-3248
-336
3184
928
-3024
-2112
464
-768
-3088
-2032
416
864
640
1728
3296
3984
3552
2112
-144
-2480
-3424
-1968
320
1152
736
448
-304
-2528
-3504
-112
3232
624
-3120
-736
3088
1056
-2976
-2832
-656
-256
-640
-192
496
592
-336
-2192
-3360
-2496
-752
144
496
1040
768
-1056
-3072
-3952
-3440
-1664
-544
-2048
-3344
-832
3040
4384
3568
2096
720
432
656
-48
-400
1360
3232
2576
704
176
512
320
464
2144
3440
1968
-336
-128
640
-1440
-3264
-592
3136
3040
880
-336
-544
240
704
-1440
-3248
-528
3168
2608
-160
-1136
-688
-400
432
2480
3584
1696
-352
944
3248
2736
832
176
-368
-2208
-3424
-1936
416
768
544
2368
3440
432
-3120
-2752
208
2736
3520
2000
-336
-960
368
2128
3424
4128
3664
1408
-272
1440
3392
1136
-2832
-4448
-3616
-1232
496
-864
-3152
-3104
-912
2192
3536
352
-3104
-1072
3056
3504
1072
-1648
-3168
-2224
-768
-1808
-3344
-2000
464
912
736
2240
3472
2064
-432
-1648
-896
1456
3312
2480
-176
-2592
-3440
-2032
-576
-2000
-3360
-368
3248
2176
-336
864
3264
2720
832
352
688
544
-384
-1888
-3200
-3776
-3376
-1728
-608
-2112
-3408
-896
3008
4592
3696
1264
-480
992
3296
2288
-288
-864
-592
-1728
-3344
-3984
-3472
-2064
-656
-128
-400
-976
-672
1472
3376
2640
-96
-2896
-3520
-688
3152
4592
3616
1808
704
1520
3296
4096
3536
2064
736
720
720
-992
-3136
-3712
-3408
-3696
-3552
-1312
576
-1264
-3264
-320
3232
944
-3056
-2112
448
-864
-3264
-2224
176
656
560
1760
3344
4048
3616
2176
-48
-2432
-3456
-2064
224
1088
704
464
-304
-2608
-3520
32
3360
624
-3152
-640
3248
1088
-3072
-2960
-672
-224
-640
-224
496
640
-272
-2144
-3360
-2560
-864
160
688
1216
848
-1040
-3136
-4064
-3504
-1696
-640
-2192
-3440
-832
3168
4512
3584
2048
720
528
784
-48
-528
1280
3264
2672
896
416
672
400
576
2272
3536
1968
-416
-176
672
-1456
-3344
-656
3104
3088
976
-288
-528
256
704
-1504
-3344
-608
3120
2576
-256
-1264
-752
-384
448
2448
3584
1728
-384
896
3248
2832
944
208
-416
-2240
-3424
-1968
384
784
624
2496
3568
480
-3184
-2800
272
2848
3552
1968
-304
-864
416
2112
3440
4208
3744
1392
-352
1424
3424
1136
-2944
-4560
-3632
-1280
368
-1008
-3248
-3056
-720
2352
3504
208
-3200
-1024
3136
3456
864
-1872
-3280
-2112
-560
-1760
-3456
-2080
352
704
544
1920
3280
2192
128
-784
-32
1936
3296
2464
224
-2016
-2944
-1552
-144
-1664
-3008
-176
3120
2144
144
1376
3232
2288
368
-192
128
432
96
-1344
-2976
-3728
-3168
-1232
-16
-1616
-2976
-512
3168
4400
3392
1392
240
1616
3248
2176
208
48
160
-1232
-2960
-3664
-3136
-1568
-32
448
96
-416
-16
1792
3264
2592
224
-2384
-3024
-416
3072
4384
3456
1488
160
1120
3152
4064
3440
1744
160
-32
16
-1360
-3008
-3376
-3152
-3376
-3088
-1280
-64
-1808
-3072
64
3152
736
-2896
-2064
-48
-1296
-3008
-1856
-48
16
-48
1424
3248
3920
3424
2272
432
-1856
-3056
-1968
-112
384
80
432
240
-2000
-3120
192
3216
416
-2992
-336
3168
880
-2912
-2368
0
576
176
16
16
368
144
-1648
-3088
-2016
0
512
224
480
224
-1376
-3088
-3824
-3184
-1136
32
-1696
-3104
-624
3136
4384
3456
1792
256
-96
192
-144
32
1904
3344
2224
256
-256
64
-192
80
1904
3328
2240
320
160
144
-1952
-3072
-128
3200
2576
240
-432
48
624
240
-1952
-3056
-144
3200
2656
352
-224
112
-240
-16
1952
3344
1904
256
1520
3216
2112
144
48
176
-1504
-3056
-2000
-96
16
48
2208
3312
384
-3008
-2752
-96
2352
3328
2240
304
-544
128
1712
3296
4064
3472
1440
192
1904
3360
864
-2880
-4144
-3200
-1168
16
-1360
-3088
-2400
32
2784
3392
-32
-3024
-624
3152
3008
320
-2160
-3088
-1568
0
-1296
-3104
-2000
16
144
96
1856
3280
2208
176
-688
64
1984
3328
2544
288
-2096
-3088
-1472
128
-1536
-3088
-224
3200
2256
256
1488
3296
2208
176
-368
80
496
176
-1328
-3008
-3792
-3232
-1216
48
-1664
-3168
-656
3168
4512
3488
1376
176
1664
3456
2336
256
32
112
-1296
-3072
-3808
-3200
-1520
32
544
208
-336
80
1984
3424
2672
320
-2368
-3152
-480
3152
4512
3520
1424
80
1136
3216
4128
3504
1776
128
-32
16
-1440
-3136
-3504
-3232
-3424
-3184
-1344
-64
-1840
-3152
96
3248
752
-3008
-2224
-160
-1312
-3056
-1984
-96
80
0
1440
3360
4048
3488
2256
416
-1904
-3152
-2096
-208
336
16
352
176
-2000
-3104
208
3248
416
-3008
-256
3280
880
-2944
-2384
0
592
224
64
80
448
240
-1600
-3104
-2016
48
528
128
256
0
-1520
-3152
-3872
-3248
-1152
112
-1664
-3168
-656
3184
4464
3520
1776
128
-272
48
-176
128
2048
3408
2224
224
-240
96
-224
32
1952
3408
2160
224
192
224
-1984
-3200
-208
3200
2640
336
-384
32
544
112
-2080
-3152
-160
3264
2688
256
-400
16
-224
80
2064
3392
1840
160
1584
3424
2320
320
80
-32
-1792
-3200
-2000
48
224
224
2320
3408
368
-3088
-2784
0
2496
3424
2288
288
-592
128
1776
3376
4112
3488
1424
208
2000
3472
912
-2912
-4208
-3280
-1248
-48
-1440
-3152
-2384
144
2912
3488
-32
-3008
-560
3216
3008
240
-2336
-3296
-1616
176
-1136
-3088
-2112
-128
-32
-16
2608
944
-1392
-3344
-4240
-3504
-960
736
-1040
-3376
-2544
-960
-1936
-3424
-2800
-816
928
896
-1440
-3344
-2128
688
2480
3456
4384
3568
-32
-3264
-3104
-1152
-208
-752
-2256
-3440
-2848
-1008
400
1120
1680
1008
-1680
-3312
-1312
800
-624
-3344
-4224
-3584
-2384
-1072
-432
-864
-2096
-3360
-3664
-3488
-3872
-3440
-896
832
-976
-3392
-2992
-976
448
992
800
880
2208
3376
2752
1328
640
960
2016
3312
4128
3504
1264
-960
-1408
-1040
-1440
-1040
1584
3344
1472
-896
-224
1008
-224
-1008
1440
3360
1312
-944
544
3328
4208
3504
2224
1184
1312
1056
-1168
-3440
-3296
-1168
1312
3328
4448
3536
32
-3280
-3312
-1088
736
1024
-64
-816
32
1008
480
-896
-2176
-3376
-4432
-3520
496
3344
720
-3248
-2816
-992
-2256
-3376
-592
3296
4656
3600
1280
-720
-928
-768
-2144
-3472
-2768
-1024
336
928
800
896
1920
3408
4512
3632
-112
-3248
-2256
752
2608
3392
3616
3520
3584
3552
2944
1200
-2016
-3456
-144
3296
1984
-720
-704
1056
3088
3328
-224
-3248
-512
3280
1968
-672
32
1008
-768
-3376
-4672
-3584
0
3328
3616
1168
-2000
-3456
-2064
896
3376
3456
240
-3344
-3616
-1168
1536
3488
4192
3632
2592
1120
-736
-992
1280
3536
3440
1120
-2176
-3440
-384
3376
3168
1136
1088
992
-1584
-3392
-1552
816
544
-976
-1808
-1072
1472
3344
2096
-832
-3120
-3456
-1280
864
384
-896
-592
896
2688
3472
1936
-800
-2752
-3456
-2896
-992
1520
3456
4032
3568
2688
1008
-1424
-3488
-4384
-3520
-832
880
-976
-3392
-2640
-1088
-1984
-3472
-2976
-1056
864
1024
-1392
-3440
-2080
896
2608
3504
4464
3632
-32
-3312
-3088
-1120
-272
-944
-2432
-3504
-2848
-1008
368
1040
1584
896
-1824
-3504
-1424
864
-544
-3360
-4256
-3600
-2400
-1136
-560
-1056
-2240
-3392
-3712
-3568
-3936
-3488
-928
880
-928
-3440
-3056
-992
480
1104
960
1024
2336
3504
2832
1392
736
1088
2128
3408
4176
3536
1280
-976
-1472
-1168
-1584
-1104
1632
3456
1568
-832
-208
1008
-208
-1024
1472
3472
1392
-960
560
3392
4256
3616
2320
1200
1328
1152
-1120
-3456
-3392
-1280
1312
3472
4640
3632
32
-3280
-3360
-1184
688
1008
-176
-1008
-32
1056
448
-1040
-2240
-3344
-4432
-3600
400
3360
736
-3312
-2912
-1072
-2368
-3440
-544
3360
4688
3584
1184
-944
-1280
-1072
-2240
-3488
-2944
-1184
464
1216
1024
1040
2032
3440
4464
3520
-224
-3264
-2176
896
2784
3552
3744
3616
3632
3600
2944
1104
-2128
-3472
-80
3408
2048
-736
-816
928
3104
3472
-256
-3408
-592
3312
1952
-768
16
992
-912
-3488
-4672
-3584
16
3408
3616
1056
-2080
-3504
-2144
784
3392
3584
304
-3360
-3536
-1008
1616
3472
4160
3616
2544
1024
-784
-944
1360
3584
3472
1136
-2192
-3456
-368
3424
3216
1168
1072
992
-1568
-3408
-1536
896
608
-1008
-1888
-1120
1568
3472
2064
-976
-3168
-3344
-1040
1072
304
-1152
-640
1120
2848
3456
1808
-960
-2848
-3488
-2976
-1168
1440
3520
4128
3664
