1232
3328
2848
1040
128
656
2208
3440
3040
1024
-1808
-3312
-1520
560
-1152
-3280
-672
3168
2816
976
1984
3392
1888
-576
-1408
-800
384
752
-864
-3152
-4208
-3504
-1024
720
-1136
-3296
-1040
3040
4528
3648
2016
928
1872
3360
2656
1072
1040
1040
-768
-3072
-4128
-3488
-1376
672
1248
832
432
752
2096
3296
3056
1152
-1872
-3360
-912
3008
4656
3616
1024
-768
464
3104
4256
3520
1424
-752
-1232
-928
-1872
-3248
-3520
-3248
-3392
-3344
-2048
-1008
-2432
-3456
-160
3248
1008
-3088
-2928
-896
-1616
-3248
-2512
-896
-816
-896
864
3232
4064
3552
2752
1232
-1360
-3296
-2736
-1056
-704
-880
288
944
-1472
-3408
-304
3200
592
-3152
-608
3200
912
-3104
-2384
592
1552
896
-176
-784
144
816
-1216
-3296
-1936
576
592
-688
-832
-784
-1888
-3312
-4144
-3600
-992
864
-1120
-3328
-1088
3008
4608
3664
1552
-640
-1472
-976
-256
848
2656
3488
1808
-688
-1440
-1072
-1312
-1024
1152
3280
2960
1152
112
-736
-2768
-3520
-240
3232
2144
-576
-528
720
672
-592
-2720
-3504
-512
3184
3168
1104
640
832
-272
-880
1120
3312
2544
1008
2064
3424
1696
-640
-128
864
-928
-3264
-2736
-960
-960
-976
1584
3424
800
-3056
-3616
-1280
1568
3376
3040
1120
-688
-928
912
3264
4224
3648
2000
976
2384
3520
832
-3088
-4400
-3552
-1920
-944
-2112
-3440
-2208
576
3152
3584
64
-3216
-896
3136
2784
-400
-2928
-3504
-1408
720
-688
-3248
-2768
-960
-928
-960
1216
3376
2800
928
96
688
2208
3456
3136
1152
-1776
-3392
-1488
736
-1088
-3408
-784
3184
2912
1040
2016
3456
1968
-560
-1472
-864
432
896
-800
-3248
-4400
-3664
-1024
816
-1136
-3360
-1104
3008
4544
3712
2064
960
1920
3408
2704
1056
976
976
-864
-3232
-4288
-3616
-1456
720
1440
1040
576
880
2224
3408
3200
1280
-1888
-3456
-928
3056
4752
3712
1040
-848
416
3216
4448
3648
1424
-768
-1184
-928
-1936
-3360
-3744
-3504
-3616
-3520
-2080
-896
-2384
-3520
-192
3264
976
-3184
-3072
-1120
-1824
-3360
-2640
-1168
-1104
-1056
784
3152
3984
3536
2816
1360
-1280
-3328
-2880
-1280
-912
-1008
320
1040
-1440
-3392
-256
3280
576
-3248
-672
3248
960
-3120
-2400
608
1632
992
-144
-800
224
976
-1136
-3360
-1968
624
640
-640
-784
-784
-1936
-3360
-4192
-3632
-1024
784
-1200
-3408
-1168
2960
4672
3792
1632
-608
-1392
-848
-208
752
2560
3456
1840
-576
-1248
-864
-1168
-960
1232
3344
2896
976
16
-704
-2736
-3568
-304
3264
2256
-480
-464
736
656
-624
-2800
-3616
-560
3216
3168
1040
560
848
-256
-944
1088
3392
2624
992
2096
3536
1776
-624
-128
864
-976
-3376
-2864
-1024
-960
-880
1728
3536
816
-3104
-3616
-1200
1680
3456
3088
1152
-688
-976
816
3200
4240
3664
2032
1024
2416
3520
848
-3088
-4464
-3680
-2064
-1024
-2112
-3392
-2176
656
3264
3632
16
-3248
-848
3136
2672
-640
-3120
-3520
-1280
848
-608
-3248
-2864
-1040
-976
-1008
-1696
448
2176
3152
3632
3264
1712
688
1984
3280
1536
-528
880
3072
2000
-448
-896
512
2224
3216
2768
944
-1200
-2944
-4144
-3456
-16
3072
2352
-304
-1568
-816
1424
3184
1984
-448
-672
512
672
720
2160
3248
2128
704
1376
3040
3872
3424
1776
-240
-1248
-704
1120
3008
3584
3264
3376
3280
1792
656
1904
3296
1888
-384
-640
432
1264
848
-1360
-3184
-2128
288
1376
720
-1056
-2992
-3840
-3312
-1936
-560
-192
-416
-176
-336
-1904
-3168
-2448
-752
240
560
544
-352
-2224
-3264
-2064
-656
-1360
-3056
-3824
-3312
-1520
432
800
656
1952
3296
2352
-128
-2064
-3152
-3968
-3328
-16
3072
2288
-240
-576
496
336
-432
-32
672
64
-528
768
2992
4384
3568
-160
-3104
-768
2992
2000
-496
1040
3152
1008
-2816
-4144
-3328
-1888
-704
-736
-704
1360
3232
1968
-384
-720
416
1232
784
-928
-2992
-4256
-3440
-128
3040
3120
928
-1376
-3024
-3552
-3344
-3456
-3296
-1968
288
2832
3520
512
-2992
-2976
-832
736
704
-1584
-3216
-304
3120
1120
-2864
-2944
-848
16
576
1888
3200
4144
3488
160
-3008
-2608
272
2592
3328
2784
944
-2000
-3280
-528
3024
2752
-176
-2240
-3184
-3808
-3376
-1536
384
912
-240
-2272
-3344
-2304
224
2864
3456
400
-3008
-2368
304
896
688
2064
3280
2432
848
-112
-448
-256
-464
-1920
-3216
-2704
-784
1664
3200
2608
896
-272
-528
176
592
-976
-2992
-2944
-1040
1504
3104
2208
-304
-2208
-3168
-3696
-3360
-1792
432
2256
3264
3760
3424
1856
784
2064
3344
1616
-432
1008
3184
2096
-384
-960
384
2208
3280
2784
960
-1168
-2992
-4256
-3552
-16
3136
2416
-336
-1648
-848
1456
3232
2048
-384
-640
512
688
752
2208
3328
2192
752
1392
3120
3984
3456
1744
-240
-1248
-688
1216
3184
3696
3328
3520
3440
1840
608
1872
3360
2032
-320
-656
432
1232
736
-1424
-3184
-2128
288
1376
720
-1072
-3024
-3952
-3472
-2064
-656
-272
-496
-336
-560
-2080
-3296
-2496
-736
288
544
528
-288
-2208
-3312
-2064
-592
-1376
-3168
-3920
-3440
-1680
272
608
512
1984
3376
2368
-128
-2048
-3216
-4144
-3520
-64
3136
2288
-384
-640
544
368
-512
-144
592
64
-480
816
3024
4432
3648
-96
-3136
-816
3056
2144
-384
1072
3184
992
-2816
-4160
-3408
-1968
-736
-768
-752
1344
3216
1888
-464
-752
432
1264
848
-880
-3008
-4336
-3536
-128
3184
3216
896
-1472
-3104
-3552
-3280
-3440
-3376
-1984
384
2880
3472
496
-2912
-2896
-832
752
752
-1584
-3248
-272
3216
1152
-2896
-2992
-880
-48
512
1904
3248
4208
3504
80
-3120
-2640
304
2656
3424
2864
928
-2032
-3280
-496
3072
2752
-240
-2288
-3200
-3840
-3408
-1440
544
976
-304
-2320
-3360
-2304
256
2960
3552
432
-3104
-2464
336
944
608
2000
3344
2496
784
-176
-400
-224
-480
-1952
-3248
-2768
-816
1712
3296
2592
784
-304
-480
144
432
-1136
-3072
-2880
-784
1776
3312
2384
-192
-2224
-3264
-3792
-3488
-1888
-64
1776
3120
3744
3232
1376
176
1568
3120
1728
48
1424
3184
2144
-16
-848
-80
1760
3136
2432
224
-1744
-3136
-4144
-3328
112
3040
2432
208
-720
0
1888
3216
2160
160
-384
-80
-400
-144
1856
3200
1792
112
1024
3056
3936
3344
1792
112
-672
-96
1584
3200
3552
3264
3552
3296
1392
64
1520
3152
2080
96
-432
-32
400
16
-1808
-3184
-2272
-384
448
-48
-1552
-3168
-3856
-3280
-1680
-16
432
176
480
224
-1728
-3216
-2048
0
384
-64
240
96
-1856
-3264
-1808
16
-944
-3136
-3984
-3360
-1776
-272
-160
-128
1520
3168
2544
288
-1776
-3184
-4176
-3408
48
3072
2384
128
-496
-48
96
64
80
-144
-464
-32
1440
3168
4320
3408
-400
-3136
-608
3040
2128
96
1680
3248
656
-3072
-4240
-3328
-1664
-240
-112
-16
1776
3248
2096
112
-480
-32
416
16
-1440
-3200
-4320
-3472
-48
3040
2704
160
-2048
-3296
-3536
-3328
-3456
-3328
-2208
-176
2480
3280
208
-3120
-2576
-192
816
-16
-2336
-3264
48
3152
736
-3088
-2512
-144
128
0
1392
3216
4304
3408
-64
-3216
-2960
-272
2288
3328
2464
64
-2688
-3328
-304
3136
2976
304
-1872
-3248
-4016
-3472
-1856
-192
720
112
-1872
-3264
-2576
-208
2560
3280
256
-3120
-2544
-224
32
-80
1776
3264
2080
80
-512
-16
576
192
-1728
-3264
-2448
-80
2304
3312
2032
112
-496
-112
400
80
-1712
-3264
-2544
-160
2192
3280
2352
176
-1840
-3216
-3856
-3456
-2080
-112
1872
3328
4016
3440
1440
112
1568
3264
1920
208
1568
3328
2336
224
-720
-96
1728
3152
2384
80
-1904
-3216
-4208
-3408
96
3104
2448
128
-816
16
1968
3296
2144
64
-352
80
-240
-16
1968
3344
1888
112
1024
3152
4048
3424
1872
208
-528
48
1680
3264
3664
3408
3680
3408
1424
0
1472
3248
2224
176
-416
-64
336
-64
-1936
-3392
-2352
-304
464
-192
-1712
-3344
-4064
-3456
-1728
16
464
160
368
80
-1872
-3296
-2080
-32
368
-32
304
176
-1824
-3280
-1760
80
-960
-3200
-4048
-3472
-1856
-272
-144
-144
1568
3232
2592
368
-1664
-3200
-4288
-3488
64
3168
2576
304
-464
-128
48
48
64
-112
-352
96
1536
3248
4416
3504
-416
-3232
-592
3200
2288
192
1808
3392
736
-3120
-4384
-3456
-1632
0
160
160
1856
3280
2192
272
-432
-176
208
-112
-1488
-3216
-4336
-3456
80
3248
2768
96
-2112
-3344
-3632
-3440
-3568
-3392
-2256
-240
2464
3376
240
-3184
-2592
-112
976
176
-2240
-3296
48
3232
720
-3168
-2528
-112
160
64
1424
3232
4416
3568
-16
-3248
-2912
-144
2368
3344
2560
224
-2704
-3424
-272
3232
2928
160
-1968
-3264
-4016
-3456
-1728
0
816
96
-1920
-3296
-2608
-224
2608
3392
304
-3168
-2592
-224
48
-96
1776
3280
2128
96
-544
-16
640
224
-1776
-3344
-2496
0
2464
3408
1936
-112
-480
208
576
-128
-2000
-3360
-2480
-32
2304
3392
2544
352
-1808
-3328
-3936
-3488
1600
3504
2768
864
48
704
2272
3456
3056
976
-1952
-3312
-1280
624
-1408
-3360
-416
3360
2800
1008
2064
3392
1872
-576
-1408
-672
640
896
-912
-3184
-4192
-3360
-768
736
-1392
-3296
-720
3184
4432
3584
2032
1056
2048
3440
2672
1120
960
752
-1120
-3264
-4128
-3376
-1232
784
1296
848
448
800
2272
3552
3184
960
-2192
-3328
-528
3328
4752
3520
864
-736
688
3344
4432
3520
1264
-768
-1024
-768
-1856
-3264
-3552
-3360
-3536
-3408
-1984
-960
-2416
-3232
192
3312
800
-3152
-2816
-992
-1856
-3344
-2496
-992
-944
-848
1136
3456
4096
3600
2896
1264
-1472
-3328
-2640
-992
-704
-768
544
1008
-1616
-3344
48
3344
400
-3184
-336
3328
800
-3088
-2112
848
1680
880
-336
-848
400
1024
-1296
-3264
-1616
736
480
-656
-528
-560
-1856
-3280
-4048
-3424
-832
720
-1472
-3344
-752
3360
4752
3600
1360
-640
-1168
-592
-64
848
2624
3440
1744
-624
-1168
-784
-1088
-720
1520
3552
3056
1152
80
-720
-2688
-3296
64
3344
2032
-576
-240
976
672
-736
-2736
-3312
-240
3376
3232
1200
720
768
-384
-752
1440
3520
2560
1088
2240
3392
1488
-608
176
992
-1040
-3280
-2608
-976
-1072
-848
1888
3488
608
-3168
-3472
-1024
1840
3552
3040
992
-784
-768
1216
3472
4288
3632
1984
1088
2576
3520
656
-3168
-4352
-3456
-1840
-960
-2144
-3280
-1952
800
3376
3616
-176
-3264
-592
3312
2656
-560
-2896
-3232
-1056
848
-912
-3408
-2672
-784
-768
-672
1568
3536
2880
1072
272
832
2304
3504
3152
1040
-1968
-3344
-1184
816
-1248
-3280
-368
3360
2784
1088
2208
3424
1728
-720
-1440
-640
688
944
-976
-3344
-4304
-3392
-768
784
-1392
-3312
-656
3376
4624
3696
2064
1008
2016
3488
2752
1152
1056
912
-960
-3200
-4160
-3440
-1264
832
1408
976
528
864
2272
3568
3328
1168
-2144
-3472
-640
3328
4848
3664
912
-800
704
3456
4528
3600
1296
-864
-1184
-896
-1904
-3280
-3664
-3472
-3568
-3440
-2016
-928
-2448
-3344
160
3408
832
-3184
-2864
-992
-1856
-3328
-2496
-992
-1008
-928
1072
3440
4176
3680
2912
1216
-1584
-3440
-2720
-1056
-736
-736
592
1056
-1632
-3376
80
3440
448
-3200
-352
3312
752
-3120
-2112
864
1760
1008
-272
-816
448
1024
-1344
-3328
-1600
816
480
-864
-896
-800
-1904
-3296
-4112
-3424
-656
1008
-1296
-3424
-880
3264
4672
3568
1440
-640
-1328
-720
-32
1008
2736
3440
1648
-688
-1152
-768
-1168
-816
1520
3600
3040
1024
-48
-800
-2736
-3328
64
3376
2080
-528
-272
848
576
-736
-2752
-3344
-192
3424
3168
1088
720
832
-336
-720
1536
3584
2528
992
2208
3520
1664
-480
176
880
-1200
-3456
-2720
-912
-880
-656
2064
3648
624
-3248
-3488
-928
1984
3632
3056
1008
-720
-704
1280
3488
4304
3696
2016
1008
2464
3488
672
-3200
-4432
-3568
-1952
-1088
-2256
-3312
-1856
976
3408
3488
-240
-3184
-496
3344
2624
-656
-3024
-3296
-1008
944
-800
-3360
-2752
-1008
-976
-800
