-1392
-1760
-1440
-1120
-1152
-1280
-1376
-1440
-1184
-160
1232
1504
240
-688
192
1200
48
-1920
-2144
-1264
-1152
-1312
-736
512
1568
1008
-992
-1872
-560
1200
1872
896
-1072
-1728
-48
1152
-96
-1792
-2160
-2176
-2128
-1520
-1328
-1728
-1408
-864
-1280
-1376
-208
800
928
592
-304
-1616
-2544
-2624
-1904
-1360
-1664
-2032
-1664
-656
400
368
-640
-1296
-1648
-1552
-112
864
-336
-1856
-2256
-2048
-864
1040
1936
1424
800
672
624
672
1376
2192
1808
720
672
768
-576
-1712
-784
736
1408
1584
1472
1088
928
1184
1312
640
-432
-1168
-1584
-1584
-944
-560
-368
752
1904
1760
1152
464
-848
-1440
-256
736
-112
-848
368
1216
-304
-1376
48
992
-256
-1664
-2448
-2544
-944
560
-208
-976
192
912
-352
-1536
-880
464
960
1072
1312
1232
1040
512
-1056
-1872
-576
352
-464
-1360
-1424
-1200
-832
-32
1088
1248
-160
-1696
-2224
-1904
-816
464
976
784
624
624
-64
-1792
-2704
-1568
0
944
1632
1152
-768
-1840
-1072
-448
-848
-832
192
1312
1728
1120
-432
-1920
-2272
-1664
-1008
-128
1472
2144
416
-1520
-1568
-1296
-1840
-1536
48
656
-784
-2064
-1120
688
1216
864
1040
928
-416
-1184
32
1520
1776
1104
-160
-1568
-2160
-1472
-64
768
80
-1344
-2000
-1760
-1536
-1472
-1456
-1312
-528
544
864
576
544
944
1328
1008
-144
-1264
-1712
-1024
560
1024
-208
-672
224
912
1360
1040
-880
-2032
-656
752
768
752
1040
848
-176
-1616
-2112
-1392
-928
-1200
-1280
-1344
-1968
-1856
-96
1072
-112
-1472
-832
48
-736
-1824
-1600
-1184
-1552
-1648
-1040
-256
576
352
-1344
-1712
96
1344
1392
1232
64
-1136
-96
1280
0
-1984
-2048
-1632
-1984
-1968
-1616
-1600
-1152
-464
-768
-1216
-544
560
1264
1200
160
-992
-1456
-1296
-880
-1072
-2032
-2304
-1568
-784
-16
240
-592
-1632
-1936
-1312
160
912
-256
-1856
-2112
-1296
-336
416
944
1104
1056
1312
1760
1584
928
480
624
1408
1888
672
-1472
-1872
192
2208
2064
1008
864
976
704
784
992
416
-608
-1296
-1600
-1744
-1728
-1072
64
640
368
432
1120
992
-352
-880
464
960
-1120
-2480
-720
704
-832
-2160
-768
656
-32
-1232
-1440
-1008
-288
-176
-992
-1040
288
864
-256
-1072
-176
1168
1408
928
880
1280
1440
768
-496
-976
-144
400
-368
-1552
-1840
-912
160
560
576
240
-736
-1840
-2608
-2480
-1072
64
-32
80
736
384
-752
-1616
-2128
-1600
304
1840
1904
1088
-176
-896
-48
512
-544
-1232
-464
512
1104
688
-912
-1600
-496
48
-576
-464
368
368
-416
-880
-672
-784
-1664
-1440
384
800
-864
-1424
-288
256
64
560
1376
736
-1296
-2144
-688
944
1264
816
-176
-1472
-2112
-1616
-192
896
48
-1536
-1648
-976
-1072
-1392
-1312
-912
-64
912
1312
1136
960
1168
1424
944
-384
-1648
-2064
-1328
208
544
-1104
-2016
-816
400
736
512
-640
-1328
-176
976
784
560
704
96
1296
1872
1152
-448
-1296
-704
576
1184
288
-1008
-1312
-1216
-1328
-1216
-976
-528
288
432
-368
-672
-160
320
368
224
224
16
-928
-1872
-1728
-1136
-1184
-1472
-1232
-1040
-1344
-992
352
1280
1136
512
-304
-656
256
1200
448
-896
-1232
-1168
-1296
-1408
-1776
-2096
-1568
-1008
-1360
-1936
-2032
-1168
624
1776
880
-800
-1232
-416
320
608
736
832
912
1200
1616
1824
1648
1456
1376
1184
944
544
-512
-1712
-1840
-1312
-1280
-960
592
1328
-416
-1744
-224
864
-864
-1888
-224
688
-592
-1344
-464
384
400
528
1344
2048
1936
1264
416
-624
-1456
-1248
-96
720
928
1072
544
-1120
-2624
-1840
864
1904
-272
-1664
80
1584
400
-1264
-1648
-256
-304
-720
80
560
-496
-1568
-1856
-1888
-1488
-512
256
704
1008
672
-48
-528
-896
-928
-624
-1248
-2192
-1344
544
1520
1648
1568
1280
928
832
960
560
-224
304
1632
1584
560
240
416
560
1040
1664
1232
-656
-1984
-1104
16
-384
-576
608
1664
1536
464
-976
-1440
-304
576
-224
-928
208
1456
528
-1280
-1392
-416
80
592
1440
1408
32
-960
128
2160
2544
1392
208
-1088
-2304
-1904
-224
752
784
1136
1584
736
-1056
-1552
-80
1568
1920
832
-944
-1968
-1216
416
1472
1792
1856
1536
416
-560
-240
160
-800
-2080
-2416
-1664
-256
304
-672
-1632
-1744
-1232
128
992
-192
-1328
-240
1136
1072
480
128
-256
-960
-1744
-1984
-1472
-336
1040
1600
976
560
752
560
-320
-1152
-688
912
1600
368
-1248
-1600
-784
-160
-688
-1424
-736
832
1152
16
-480
544
1424
864
160
544
432
-1184
-1968
-1040
-688
-1104
-640
0
-560
-1600
-1744
-736
672
1696
1600
128
-864
-64
512
-128
-432
-592
-1552
-2096
-1488
-896
-784
-704
-368
-96
-608
-1744
-1728
-112
864
96
-1216
-1824
-1472
-576
176
720
1280
1744
1840
1184
384
496
864
608
608
1008
560
-592
-1104
-880
-1008
-1712
-1824
-832
-192
-864
-1360
-320
800
320
-608
-176
528
-112
-960
-368
912
1168
576
624
1248
1264
752
32
-1360
-2560
-2144
-672
768
1712
1248
-432
-1568
-1760
-1216
448
1232
-432
-1568
-32
1200
528
-320
-384
-176
-32
-208
-288
112
16
-1136
-2112
-1888
-1168
-592
48
784
1136
832
-64
-960
-1536
-1792
-1600
-1536
-2144
-2176
-592
1280
1840
1152
400
432
768
560
-192
-336
768
1808
1440
592
576
944
1040
1216
1536
1232
-160
-1264
-384
896
16
-1184
-224
1152
1200
688
-112
-592
128
464
-928
-1856
-448
1264
752
-960
-1456
-752
160
1056
1328
352
-864
-816
656
2032
2000
1056
112
-848
-1456
-1088
-288
176
336
448
496
160
-608
-1024
-432
624
1072
528
-176
-272
-80
288
1136
1744
1552
688
-816
-1520
48
1680
976
-736
-1456
-960
16
112
-848
-1312
-768
160
1088
928
-496
-976
240
1536
1792
560
-1184
-1408
-704
-848
-1264
-1056
-176
960
1136
784
2080
2160
816
-464
-496
464
1248
1296
944
-64
-1664
-2128
-784
-144
-1504
-2000
64
1584
624
-128
960
1824
1344
448
-192
32
736
400
-640
-928
-896
-944
-432
-336
-1264
-1216
672
2384
2576
1760
784
352
640
1056
976
496
304
240
-608
-2000
-2528
-1856
-704
176
288
0
80
720
1392
1664
1440
384
-1024
-1216
256
1856
2192
1072
-640
-944
672
2208
2384
1568
448
-96
16
-224
-1120
-1888
-1840
-1424
-1664
-1728
-592
64
-928
-1408
16
976
-400
-1904
-1376
-560
-1136
-1504
-544
272
-80
-384
352
1168
1360
1280
768
-128
-832
-1056
-512
416
560
544
1088
352
-1776
-1824
672
1520
-320
-944
752
1328
-320
-1568
-1136
-352
-192
-288
-192
48
272
208
-256
-528
-80
512
224
-640
-1008
-1168
-1648
-1872
-1568
-912
64
64
-1680
-2384
-272
1808
1776
928
272
0
224
80
-240
688
1888
1312
144
288
816
336
-240
384
1392
1408
624
16
16
-32
-976
-1280
288
1280
304
-368
160
432
128
-400
-848
-256
1184
1440
448
224
432
-288
-656
240
960
880
736
848
1392
1936
1504
416
-304
-464
-496
-768
-720
-112
-32
-272
592
1280
-64
-1648
-1344
-16
960
1472
1216
80
-752
-256
976
1776
1680
672
-352
-16
1104
1040
-80
-960
-1600
-1728
-768
-16
-816
-1856
-1360
720
2608
1984
-592
-1440
80
864
64
-768
-1440
-1536
-336
384
-800
-2000
-1552
-608
-288
48
912
1136
192
-656
-288
896
1792
1872
1200
-224
-1856
-2240
-1152
-432
-1056
-1216
320
1664
1104
192
704
1392
672
-432
-624
-304
-128
-512
-1440
-2016
-1648
-624
416
112
-1168
-1072
320
960
1088
1232
704
352
1104
1584
896
128
-112
-272
-656
-1216
-1600
-1072
-80
144
-128
-112
-176
16
1024
1536
736
-368
-1120
-1024
416
1952
2160
1440
640
352
784
1472
1984
1504
-32
-752
-112
-112
-1024
-1584
-1696
-1552
-1408
-1472
-1040
-672
-1408
-1264
944
1968
112
-1344
-560
160
-736
-1632
-912
128
-240
-640
784
2304
2048
1184
624
-128
-928
-1056
-304
496
304
-240
-80
-336
-1600
-1728
112
800
-1120
-2000
96
1504
160
-944
-176
576
400
-128
-544
-400
368
512
-768
-1840
-1168
240
656
304
48
-304
-960
-1584
-1856
-1424
-544
-352
-960
-896
384
1536
1552
1024
544
64
-432
-656
-368
528
1536
1568
528
-192
-80
-208
-704
-416
864
1680
1024
32
-64
-288
-1248
-880
1088
1696
576
192
384
48
144
240
-960
-1504
128
1376
544
-400
-336
-224
-256
112
560
688
480
352
1072
1792
944
-64
240
-32
-1568
-2032
-672
560
448
80
704
976
-416
-1792
-1280
336
1232
992
448
-256
-1088
-848
592
1808
2208
1824
624
48
912
1120
-544
-2144
-2336
-1680
-736
-320
-816
-912
-96
720
1712
2032
224
-1440
-192
1872
1792
48
-1360
-1248
-144
-16
-1216
-1584
-496
304
16
-208
848
1312
256
-1216
-1568
-864
368
1072
192
-912
-864
-576
-784
-1312
-2032
-1504
624
1248
-784
-1792
-96
1328
1104
800
800
176
-848
-1584
-1760
-1616
-1456
-1216
-1152
-1696
-2128
-1424
32
1088
1280
464
-576
-432
512
592
-272
-928
-928
-928
-1552
-2208
-1840
-1056
-896
-656
-320
-1136
-2256
-1424
720
1360
-80
-1632
-1904
-1040
288
1056
1072
992
592
-48
320
1344
1504
1104
864
512
256
96
-784
-2048
-2208
-1456
-1520
-1664
-64
928
-1104
-2416
-368
944
-528
-1392
-352
144
-912
-1360
144
1312
336
-496
336
1264
1632
1488
336
-1104
-1824
-1744
-672
720
1120
832
368
-800
-1968
-1840
-752
-256
-1296
-2128
-688
768
-224
-1520
-1376
-1280
-1648
-1408
-768
-432
-528
-624
-768
-1712
-2672
-1888
-32
1088
1232
608
-864
-2192
-2336
-1648
-992
-992
-1600
-1680
-480
864
1312
1168
848
816
1296
928
-880
-1552
144
1200
208
-352
352
784
944
1504
1920
1296
-496
-1472
-304
480
-640
-976
656
1712
992
-416
-1264
-624
1024
1200
-752
-1808
-400
864
48
-1456
-1952
-1328
-384
240
512
272
-448
-576
-16
304
320
496
160
-976
-1648
-896
384
592
-96
-64
880
816
-720
-1648
-816
752
1488
944
-128
-736
-528
304
1024
1440
1760
1072
-416
-128
1328
704
-1328
-2320
-2240
-1440
-288
144
-496
-1600
-1984
-768
592
192
-944
-720
544
1504
1504
592
-688
-1632
-1616
-1200
-1488
-1968
-1424
-544
-208
272
848
592
-240
-768
-752
-304
448
992
368
-1376
-2464
-2144
-1472
-1312
-1552
-1344
-160
416
-576
-1120
-32
1168
1296
720
288
-80
-832
-1296
-1424
-2240
-2704
-1744
-816
-896
-1360
-1472
-592
752
1344
896
-512
-1312
-160
496
-880
-1792
-1360
-816
-560
-800
-1424
-1584
-1520
-1488
-1072
-896
-1456
-1504
-192
672
-32
-1088
-1728
-1504
176
1504
736
-64
624
1056
544
480
848
720
256
144
128
-224
-1040
-2032
-2352
-1824
-1584
-1488
-576
-96
-1216
-1440
816
1920
-320
-1904
-400
480
-1280
-2432
-1296
-208
-160
64
512
672
928
1152
736
-288
-1296
-1248
0
976
928
352
-560
-1696
-2336
-1520
256
304
-1584
-1664
704
1456
-560
-2048
-1696
-1120
-944
-480
192
320
-256
-1184
-2016
-2400
-2112
-976
288
592
80
-784
-1760
-1856
-1168
-1200
-1456
-1136
-1152
-1248
-384
640
1152
1280
1104
960
768
-112
-960
-560
912
1920
1440
368
112
240
32
304
1040
448
-1296
-1616
-304
16
-1168
-1552
-224
1056
1072
272
-736
-1056
-336
-496
-2128
-2000
352
1072
-752
-2288
-2192
-1152
-48
672
896
432
-608
-880
368
1632
1440
576
-128
-1200
-2096
-1776
-736
96
480
736
1008
528
-800
-1360
-608
576
1360
736
-880
-1344
-352
704
1248
1344
1200
768
-272
-752
96
480
-672
-1920
-2160
-1424
16
592
-688
-2048
-1728
-544
448
512
-800
-1920
-944
960
1664
736
-944
-1840
-1520
-1440
-1968
-1888
-1104
-208
784
1264
