-1424
0
2400
3456
3360
2336
352
-288
1520
3264
3232
2496
2144
2336
2496
1536
-32
-80
1664
2544
1296
-320
-768
-432
-368
-336
720
2016
1936
1280
1360
1472
1424
1952
2560
2112
592
-768
-928
128
1648
2224
1168
176
720
2032
2784
2320
1392
1568
2192
1920
1792
2208
1888
1632
2416
2400
656
-352
992
3008
3472
2112
240
-368
256
320
-464
-880
-864
-624
-176
-128
-336
-208
-512
-1216
-416
1584
2368
1968
2096
1888
176
-1152
-400
848
528
-272
512
1904
1696
800
864
1024
496
-112
-496
-800
-1008
-1168
-1328
-944
432
1984
2192
848
-704
-1168
-576
208
1072
2240
2800
1920
384
-304
528
1584
1040
0
640
2096
2368
1968
2096
1984
784
160
1456
2464
1648
1216
1984
1744
464
48
320
704
1680
2496
2000
1136
1216
1968
2528
2208
880
-352
-768
-1024
-976
-144
480
768
1712
2144
864
-192
0
-304
-1120
-800
16
-496
-1456
-320
2096
2336
224
-624
720
1552
768
-208
-640
-352
1136
2000
112
-1488
224
1552
96
-144
1984
3120
2624
1680
432
-720
-1360
-800
1104
2432
1632
-224
-1536
-1344
288
2208
3104
2128
-112
-1440
-1120
-672
-688
16
1552
2096
880
-576
-960
-224
832
1184
880
320
-672
-1456
-1216
-64
1744
2624
1136
-80
1360
3200
3200
1744
-224
-912
640
2192
2192
1392
224
-160
1296
2384
1168
-240
-80
400
640
1504
2336
2416
2544
2224
432
-1072
-912
-352
-240
80
1024
2192
2720
1824
128
-144
1440
2320
1744
1696
1888
1312
1280
1376
224
-128
1536
2368
1024
-112
-64
-416
-1008
-128
1664
2384
2000
1664
1808
1760
1136
1168
2640
3344
1696
-416
-1104
-400
1312
2544
1504
-96
688
2768
3360
2592
2272
2592
2544
2112
1936
1680
1216
1296
1840
1504
352
160
1280
2048
2000
1840
1168
-192
-1008
-832
-640
-768
-560
32
256
-48
-288
-656
-1168
-528
1024
1744
1696
2128
2432
1488
-288
-864
880
2160
384
-1088
704
2000
176
-1040
384
1488
560
-736
-1056
-688
-464
-624
-608
-80
896
2144
2816
1776
32
-608
-560
-368
864
2480
2624
1456
48
-560
432
1472
608
-384
736
2272
2192
1872
2576
2528
768
-400
608
2112
2288
1840
1760
1392
448
-64
128
608
1328
1952
2128
2016
1904
2176
2544
1904
336
-768
-736
-16
416
-320
-1472
-1024
928
1808
640
-528
-560
-112
128
16
-192
-160
-224
-16
1280
2016
400
-912
368
1552
544
-848
-1728
-1696
560
2816
1520
-592
416
1920
800
-320
944
2704
2864
1536
-192
-1024
-672
368
1968
2880
1568
-512
-960
16
1424
2704
2864
1792
480
-608
-1104
-944
-608
320
2096
2640
992
-544
-656
176
1696
2336
784
-976
-880
-48
-80
-96
1168
2272
1168
-176
688
2320
2768
2288
1136
64
592
1888
1888
496
-768
-496
1344
2336
1088
-208
-16
512
880
1536
2080
2352
2720
2464
736
-976
-1056
-848
-416
-2160
-2416
-1904
-1920
-2256
-1808
-1072
-1280
-1472
-656
-576
-1824
-2128
-976
-512
-1376
-2096
-1936
-1872
-2272
-1984
-624
720
1168
288
-1216
-1824
-1200
-336
112
-368
-1600
-2176
-1088
528
608
-880
-2224
-2672
-2496
-1664
-896
-928
-1424
-2032
-2560
-2128
-784
368
896
544
-928
-2208
-2256
-2208
-2624
-2224
-976
-512
-1312
-1664
-448
528
-496
-1968
-1984
-1120
-432
-336
-848
-1408
-1488
-1040
-304
544
1184
768
-400
-816
-416
-256
32
752
944
144
-560
-624
-848
-1184
-432
688
544
-144
64
768
1088
976
896
688
-432
-1792
-1984
-1952
-2640
-2400
-400
1008
896
832
928
144
-1040
-1792
-1776
-1056
-816
-1520
-1424
-624
-1120
-1520
160
1136
-560
-1904
-3120
-2816
-688
432
-944
-1872
-672
32
-1472
-2528
-1392
96
640
640
128
-528
-752
-1232
-2496
-3040
-1824
-480
-720
-1600
-1520
-608
384
960
720
-176
-1440
-2624
-2656
-1312
144
672
464
400
576
192
-720
-1712
-2576
-2368
-624
880
1008
144
-1472
-2384
-992
336
-704
-1856
-752
832
832
-240
-1264
-1872
-1936
-1904
-2416
-2208
-352
768
-560
-2208
-2224
-1520
-1424
-1488
-608
240
-656
-1776
-1056
192
336
224
368
48
-704
-1248
-1184
-416
576
752
-256
-1840
-2864
-2192
-128
832
-752
-2784
-3024
-2368
-2208
-2160
-1792
-1232
-464
80
-32
-336
-272
144
592
240
-992
-2080
-2288
-1552
-448
-112
-624
-816
-240
352
384
-48
-976
-2000
-1824
-464
352
336
336
-32
-1088
-1888
-2096
-2320
-2576
-2448
-2048
-2000
-2384
-1904
-128
608
-1056
-2368
-1456
-480
-864
-1536
-1792
-2016
-2208
-1824
-688
464
1120
896
-960
-2672
-1792
224
912
288
-928
-1536
-608
304
-480
-1776
-2128
-2160
-2480
-2560
-2336
-2304
-2304
-2304
-2864
-3200
-1952
-144
416
-32
-880
-2000
-2672
-2464
-2176
-1968
-1280
-976
-1888
-2320
-1248
-480
-1056
-1872
-2176
-1552
-176
544
-96
-1264
-1872
-1056
544
1232
1056
480
-736
-1536
-864
-176
-608
-880
-160
464
192
-448
-960
-1056
-368
592
784
208
-256
-128
432
1136
1648
1216
-464
-1664
-1456
-1664
-2752
-2592
-1024
80
320
400
256
-416
-1104
-1200
-736
-320
-496
-960
-560
224
-272
-1008
-208
432
-816
-2560
-3248
-2496
-592
336
-1280
-2832
-1584
160
-688
-2096
-1024
976
1440
1136
624
-304
-688
-896
-2112
-2720
-1568
-768
-1344
-2112
-2560
-2352
-1200
112
688
160
-1296
-2624
-2736
-1680
-288
320
-80
-96
896
1008
-864
-2768
-2816
-1408
-80
176
336
704
-544
-2368
-1536
-144
-1568
-3008
-1568
528
1040
448
-592
-1680
-2160
-2080
-2112
-1728
-272
544
-624
-1840
-1552
-1408
-2400
-2448
-416
992
-272
-1904
-1568
-416
32
192
464
80
-1312
-2272
-1616
-368
208
48
-768
-2096
-2720
-1664
-80
368
-16
-448
-1440
-2816
-3184
-2272
-1456
-1344
-1056
-368
-256
-592
-176
608
480
-656
-2064
-2848
-2592
-1712
-640
-128
-880
-1584
-736
640
1056
304
-1216
-1936
-752
656
720
96
-368
-800
1648
800
-512
-1424
-1424
-656
304
304
-784
-1168
-240
240
-512
-1056
-592
224
640
304
-672
-1360
-704
688
1456
1792
2208
1440
-576
-1360
-352
272
-96
-592
-1184
-1488
-736
208
288
176
160
-272
-800
-528
368
704
-32
-1024
-1552
-1568
-992
-256
-128
-304
-448
-720
-992
-1344
-1776
-1072
416
352
-800
-640
176
240
160
272
368
832
1200
912
416
352
816
1424
1504
1312
1408
1248
464
-176
-416
-608
-320
768
1824
2000
1056
-64
64
752
384
320
1696
2224
1136
528
816
1408
2288
2272
944
320
896
576
-896
-1680
-1104
64
928
1392
1776
1520
192
-1024
-912
-32
320
-16
-288
-128
352
768
608
-96
-640
-1168
-1856
-1072
1264
1712
-576
-1904
-960
-640
-1568
-1152
928
2288
1968
1120
400
-112
-32
144
-544
-1504
-1440
-528
464
1040
912
592
912
1632
1936
928
-1024
-1920
-976
224
912
1424
1616
1648
1920
1920
1136
-160
-1120
-656
1024
1664
512
-416
0
832
1632
1744
368
-640
752
2384
1696
288
128
112
-880
-2176
-2560
-1232
1008
2016
1504
464
-768
-1280
-112
1248
1600
1328
176
-1264
-1072
352
1472
2240
2288
1296
512
304
-16
80
1024
1776
1536
368
-864
-800
672
1664
1056
304
592
352
-1264
-1872
-576
192
-176
-304
-304
80
1536
2240
944
-464
-1280
-1696
-912
-48
-704
-1376
-784
368
1392
1600
592
-544
-992
-1008
-528
416
1280
1696
1776
1696
1200
112
-928
-1264
-1168
-736
80
304
-800
-1792
-1136
-64
-448
-1392
-1168
-224
384
496
-16
-608
-224
784
1552
1936
1872
1072
-448
-1744
-1376
96
400
-768
-1824
-1904
-1072
-32
448
576
704
240
-688
-816
-96
-32
-992
-1776
-1760
-1344
-848
-368
-368
-1040
-1840
-2160
-1872
-1504
-1296
-608
400
368
-832
-1616
-944
240
496
-16
-32
832
2080
2816
2528
1664
896
736
1520
2496
2464
1296
32
-32
752
512
-480
16
1776
2224
912
-144
-48
96
-144
-48
624
1056
656
400
1360
2240
1856
1120
512
-144
-64
384
-160
-1024
-736
320
1152
1824
2448
2048
320
-1008
-848
-112
112
-336
-480
272
576
-224
-640
-576
-928
-1264
-1392
-1104
320
1120
-192
-1232
-656
-288
-448
32
1200
2144
2064
1136
80
-416
-96
-160
-1280
-1728
-816
128
688
880
368
224
1200
2128
1984
960
-432
-1360
-848
560
1344
1232
976
1104
1552
1488
560
-704
-1840
-1696
336
1856
1264
64
-592
0
1632
1360
-1136
-1472
976
1984
784
192
528
16
-1040
-1600
-1792
-1072
800
1760
768
-448
-1056
-1440
-1328
-96
1712
2096
304
-1376
-1248
-192
992
1936
1952
1552
1440
752
-432
-320
960
1232
256
-832
-1696
-1456
448
1856
1248
240
-32
-608
-1568
-1312
240
1040
352
-672
-944
-16
1360
1584
752
-16
-864
-1344
-608
112
-320
-832
-512
416
1504
1968
1312
-96
-1520
-2096
-1392
128
1552
2080
1632
992
-128
-1376
-1696
-1440
-1744
-2144
-1456
-496
-656
-960
-240
64
-1184
-1872
-608
304
-496
-1072
-752
-1120
-1760
-1184
0
640
1008
864
-384
-992
432
1664
992
-240
-1056
-1392
-880
-224
-448
-976
-1168
-1248
-1152
-640
-288
-512
-720
-864
-1280
-1040
320
1552
1664
432
-1552
-2448
-1776
-1216
-1328
-1424
-1216
-896
-944
-1088
-352
400
0
-768
-1024
-704
240
752
64
-576
-832
-1136
-144
1664
1856
976
880
768
304
432
688
384
560
1488
1616
368
-640
-576
-160
480
1248
1440
1440
1856
2016
1904
1920
1264
-176
-912
-752
-1152
-1808
-1072
544
1328
1712
2640
2832
1376
-176
-208
848
1104
-304
-1744
-1280
-32
208
288
816
368
-816
-1472
-1792
-1264
528
1008
-944
-1856
-160
768
-544
-1056
752
2160
1680
912
592
736
1472
1040
-1216
-2224
-864
448
528
-384
-1648
-1600
-16
1616
2224
1280
-736
-1792
-1232
-192
1040
2176
2064
1360
1696
1920
416
-1376
-1680
-880
224
1136
1216
480
-544
-560
976
1552
-432
-1664
-64
1360
1056
672
416
-544
-1296
-1392
-1584
-1312
144
1104
224
-1008
-1536
-1808
-1264
368
1504
912
-800
-1808
-832
800
1328
1392
1536
880
-208
-480
32
608
800
864
704
-464
-1584
-704
1200
1664
464
-1024
-1728
-2016
-2736
-2928
-1696
-336
448
1216
1552
1200
1280
1920
1984
832
-976
-2000
-1792
-1184
-304
48
-1008
-1312
512
1744
1216
272
-1024
-1936
-688
1488
2160
1904
1888
1248
-144
-880
-1040
-1552
-1744
-1056
-528
-816
-1552
-1712
-688
48
-736
-1216
32
1200
688
-864
-2208
-2304
-1360
-368
624
1808
2240
1248
-480
-1312
-496
800
1392
912
-768
-1792
-256
1168
-256
-1872
-1136
-64
-240
-704
-896
-912
-704
-1008
-1840
-1408
528
1728
1376
480
-544
-1408
-1696
-1840
-1872
-1264
-640
-816
-1008
-432
352
624
256
-512
-1088
-704
560
1440
928
-192
-400
224
704
928
944
736
1040
1744
1552
816
720
976
1168
1312
896
-48
-864
-1360
-848
848
1824
1360
1088
1472
1648
1648
1536
1120
240
-864
-960
-384
-896
-1200
192
976
544
1440
2880
1968
-592
-1744
-560
832
256
-1072
-800
224
-128
-784
32
896
176
-1280
-2096
-1200
736
768
-1472
-2304
-400
1120
240
-896
-64
1552
1872
1056
192
-32
320
160
-752
-976
272
1376
752
-816
-1248
-224
1008
1936
2432
1952
448
-1104
-1968
-1296
976
2432
1392
464
1632
2416
1008
-832
-1328
-448
928
1472
896
-16
-880
-880
368
816
-672
-1488
16
1968
2384
1200
-608
-1632
-1536
-1520
-1920
-1312
848
2480
1424
-1296
-2704
-2144
-1440
-608
1440
2160
-240
-1728
-80
1184
864
1392
2496
2064
256
-1008
-672
624
1616
1696
736
-1040
-2320
-1616
480
1408
400
-480
-176
-192
-1008
-1520
-1328
-608
368
512
-176
-320
224
848
1344
1008
-368
-1632
-1936
-896
1008
1664
224
-640
880
2480
2064
480
-1072
-1728
-736
688
1056
1424
2336
1952
