-5952
-3488
1280
6080
8528
7248
1744
-2672
368
6176
6112
3216
4240
6816
6528
3520
-928
-2864
1392
6368
4304
-1968
-5408
-6416
-8080
-7376
-864
6080
6688
3280
1520
2400
4688
6704
6240
3264
32
-2304
-3984
-3200
2128
6576
3232
-2112
-64
6032
8464
7312
5232
3088
1904
2464
4464
6736
7392
6976
7744
7344
2224
-2336
560
6304
6896
3376
-128
-2352
-2560
-2384
-4576
-6912
-5888
-3072
-1744
-2448
-4304
-6512
-8144
-7328
-2992
2032
3648
2944
3472
3072
-1984
-6576
-3568
1952
1040
-2512
-528
2480
-1520
-6576
-3376
2208
144
-5936
-8256
-7136
-4928
-2960
-3136
-3072
1088
6272
7152
3648
-1552
-6224
-8848
-7440
-912
6048
7328
3616
-816
-2816
-480
2560
912
-2416
-1600
2128
4960
6880
8848
7664
176
-6480
-2512
5984
6592
3072
4864
7136
2048
-5872
-9296
-7632
-2800
2016
3200
2592
4384
6768
6208
3392
0
-2496
-2784
-2624
-4096
-6400
-8464
-7472
-576
6272
4768
-1888
-5936
-6880
-6960
-6768
-6880
-7024
-6416
-3568
2768
6896
1440
-6144
-4144
2128
2480
-1760
-6320
-7360
-560
6544
2160
-6144
-4160
2048
784
-2592
272
6048
9232
7664
1040
-6064
-7872
-3872
2672
6752
4624
-1520
-6800
-7360
-1408
6176
7904
3712
-1840
-6336
-8224
-7280
-5680
-3344
912
3136
-624
-6160
-7472
-3776
2880
6832
2064
-5968
-7024
-3408
-3072
-3264
1840
6608
3408
-2256
-1920
2224
4720
3520
-1808
-6512
-4544
1664
6496
7200
2608
-2464
-1344
2416
1824
-2144
-5872
-7136
-3952
1792
5760
7072
6496
3504
-1648
-6400
-8112
-7296
-6016
-3488
1376
6288
8784
7552
2032
-2496
560
6400
6144
2960
4080
6880
6560
3440
-960
-2928
1280
6448
4592
-1808
-5584
-6800
-8416
-7552
-896
6192
6944
3520
1632
2480
4816
6928
6512
3472
96
-2448
-4304
-3424
2160
6672
3104
-2480
-336
6000
8480
7296
5312
3264
2144
2736
4640
6768
7408
7056
7904
7472
2128
-2592
448
6384
7088
3536
-176
-2624
-2912
-2720
-4784
-6912
-5824
-3136
-1904
-2592
-4368
-6544
-8192
-7504
-3104
2176
3824
2960
3552
3232
-2048
-6768
-3568
2160
1232
-2336
-224
2784
-1472
-6688
-3328
2320
128
-6112
-8608
-7520
-5104
-3040
-3280
-3104
1264
6528
7312
3616
-1616
-6336
-9200
-7776
-880
6288
7456
3616
-832
-2736
-352
2624
864
-2576
-1696
2256
5072
6720
8608
7552
80
-6560
-2496
6032
6736
3312
5056
7216
2096
-5792
-9184
-7552
-2640
2448
3680
2848
4544
6944
6256
3296
-80
-2560
-2960
-2896
-4288
-6512
-8672
-7744
-624
6400
4768
-2000
-6032
-6992
-7104
-6896
-6960
-7024
-6432
-3696
2816
7152
1552
-6272
-4208
2208
2272
-2368
-6800
-7392
-480
6512
2032
-6304
-4096
2432
1120
-2528
288
6176
9360
7744
1056
-6080
-7872
-3856
2688
6720
4480
-1808
-7136
-7600
-1584
6064
7968
3856
-1840
-6448
-8224
-7264
-5808
-3440
944
3040
-928
-6400
-7632
-4048
2736
6944
2176
-6016
-7136
-3536
-3216
-3328
1936
6800
3488
-2336
-2032
2144
4624
3440
-1856
-6576
-4672
1584
6608
7392
2688
-2448
-1344
2352
1728
-2272
-6064
-7216
-3808
1984
5840
7024
6496
3552
-1632
-6352
-7968
-7200
-3696
-7088
-5280
-656
1728
512
-3456
-6880
-5808
-848
4624
7056
4000
368
3344
7072
1600
-6416
-5264
-352
-2144
-6480
-5104
-912
400
-448
-1104
-288
2864
6512
8256
7344
3440
384
3344
6880
2368
-5872
-9424
-7824
-3360
160
-2288
-6800
-5216
-304
896
416
2832
6432
8160
7248
4064
816
-384
128
1248
784
-3104
-6864
-5824
-576
5408
7344
2000
-5968
-9424
-7680
-3520
-640
-2416
-6544
-8448
-7520
-4432
-1120
-672
-1008
2000
6272
7648
7088
7488
7360
3408
-480
2608
6688
1040
-6736
-2672
6064
5184
-80
1904
6672
4976
176
-880
-480
-3024
-6752
-8368
-7536
-4944
-672
4416
7072
4688
320
-1152
-400
-736
-272
4304
7216
752
-6736
-1904
6432
2064
-6448
-2816
5968
6064
1120
-368
416
288
-384
-1040
-144
3632
6688
4992
1136
-448
-592
-1472
-1168
2320
6528
8512
7424
3408
624
3696
6992
2304
-5984
-9312
-7664
-4208
-848
128
-480
224
336
-3248
-6800
-5136
-960
320
-304
272
-80
-3904
-7200
-4992
-448
176
-560
3424
6960
1664
-6208
-6128
-1376
720
464
-640
-832
3328
6896
1616
-6384
-6096
-688
1280
464
704
96
-4032
-7344
-4432
-96
-2208
-6752
-5456
-1104
-128
-48
3536
6928
4736
160
-576
-224
-4352
-7456
-1872
6128
6624
944
-4864
-7376
-5136
-544
1744
256
-3424
-6896
-8592
-7680
-3488
-64
-3152
-7200
-2816
5680
9328
7728
3296
-112
2208
6512
5984
1168
-4944
-7504
-1008
6544
2672
-6160
-7040
-1552
4080
7008
4576
720
2784
6896
4944
64
-880
-544
-3920
-7264
-5200
-448
2048
864
-3312
-6928
-5744
-608
4800
7152
4224
576
3376
7088
1680
-6400
-5168
-48
-2048
-6816
-5504
-992
528
-416
-1136
-144
3104
6688
8416
7472
3408
416
3584
7056
2288
-6064
-9584
-7936
-3456
32
-2384
-6768
-5120
-288
720
224
2880
6640
8368
7520
4336
864
-400
240
1344
736
-3248
-7024
-6016
-848
5264
7472
2128
-6080
-9712
-8000
-3760
-736
-2464
-6736
-8752
-7664
-4352
-976
-544
-880
2208
6528
7776
7104
7552
7376
3280
-480
2880
6992
1168
-6672
-2624
6160
5264
-160
1808
6752
5088
160
-960
-496
-3008
-6784
-8480
-7760
-5216
-784
4528
7296
4864
240
-1536
-880
-992
-224
4560
7456
720
-6944
-1968
6480
1984
-6640
-2880
6032
6064
896
-688
192
336
-224
-1072
-368
3648
7056
5120
784
-640
-240
-928
-752
2544
6576
8544
7536
3424
464
3696
7296
2544
-6064
-9504
-7792
-4288
-848
192
-496
224
480
-3120
-6784
-5104
-800
528
-272
176
-32
-3808
-7328
-5168
-400
320
-496
3504
7040
1616
-6336
-5968
-928
768
32
-880
-608
3696
7120
1600
-6608
-6256
-608
1440
528
704
48
-4208
-7536
-4448
-64
-2272
-6816
-5408
-1072
-240
-160
3520
7056
4992
240
-848
-544
-4608
-7616
-1760
6368
6608
656
-5120
-7552
-5280
-624
1744
304
-3312
-6864
-8800
-7968
-3552
80
-3040
-7184
-2720
5936
9600
7856
3264
-224
2192
6624
6176
1376
-4832
-7536
-1008
6592
2592
-6320
-7168
-1600
4096
6960
4368
528
2736
6992
5072
224
-608
-224
-2592
-6272
-5008
-1360
320
-928
-4112
-6416
-5344
-1376
3856
6624
3280
-688
2560
6496
1376
-5920
-4928
-1104
-3184
-6464
-4016
544
2000
928
-704
-880
2192
6320
8368
7088
2448
-720
2768
6544
2096
-5728
-8688
-6880
-3184
-832
-3104
-6352
-4608
-896
-544
-784
2272
6336
8192
7056
3328
-400
-1664
-960
112
-480
-3664
-6384
-5600
-1488
4256
6688
1712
-5856
-8960
-6992
-2304
880
-1296
-6032
-8256
-7072
-3232
640
1232
816
3264
6528
7296
6768
7136
6896
3584
960
4096
6720
464
-6224
-1744
6112
5296
1296
3296
6704
4800
1248
928
992
-2160
-6224
-7712
-6784
-4896
-1552
3408
6624
4960
1296
384
1008
-352
-768
3760
6768
448
-6192
-976
6352
1408
-6128
-1856
6112
5184
-112
-1760
-816
352
960
-352
-944
2864
6592
4256
-352
-1024
480
384
656
3408
6528
8144
7168
2672
-560
2880
6608
2112
-5824
-8864
-6992
-3120
704
1968
1104
640
-592
-4272
-6688
-3920
768
2160
1440
1856
1376
-2672
-6480
-5264
-1488
0
1040
5024
6832
784
-6016
-4400
736
1232
-784
-1088
896
5104
6928
1184
-5936
-5648
-1504
-608
-1136
560
1296
-2496
-6304
-4448
-1248
-3408
-6560
-3744
784
400
-912
2544
6624
5200
1472
1296
1296
-3456
-6672
-1248
6256
6848
1856
-3600
-6496
-5232
-1408
1520
1360
-2112
-6320
-8192
-6992
-3408
-1248
-4240
-6704
-1520
6144
8800
7056
3488
1312
3712
6672
4784
-448
-5856
-6976
0
6496
1920
-6016
-5632
304
5344
6880
3264
-704
1888
6512
5280
1424
1088
1120
-2816
-6464
-4976
-1152
672
-496
-3872
-6512
-5424
-1152
4144
6816
3488
-368
2896
6768
1392
-6080
-4928
-1024
-3280
-6656
-4176
480
2096
1136
-640
-944
2128
6336
8464
7312
2736
-464
3024
6752
2112
-5840
-8848
-7184
-3440
-928
-3248
-6560
-4688
-960
-720
-896
2336
6464
8368
7296
3536
-320
-1520
-688
192
-624
-3808
-6512
-5728
-1488
4480
6992
1888
-5856
-9104
-7168
-2416
928
-1280
-6176
-8368
-7040
-3168
800
1648
1280
3488
6576
7360
6928
7360
7088
3840
1424
4592
6960
432
-6336
-1728
6320
5648
1600
3344
6688
4976
1552
1264
1376
-1888
-6208
-7888
-6992
-4928
-1328
3680
6768
5088
1488
592
1136
-432
-1152
3424
6800
592
-6240
-992
6480
1440
-6176
-1728
6336
5216
-432
-2336
-1264
336
1248
-160
-944
2960
6784
4192
-608
-960
944
960
1120
3696
6640
8176
7168
2512
-816
2800
6720
2128
-5936
-8928
-7072
-3136
896
2272
1328
640
-864
-4592
-6768
-3824
880
2256
1536
1968
1424
-2672
-6384
-5056
-1424
-176
832
5072
7056
816
-6288
-4656
656
1200
-864
-1248
736
5200
7152
1232
-6096
-5840
-1552
-448
-992
416
912
-2864
-6560
-4624
-1392
-3504
-6608
-3840
688
432
-848
2496
6608
5296
1488
1216
1328
-3440
-6768
-1312
6208
6768
1904
-3520
-6576
-5328
-1424
1456
1312
-2064
-6272
-8224
-7120
-3536
-1184
-4064
-6720
-1776
5984
8928
7232
3456
1072
3600
6880
5104
-288
-5856
-7072
-64
6544
1920
-6176
-5680
496
5584
7024
3296
-704
1904
6592
5392
1552
1280
1408
-5936
-3408
1600
6432
8672
7104
1408
-2800
784
6720
6288
3152
4224
6784
6416
3152
-1456
-2960
1840
6640
4144
-2128
-5456
-6592
-8304
-7344
-464
6512
6816
3248
1552
2528
4784
6752
6304
3184
-352
-2800
-4304
-2992
2816
6816
2736
-2336
464
6448
8416
7200
5136
2848
1696
2368
4400
6624
7264
6976
7824
7088
1680
-2480
1008
6656
6800
2992
-672
-2800
-2832
-2624
-4672
-6784
-5888
-3312
-1888
-2480
-4464
-6832
-8400
-7296
-2672
2224
3392
2608
3408
2896
-2480
-6608
-2880
2336
688
-2512
288
2960
-1968
-6848
-2864
2480
-432
-6560
-8416
-7232
-5168
-3248
-3312
-2976
1392
6496
7152
3328
-2032
-6672
-9200
-7376
-448
6464
7328
3232
-1296
-2768
-16
2560
416
-2608
-1264
2592
5088
6688
8672
7360
-384
-6576
-1968
6224
6272
2880
4928
6944
1568
-6256
-9408
-7392
-2256
2416
3184
2560
4560
6880
6064
2928
-656
-2976
-3120
-2976
-4368
-6640
-8752
-7488
-240
6336
4256
-2416
-6096
-6880
-7040
-6960
-7040
-7072
-6480
-3552
3040
6816
832
-6304
-3520
2352
1712
-2768
-6784
-7072
-16
6496
1568
-6256
-3568
2400
480
-2832
560
6560
9472
7392
496
-6480
-8032
-3792
2960
6800
4080
-2336
-7216
-7184
-1040
6384
7888
3440
-2320
-6624
-8112
-7232
-5824
-3168
1392
3104
-1280
-6768
-7792
-3808
3168
6960
1696
-6320
-7024
-3472
-3328
-3168
2352
6704
2912
-2480
-1536
2656
4864
3344
-2192
-6608
-4096
2240
6800
6976
2032
-2624
-848
2800
1568
-2656
-6144
-6928
-3328
2304
5776
6864
6448
3472
-2000
-6816
-8160
-7184
-6032
-3376
1824
6768
9024
7376
1568
-2624
1056
6880
6192
2992
4240
6992
6608
3200
-1488
-2976
1984
6896
4256
-2224
-5632
-6880
-8704
-7552
-496
6496
6784
3248
1584
2560
4944
7024
6400
3008
-448
-2624
-4128
-3008
2720
6912
2960
-2304
400
6624
8688
7408
5392
3216
2048
2736
4720
6816
7376
7104
8016
7344
1760
-2736
720
6720
7088
3184
-688
-2976
-3088
-2896
-4912
-6880
-5904
-3504
-2256
-2768
-4544
-6800
-8384
-7248
-2480
2592
3872
3072
3776
3104
-2560
-6880
-2896
2608
704
-2864
48
3040
-1872
-6880
-2848
2672
-192
-6512
-8560
-7328
-5200
-3360
-3600
-3184
1488
6768
7472
3696
-1872
-6832
-9440
-7552
-624
6352
7536
3584
-1376
-3248
-112
2912
432
-2960
-1376
2736
5168
6704
8800
7616
-224
-6640
-2080
6272
6480
3232
5216
7024
1488
-6320
-9424
-7440
-2288
2576
3536
2864
4704
7072
6560
3504
-496
-3216
-3248
-2992
-4448
-6736
-8816
-7488
-32
6592
4272
-2544
-6080
-6768
-7040
-7104
-7200
-7168
-6544
-3536
3184
6912
656
-6512
-3536
2560
1968
-2736
-7104
-7488
-144
6704
1680
-6400
-3616
2496
416
-3024
480
6528
9520
7616
656
-6544
-8160
-3824
3008
6880
4112
-2400
-7312
-7248
-1136
6256
7920
3664
-2176
-6800
-8448
-7440
-5920
-3280
1360
3248
-1040
-6608
-7840
-3952
3200
7088
1776
-6352
-7184
-3728
-3504
-3200
2448
6864
2928
-2640
-1680
2576
4800
3152
-2624
-7040
-4272
2240
6848
7152
2160
-2656
-896
2688
1424
-2736
-6224
-7152
-3600
2224
5888
7056
6688
3664
-1936
-6768
-8128
-7392
