-1600
-6400
-6336
-3344
-1776
-2544
-4768
-6768
-6720
-3600
2496
6672
2976
-2352
944
6448
2160
-5984
-6368
-3024
-4544
-6816
-3408
1952
4048
2816
-624
-2752
432
5968
8736
7392
1952
-2368
1312
6528
2560
-5840
-9008
-7392
-4560
-2576
-4048
-6768
-5712
-2928
-2896
-2848
992
6000
8464
7360
2896
-2032
-3824
-2944
-1888
-2272
-4608
-6928
-6864
-3440
2960
6864
2480
-5728
-9648
-7760
-2208
2112
-240
-6224
-9056
-7584
-3104
1712
2944
2224
3888
6576
7264
6832
7056
7056
4784
2624
4992
7008
656
-6608
-2736
5808
6480
2848
3824
6752
5600
2720
2544
2608
-1168
-6304
-8128
-7264
-6064
-3376
2000
6464
5984
3040
2560
2912
-272
-2896
1696
6704
1248
-6432
-1776
6384
1856
-6400
-2448
5888
4720
-1648
-4160
-2912
80
2336
112
-2544
1376
6432
3712
-1920
-1616
1872
2608
2400
4208
6592
8176
7344
1952
-2416
1424
6656
2752
-5760
-9472
-7648
-3024
1872
3904
2784
656
-2208
-5952
-7328
-3472
2080
3696
2720
3200
2848
-1664
-6640
-6880
-3472
-432
2128
6032
7248
768
-6416
-4224
1792
1312
-2256
-1824
1824
6064
7264
1408
-6272
-7024
-3328
-2528
-2864
240
2736
-1088
-6592
-6064
-2928
-4592
-7168
-3264
2016
528
-2640
752
6352
6112
2848
2944
3040
-2416
-7024
-2448
5760
7920
3808
-2192
-6592
-6928
-3584
896
2736
-800
-6400
-8704
-7520
-4688
-2912
-5264
-7248
-2032
5872
8800
7408
4592
2784
4688
6848
4048
-1744
-6800
-7536
-496
6512
2224
-6144
-5520
1264
6384
7280
2704
-2304
288
6288
6304
2816
2528
2672
-1712
-6656
-6384
-3104
-1568
-2576
-4960
-6960
-6816
-3600
2560
6704
2976
-2352
992
6528
2144
-6240
-6576
-3040
-4656
-7216
-3808
1856
4240
2992
-672
-2960
272
5968
8864
7456
1840
-2512
1312
6688
2736
-5824
-9168
-7664
-4944
-3056
-4448
-7056
-5920
-2992
-2992
-3088
944
6304
8784
7504
2896
-2096
-3872
-2928
-1920
-2512
-4848
-6912
-6848
-3648
2816
6928
2448
-5984
-9968
-7904
-2064
2352
-80
-6256
-9264
-7744
-3088
1856
3248
2576
4016
6544
7328
7056
7328
7184
4736
2608
5216
7328
848
-6544
-2672
5904
6544
2848
3856
6816
5632
2800
2720
2720
-1216
-6512
-8448
-7536
-6288
-3584
1920
6608
6112
2944
2320
2656
-480
-2928
1840
6832
1184
-6592
-1920
6288
1792
-6448
-2368
6048
4608
-2064
-4656
-3232
96
2608
160
-2864
1120
6496
3696
-2208
-1776
2144
3040
2688
4352
6688
8320
7536
1968
-2640
1264
6752
2896
-5824
-9696
-7856
-3184
1872
4144
3056
672
-2432
-6112
-7344
-3472
2080
3856
2976
3456
3056
-1552
-6656
-6976
-3536
-464
2128
6080
7296
704
-6448
-3952
2192
1296
-2640
-2048
1904
6176
7280
1456
-6224
-7088
-3488
-2624
-2880
160
2576
-1216
-6592
-6080
-3088
-4800
-7232
-3216
2112
592
-2704
624
6432
6400
3008
2864
2880
-2544
-7088
-2336
5952
7872
3552
-2352
-6688
-7072
-3616
944
2784
-768
-6368
-8672
-7536
-4896
-3152
-5344
-7264
-2064
5920
8912
7408
4432
2560
4560
6896
4128
-1840
-7056
-7760
-480
6656
2256
-6272
-5504
1600
6784
7344
2448
-2592
208
6432
6512
2960
2800
3120
4464
400
-3728
-6592
-7920
-7136
-3488
-464
-2832
-6464
-4000
176
-2080
-6432
-5040
-272
1872
208
-3664
-6576
-5520
-1200
3152
6368
8784
7728
784
-6112
-5552
-384
2432
1232
-2896
-6416
-4736
-192
1152
-96
-64
-352
-3856
-6704
-4304
-800
-2144
-6064
-7984
-7168
-4080
-80
2160
1248
-2320
-6256
-7552
-6880
-7200
-7104
-3696
-768
-3296
-6752
-4528
144
1344
-224
-1824
-1280
2912
6800
5104
288
-2144
-1088
2288
6192
8128
7216
4288
1184
144
608
176
336
3680
6752
5184
1408
-256
-400
-880
32
4016
6944
4480
960
2432
6400
8128
7248
3936
16
-736
-368
-3232
-6560
-5264
-480
3744
6448
8512
7472
672
-6192
-5392
-288
1376
-64
-432
400
320
-272
304
528
-2064
-6096
-8864
-7600
-144
6528
2416
-5920
-5008
144
-2304
-6640
-2368
5792
8960
7312
3952
1024
864
1104
-2672
-6576
-4624
-80
1296
-112
-1504
-928
2240
6320
9056
7744
928
-6048
-6240
-1296
3536
6624
7472
6976
7360
7344
4880
400
-5072
-7152
-1232
6224
6032
1328
-1376
-784
3712
7008
1168
-6352
-2576
5952
5968
1184
16
-160
-3008
-6496
-8832
-7600
-688
6384
6368
752
-4608
-6816
-5664
-1520
4464
7088
1600
-6144
-6368
-464
4288
6736
8240
7456
3888
-16
-1680
0
4080
6896
5552
656
-5216
-7216
-1328
6240
5760
416
-944
-416
-3520
-6672
-4880
-1088
512
384
-208
272
3488
6704
5872
1568
-3648
-6656
-4912
-1008
832
624
-416
-512
2688
6496
5984
1600
-3552
-6704
-5264
-352
4080
6656
7872
7264
4544
352
-3888
-6768
-8064
-7328
-3712
-736
-3152
-6784
-4160
208
-2064
-6512
-4992
-112
2000
224
-3760
-6736
-5568
-1152
3168
6384
8880
7824
752
-6304
-5664
-416
2400
1136
-3088
-6688
-4896
-112
1280
-96
-80
-192
-3728
-6848
-4496
-880
-2240
-6288
-8208
-7264
-4112
-176
1952
1056
-2480
-6432
-7712
-6992
-7312
-7216
-3632
-528
-3088
-6784
-4752
16
1504
128
-1456
-1008
3056
6816
5168
448
-1952
-864
2560
6416
8336
7408
4304
976
-32
512
112
448
3952
6928
5216
1344
-400
-496
-880
64
4064
7072
4624
960
2416
6544
8416
7472
4032
240
-448
-320
-3504
-6832
-5328
-352
3920
6640
8784
7792
848
-6192
-5392
-176
1472
-64
-368
496
368
-208
352
512
-2096
-6176
-9056
-7696
-48
6640
2304
-6160
-5216
-160
-2656
-6800
-2272
6016
9184
7504
4048
896
624
992
-2720
-6752
-4736
48
1456
-112
-1504
-832
2352
6400
9120
7808
912
-6224
-6368
-1184
3632
6608
7616
7232
7392
7264
4944
560
-5040
-7280
-1328
6224
5936
1104
-1376
-448
4000
7008
1088
-6352
-2496
6048
5904
896
-128
-32
-2864
-6512
-8960
-7776
-800
6432
6464
752
-4784
-7024
-5728
-1456
4592
7264
1712
-6112
-6416
-608
4272
6880
8336
7584
4112
48
-1872
-128
4144
6992
5616
784
-5200
-7456
-1648
6128
5840
544
-800
-288
-3536
-6800
-4912
-1008
640
560
-64
368
3696
6960
5952
1488
-3696
-6736
-5088
-1152
864
688
-544
-688
2736
6640
6080
1664
-3504
-6720
-5392
-528
4064
6928
8192
7440
4688
1472
-2656
-6224
-8096
-7104
-2528
1024
-1872
-6304
-4672
-1360
-3360
-6576
-5312
-1504
1392
1296
-2656
-6320
-4752
336
4256
6544
8448
7152
336
-6192
-5792
-1504
608
-688
-4080
-6640
-5104
-1248
688
896
1616
1024
-3216
-6432
-3472
576
-1312
-6128
-8112
-6944
-4160
-1056
368
-720
-3584
-6432
-7280
-6864
-7408
-6944
-2720
592
-2288
-6496
-5312
-1392
560
752
368
944
4032
6624
5008
1424
-176
896
3552
6496
8160
7152
3392
-640
-1792
-1152
-1600
-1056
3200
6608
4032
-464
-752
800
-432
-1184
2880
6576
3648
-544
1456
6352
8240
6976
3984
1408
1424
1216
-2560
-6416
-5792
-1616
2864
6416
8736
7248
352
-6160
-5712
-1344
976
960
112
-640
-240
896
1056
-704
-3664
-6576
-8720
-7264
288
6432
1872
-6064
-5248
-1216
-3808
-6832
-1792
5984
8880
7184
3200
-624
-1216
-864
-3808
-6736
-4944
-1168
784
1120
720
1024
3312
6496
8752
7296
304
-6320
-5248
592
4800
6624
7008
6704
6944
6864
5232
1648
-4048
-6720
-832
6240
4720
-656
-1888
800
5296
6928
352
-6384
-1840
6224
4816
-656
-544
1024
-1744
-6256
-8864
-7232
-432
6320
6864
1968
-3792
-6624
-4800
368
5824
7008
1072
-6128
-6592
-1632
3232
6576
8080
7040
4480
1424
-1488
-1568
2512
6544
6256
1856
-4352
-6880
-1232
6176
5888
1520
1024
1280
-3008
-6752
-3968
768
1328
-864
-2448
-1456
2880
6544
4880
-432
-5344
-6880
-3504
848
1072
-992
-1280
912
4624
6864
4576
-608
-5024
-6864
-5472
-1536
3040
6624
8000
7072
4880
1472
-2928
-6560
-8272
-7216
-2736
688
-2256
-6592
-4672
-1088
-3200
-6704
-5408
-1376
1424
1088
-2928
-6560
-4912
368
4432
6720
8608
7232
240
-6368
-5856
-1440
656
-720
-4224
-6800
-5120
-1232
640
928
1824
1152
-3392
-6864
-3872
416
-1360
-6272
-8336
-7216
-4448
-1328
144
-816
-3632
-6624
-7536
-7104
-7680
-7136
-2592
1008
-2000
-6496
-5456
-1488
656
1072
688
1008
3968
6640
5200
1728
160
1136
3680
6528
8144
7184
3344
-784
-1952
-1408
-2032
-1472
3072
6752
4032
-736
-800
1168
-176
-1280
2832
6672
3536
-864
1280
6400
8368
7264
4432
1632
1488
1376
-2512
-6704
-6112
-1760
2880
6560
9008
7488
384
-6320
-6000
-1568
1088
1200
0
-1088
-400
1024
960
-976
-3824
-6656
-8864
-7328
400
6560
1808
-6272
-5504
-1488
-4032
-6880
-1680
6240
9120
7232
3072
-736
-1328
-1088
-4016
-6848
-5184
-1552
576
1104
720
1088
3424
6560
8864
7424
240
-6432
-5264
688
4960
6832
7200
6928
7216
7104
5424
1760
-4128
-6848
-800
6416
4880
-624
-2016
736
5552
7184
256
-6608
-1840
6288
4752
-688
-352
1248
-1728
-6432
-9136
-7472
-448
6432
6800
1776
-3968
-6736
-4816
576
6128
7168
1136
-6160
-6800
-1872
3200
6688
8272
7312
4800
1728
-1216
-1360
2688
6720
6464
1968
-4352
-7008
-1344
6192
6016
1696
1184
1360
-2976
-6672
-3952
688
1312
-720
-2256
-1280
3104
6752
5040
-304
-5296
-6944
-3616
784
1136
-848
-1232
816
4528
6912
4736
-464
-5040
-7024
-5696
-1744
2896
6592
8048
7184
-1904
-6656
-6208
-3104
-1680
-2528
-4704
-6656
-6576
-3136
3296
7008
2656
-2272
1664
6752
1760
-6272
-6224
-2848
-4480
-6688
-3152
2256
4208
2608
-912
-2480
1184
6624
9152
7440
1648
-2304
1936
6800
2272
-5952
-8800
-7232
-4432
-2480
-4064
-6736
-5488
-2560
-2480
-2352
1584
6576
8752
7264
2720
-1872
-3392
-2592
-1728
-2192
-4544
-6832
-6704
-2944
3696
7088
2048
-6048
-9520
-7280
-1488
2528
-336
-6336
-8848
-7008
-2304
2224
3072
2400
4192
6800
7456
7136
7504
7472
4896
2704
5312
7056
320
-6528
-2080
6288
6544
2896
4000
6848
5536
2832
2928
2800
-1392
-6480
-8096
-7200
-5920
-2976
2496
6800
6112
3120
2528
2496
-752
-2560
2656
6928
608
-6576
-1104
6672
1440
-6400
-1696
6416
4592
-1872
-4176
-2672
624
2592
-208
-2576
1984
6736
3344
-2016
-1072
2384
2720
2368
4192
6688
8496
7392
1536
-2448
2160
7120
2464
-6144
-9456
-7280
-2464
2416
4160
2672
384
-2352
-5712
-6784
-2960
2224
3664
2928
3600
3072
-1664
-6576
-6688
-3168
64
2768
6400
7072
368
-6384
-3616
2192
1056
-2464
-1456
2304
6240
7152
1248
-6208
-6768
-3232
-2528
-2512
880
3088
-1136
-6560
-5952
-2992
-4640
-6688
-2496
2288
288
-2576
1376
6928
6352
3056
3216
2912
-2896
-6992
-1632
6448
7920
3408
-2544
-6720
-6832
-3168
1488
2912
-1216
-6672
-8512
-7280
-4608
-2912
-5248
-7024
-1584
6224
8928
7424
4640
3056
5024
6848
3696
-2144
-6928
-7040
320
6704
1760
-6176
-4832
2048
6800
7072
2096
-2480
800
6848
6640
3184
2864
2592
-2016
-6704
-6176
-2880
-1264
-2192
-4672
-6816
-6544
-2912
3456
7072
2768
-2080
2000
7088
1760
-6576
-6240
-2560
-4368
-6832
-3296
2256
4384
2800
-896
-2576
1184
6800
9328
7504
1664
-2144
2304
7216
2464
-6160
-9216
-7568
-4656
-2592
-4096
-6768
-5536
-2688
-2704
-2544
1536
6624
8944
7568
2976
-1776
-3296
-2416
-1648
-2416
-4720
-6800
-6704
-3056
3712
7232
2128
-6128
-9664
-7344
-1392
2720
-192
-6336
-8992
-7152
-2336
2464
3584
2880
4368
6800
7440
7152
7488
7440
5104
3104
5536
7072
368
-6432
-1984
6416
6784
3216
4128
6800
5728
3232
3184
2880
-1360
-6496
-8048
-7120
-6032
-3200
2544
7088
6320
3120
2592
2720
-704
-2784
2528
7136
896
-6464
-1104
6592
1344
-6432
-1680
6432
4528
-2144
-4560
-2832
832
2944
-144
-2800
1968
6976
3376
-2320
-1200
2688
3136
2672
4496
6960
8576
7424
1728
-2304
2112
7088
2512
-6112
-9488
-7408
-2560
2560
4528
3072
544
-2544
-6064
-6944
-2816
2560
3952
3056
3664
3104
-1728
-6784
-6880
-3248
-16
2640
6496
7280
368
-6416
-3536
2208
976
-2400
-1280
2464
6256
7008
1024
-6368
-6752
-3136
-2560
-2592
848
2848
-1632
-6976
-6000
-2960
-4688
-6720
-2384
2448
320
-2656
1376
7056
6496
3136
3248
3040
-2624
-6784
-1632
6544
8336
3904
-2352
-6800
-6912
-3120
1600
3008
-1168
-6704
-8560
-7280
-4480
-2704
-5088
-6896
-1472
6384
9136
7632
4688
2864
4896
6992
4000
-1872
-6800
-7120
224
6768
1904
-6080
-4736
2192
7024
7280
2112
-2496
928
6976
6688
3392
3312
3088
