-272
-4832
-6176
-5488
-5504
-6064
-5520
-5040
-6064
-4816
1280
4736
32
-4032
-176
3920
960
-4272
-6224
-6464
-6752
-4928
-128
4912
7440
5264
-976
-4512
-592
5728
8064
5184
-912
-3920
272
4256
576
-5424
-6624
-5216
-5424
-6208
-5680
-4896
-4992
-5664
-6144
-4560
256
5552
7616
5296
-112
-5008
-6192
-5232
-5376
-6080
-5456
-5056
-6096
-4736
848
4176
592
-5248
-7728
-5168
944
4480
832
-5376
-7760
-5296
0
4784
6400
6048
5760
5680
5888
6144
5632
4992
5392
6480
6752
4064
-1200
-3792
-528
4400
6608
6464
5616
4944
5008
5632
6128
4560
-560
-5648
-6528
-5600
-5968
-4672
352
5120
6096
5616
6336
4976
-864
-4160
240
3952
-16
-3600
240
3568
-384
-3696
480
4544
1280
-4720
-7520
-5344
1248
5104
240
-4336
352
4912
176
-4832
-1200
4848
6464
5872
5680
6000
6880
5216
-752
-3936
384
4304
832
-5408
-7920
-5616
-384
4784
7280
5568
-96
-5952
-7760
-5104
112
4752
5936
5472
5856
4576
16
-4800
-7312
-5840
80
6208
7744
4288
-1872
-4624
400
4896
160
-5264
-1168
6176
7664
4272
-416
-4544
-5920
-5664
-6320
-4912
800
4368
768
-4768
-6560
-6400
-6880
-4928
1280
4736
192
-4352
-992
4896
6352
5792
6144
4160
-1216
-4160
-832
4800
7248
4960
-160
-5088
-7568
-5456
960
4688
368
-5872
-6864
-5200
-5312
-6416
-6528
-4304
720
5504
6544
5392
5296
6288
6928
5216
0
-5728
-7504
-4208
1696
4016
-624
-4848
-1264
5472
7984
5072
-784
-4048
-576
4896
6352
5664
5776
4224
-528
-5088
-6240
-5376
-5312
-5936
-5568
-5232
-6224
-4736
1536
4928
96
-3952
32
4096
928
-4432
-6304
-6480
-6864
-5040
-176
4864
7376
5232
-1008
-4544
-528
5856
8176
5312
-832
-3952
256
4352
624
-5616
-6896
-5360
-5424
-6208
-5776
-4992
-4976
-5600
-6112
-4480
464
5792
7824
5504
64
-4880
-6096
-5072
-5152
-6000
-5632
-5264
-6160
-4624
1120
4400
576
-5440
-8000
-5456
752
4336
608
-5680
-7984
-5424
-32
4784
6368
6048
5856
5808
5984
6256
5792
5168
5504
6528
6800
4128
-1216
-3872
-544
4496
6720
6512
5584
4928
5104
5808
6288
4576
-640
-5744
-6560
-5600
-5968
-4704
352
5200
6176
5600
6304
4944
-928
-4208
240
3952
-80
-3632
304
3680
-400
-3808
448
4640
1376
-4656
-7440
-5232
1296
4992
80
-4320
528
5072
192
-4880
-1184
4944
6640
6032
5792
6064
6944
5216
-848
-4016
416
4352
800
-5504
-8016
-5648
-368
4832
7328
5584
-64
-5904
-7776
-5184
48
4752
5952
5472
5840
4480
-160
-4912
-7312
-5856
64
6272
7824
4288
-2000
-4832
240
4832
128
-5312
-1232
6176
7824
4480
-416
-4720
-6000
-5632
-6384
-5072
720
4384
768
-4800
-6576
-6448
-6992
-5008
1312
4848
256
-4400
-1056
4896
6368
5728
6064
4112
-1296
-4256
-816
4880
7232
4800
-352
-5216
-7616
-5536
896
4720
432
-5872
-6896
-5232
-5344
-6512
-6752
-4512
720
5648
6672
5408
5168
6192
7040
5472
160
-5760
-7664
-4304
1696
4000
-672
-4832
-1136
5680
8128
5072
-928
-4224
-720
4816
6368
5840
6016
4400
4544
5744
2704
-1536
-3056
-1024
2960
5264
3440
-976
-5232
-6512
-3680
-1584
-4304
-5536
176
5232
2608
-800
2048
5968
5088
2400
1456
1280
544
-1280
-4016
-6128
-6944
-6176
-3360
-1840
-4544
-5728
-432
6144
8016
5568
1296
-752
2192
5216
2768
-1424
-2176
-1872
-3728
-6080
-6976
-6224
-3952
-1760
-1248
-1984
-2512
-944
2832
5296
3536
-1168
-5664
-5840
-288
6000
8224
6720
3616
1840
3520
6368
7408
6496
4208
2272
2208
1568
-1920
-5536
-6544
-6304
-6464
-5168
-1072
1056
-2608
-4976
496
5248
752
-4736
-2448
960
-1712
-4864
-2384
1728
2448
2080
3936
6528
7168
5632
2624
-1424
-5072
-5600
-2080
2016
2896
1488
496
-1392
-5280
-5664
1040
5536
32
-5152
32
5520
880
-5776
-5344
-2192
-1296
-832
256
816
720
-912
-4560
-6656
-4496
-960
832
1904
2944
1808
-1952
-5568
-7216
-6336
-3232
-1824
-4592
-5744
-496
5984
7984
6592
4336
2448
1856
1264
-592
-848
2672
6080
5136
2352
1792
2272
1680
2096
4640
5568
2512
-448
384
912
-2880
-5136
112
6320
5504
1104
-816
-352
944
768
-2928
-4928
16
5344
3392
-1568
-2736
-1264
-160
1744
5056
5792
1840
-1024
2144
6256
5056
1472
32
-1296
-4496
-5664
-2144
1904
2272
2320
5296
5856
96
-5104
-3552
1760
5616
5744
2512
-768
-1040
1376
4496
6736
7344
5488
1232
-848
2736
5472
944
-5776
-7840
-5376
-928
1280
-1840
-5968
-5648
-1328
4048
5360
-528
-5232
-528
6320
6368
1744
-3200
-5840
-4144
-1984
-3856
-5520
-2176
2000
2480
2416
4768
5824
2576
-1808
-3344
-1264
2880
5264
3344
-1168
-5392
-6608
-3760
-1728
-4448
-5568
240
5232
2496
-928
2016
6032
5216
2560
1616
1392
576
-1328
-4112
-6224
-7040
-6304
-3424
-1840
-4528
-5792
-480
6160
8064
5600
1216
-928
2080
5200
2720
-1520
-2272
-1984
-3824
-6064
-6960
-6272
-4096
-1936
-1440
-2208
-2816
-1248
2736
5296
3456
-1296
-5728
-5856
-304
6000
8240
6832
3824
2032
3632
6432
7472
6576
4304
2384
2368
1728
-1872
-5632
-6640
-6336
-6512
-5232
-1056
1152
-2560
-4992
528
5328
752
-4800
-2448
1024
-1712
-4928
-2432
1712
2432
2144
4080
6656
7264
5712
2608
-1536
-5216
-5696
-2096
2128
3024
1536
512
-1392
-5376
-5776
1024
5568
16
-5136
128
5600
832
-5872
-5440
-2336
-1536
-1024
240
976
800
-1104
-4784
-6704
-4464
-944
832
1888
2896
1664
-2128
-5696
-7312
-6448
-3280
-1824
-4640
-5824
-496
6080
8096
6672
4400
2528
1936
1280
-672
-1024
2528
6096
5232
2432
1856
2352
1792
2176
4736
5616
2480
-496
400
912
-2976
-5248
96
6464
5696
1248
-800
-400
1008
880
-2896
-4960
16
5344
3264
-1712
-2736
-1168
-96
1760
5104
5856
1840
-1136
2064
6320
5120
1424
-32
-1312
-4464
-5680
-2112
2032
2432
2416
5360
5904
96
-5120
-3488
1872
5712
5808
2592
-640
-944
1392
4512
6848
7472
5552
1216
-864
2768
5568
1024
-5776
-7920
-5376
-784
1456
-1760
-6016
-5792
-1408
4128
5488
-496
-5280
-544
6416
6448
1712
-3312
-5952
-4160
-1872
-3744
-5504
-2224
1904
2336
2320
2048
6064
5888
3552
2752
3888
5152
5920
6096
3248
-3152
-6128
-1376
2416
-1680
-5280
-736
5392
5872
4496
5696
5904
2032
-2800
-4976
-3296
1152
2976
-1184
-6784
-8784
-6192
-448
2288
-2064
-5584
-704
6432
8128
6240
4800
4368
4976
5760
5024
3760
3712
2624
-1744
-6624
-8432
-6352
-1360
3152
4128
3088
3008
4080
5104
5936
6160
3152
-2992
-5568
-592
6384
9104
6464
608
-2608
912
6656
8720
6400
1472
-2848
-4000
-3904
-4992
-6336
-6928
-7008
-6672
-5872
-4768
-4656
-6016
-4880
1040
4880
816
-5200
-6160
-4560
-4752
-5616
-4880
-3712
-3744
-2656
1968
6816
7680
6448
5680
3152
-2160
-6128
-5600
-3600
-3728
-3072
1104
2784
-2256
-5296
368
4944
-80
-4752
192
4960
80
-5600
-2928
2896
5264
3568
-1088
-3488
384
3008
-2128
-6288
-1808
3184
1024
-3008
-3664
-3600
-4912
-6640
-8000
-6352
-560
2336
-2160
-5600
-848
6480
9120
6720
1856
-2736
-4704
-3456
64
4096
6720
6160
1920
-2656
-3744
-3200
-3728
-2544
1968
6032
6640
4080
-192
-4368
-6832
-5216
1376
5936
1920
-3056
-224
3760
976
-4416
-6784
-5168
208
5584
6000
3808
3648
2992
-912
-2720
1424
6016
5856
4480
5888
5936
832
-2960
48
2912
-1040
-6048
-5760
-3680
-3712
-2192
3056
5568
784
-5712
-7056
-3152
2416
6336
6928
3760
-1392
-3088
1600
7136
8032
6192
4704
4528
5856
5376
-80
-6320
-7968
-6272
-4512
-4256
-5808
-6064
-2000
3856
7152
5264
-1376
-5040
192
6000
3312
-3456
-7120
-5920
-832
2400
-1072
-5968
-5808
-3696
-3568
-2400
2208
6224
5952
3504
2688
3856
5232
6064
6144
3120
-3408
-6352
-1472
2384
-1776
-5408
-704
5536
5952
4528
5776
6016
2112
-2752
-5008
-3328
1200
2992
-1312
-6960
-8912
-6368
-576
2336
-2000
-5616
-704
6544
8272
6336
4784
4384
5040
5824
5008
3680
3600
2448
-1968
-6832
-8624
-6592
-1696
2864
3984
2928
2736
3888
5184
6128
6160
2928
-3296
-5776
-592
6528
9344
6752
832
-2464
1088
6928
9008
6672
1664
-2784
-3968
-3840
-5008
-6464
-7072
-7136
-6816
-6000
-4816
-4624
-6000
-4928
1120
5040
816
-5344
-6224
-4496
-4752
-5712
-4944
-3728
-3712
-2560
2160
6992
7840
6592
5696
2992
-2400
-6304
-5680
-3648
-3760
-3072
1168
2848
-2288
-5344
368
4960
-48
-4688
272
4992
32
-5664
-2976
2880
5232
3488
-1152
-3488
448
3008
-2256
-6432
-1840
3200
992
-3168
-3904
-3808
-5040
-6688
-8016
-6336
-496
2416
-2112
-5616
-880
6512
9184
6736
1776
-2912
-4960
-3664
112
4352
6848
6080
1776
-2816
-3920
-3360
-3904
-2704
1904
6048
6704
4192
-160
-4432
-6864
-5168
1472
6016
1904
-3104
-192
3840
1072
-4384
-6832
-5232
288
5760
6064
3776
3760
3200
-848
-2784
1440
6112
5872
4464
5952
6064
864
-3056
-16
2928
-1008
-6080
-5856
-3792
-3856
-2336
2944
5488
720
-5728
-7056
-3200
2336
6288
6928
3872
-1312
-3152
1504
7120
8080
6224
4736
4656
6000
5424
-112
-6400
-8048
-6304
-4528
-4368
-5968
-6192
-2032
3952
7280
5296
-1376
-5008
224
5968
3152
-3728
-7328
-5920
-688
2624
-880
-5920
-5984
-4048
-3984
-2736
1888
5520
5472
3600
3072
4064
4912
5376
5600
3040
-2896
-5408
-800
2416
-1568
-4624
-384
4928
5456
4608
5568
5168
1248
-3184
-5072
-3248
1200
2960
-1104
-6400
-8096
-5376
48
2304
-1920
-4928
-288
6016
7280
5568
4576
4480
4832
5184
4608
3888
3920
2576
-1696
-6224
-7760
-5552
-752
3392
4208
3232
3248
4208
4848
5376
5680
2992
-2672
-4864
-208
5968
8208
5536
16
-2688
864
6208
7936
5536
816
-3168
-4208
-4080
-4864
-5792
-6272
-6448
-6080
-5248
-4560
-4880
-5840
-4096
1312
4160
320
-4784
-5792
-4736
-4704
-5056
-4512
-3904
-3984
-2640
1904
6320
6928
5808
5264
3024
-1936
-5600
-5264
-3760
-4032
-3088
1184
2720
-2016
-4576
576
4208
-464
-4080
576
4256
-416
-5008
-2112
3232
5328
3456
-1296
-3520
464
2976
-1952
-5584
-1120
3264
736
-3280
-3952
-3840
-4832
-6176
-7296
-5520
-64
2304
-2032
-4928
-416
6080
8256
5888
1200
-3120
-4864
-3488
272
4400
6512
5328
1088
-3008
-3904
-3456
-3888
-2544
1760
5520
6256
3984
-400
-4688
-6592
-4400
1712
5232
1056
-3216
16
3808
704
-4720
-6544
-4400
576
5104
5472
3888
3920
2944
-1072
-2784
1168
5440
5504
4608
5760
5120
48
-3056
240
2912
-928
-5568
-5424
-3856
-3952
-2176
2784
4816
384
-5312
-6512
-3056
2064
5808
6512
3600
-1424
-3104
1408
6592
7248
5504
4480
4720
5664
4560
-576
-5920
-7136
-5616
-4368
-4528
-5776
-5360
-1168
4208
6736
4336
-1728
-4384
656
5392
2352
-3904
-6864
-5136
-224
2432
-1056
-5520
-5472
-3872
-3808
-2400
2016
5664
5504
3552
3024
4032
4960
5472
5648
2928
-3120
-5600
-880
2368
-1664
-4752
-384
5024
5520
4656
5648
5216
1296
-3120
-5104
-3280
1280
2976
-1200
-6544
-8224
-5520
-32
2352
-1856
-4912
-256
6112
7360
5584
4560
4528
4928
5184
4560
3792
3808
2432
-1888
-6416
-7952
-5808
-1088
3120
4032
3040
2992
4096
4960
5520
5600
2720
-2976
-5024
-176
6128
8416
5776
192
-2576
1024
6464
8224
5792
976
-3104
-4176
-4064
-4928
-5952
-6400
-6528
-6176
-5392
-4640
-4864
-5856
-4144
1392
4320
304
-4944
-5808
-4656
-4720
-5136
-4544
-3888
-3952
-2592
2032
6448
7040
5904
5264
2848
-2144
-5776
-5344
-3792
-4064
-3088
1232
2752
-2048
-4608
576
4192
-480
-4032
640
4272
-480
-5104
-2160
3216
5264
3360
-1376
-3520
496
2944
-2080
-5696
-1120
3296
672
-3472
-4176
-4016
-4928
-6224
-7312
-5488
16
2384
-2000
-4944
-432
6112
8304
5840
1072
-3280
-5104
-3680
336
4608
6608
5264
992
-3136
-4016
-3520
-3984
-2672
1696
5504
6272
4064
-368
-4736
-6640
-4352
1808
5296
1056
-3232
64
3872
752
-4704
-6608
-4448
624
5216
5520
3872
4016
3136
-1024
-2816
1216
5552
5552
4576
5824
5232
96
-3152
144
2912
-864
-5584
-5520
-3968
-4048
-2288
2672
4736
336
-5328
-6512
-3072
2016
5760
6528
3712
-1328
-3152
1344
6608
7296
5520
4512
4816
5776
4592
-624
-5984
-7184
-5600
-4352
-4576
-5840
-5440
-1184
4304
6848
4368
-1712
-4288
704
5328
2176
-4160
-7008
-5104
-80
2640
-864
-5440
-5600
-4176
-4176
-2704
