-6208
-5120
32
5584
7568
4784
-1248
-4512
-1024
4384
6576
6416
5296
4688
6160
5360
-992
-4816
192
4912
784
-5760
-7184
-6304
-6416
-4688
160
4624
5936
5248
5152
5792
5376
4992
6208
5456
144
-5568
-7488
-4688
1552
4656
-48
-4544
-720
5520
6688
5280
5056
5280
5424
5760
5760
5472
5392
5904
6704
4752
-1072
-4528
-1168
4592
7424
5616
-96
-5472
-7072
-6496
-5760
-5232
-5392
-5792
-5952
-6160
-6080
-6144
-6880
-5568
-352
4736
5856
5328
5904
4272
-1872
-5232
32
4704
-208
-5184
-496
4112
-624
-5072
-560
4048
240
-5840
-7008
-5552
-5184
-5872
-6320
-4592
16
4896
6912
4752
-800
-6256
-7760
-4800
128
4592
7296
5488
-1584
-5600
0
5136
0
-5632
-1312
5648
6880
5968
6320
4128
-1408
-4144
-800
4096
6192
6496
6368
4112
-784
-5744
-7920
-5776
-288
4496
6160
5968
5168
4992
6208
5440
48
-5328
-6592
-6064
-6016
-6400
-6912
-4800
1280
4800
528
-5840
-7424
-6128
-6000
-6368
-5792
-5632
-6528
-4864
976
3984
-912
-4944
-128
4912
832
-6384
-8096
-4288
1424
3648
-992
-4768
-32
4528
32
-4864
-1072
5696
7584
4496
-512
-5200
-7520
-5088
1504
5184
736
-6224
-8000
-4688
160
4608
6880
4928
-896
-6160
-6768
-5680
-6736
-5616
576
4368
528
-5536
-7792
-4896
1104
4192
544
-4896
-6480
-6016
-6416
-4592
1600
4880
-336
-5312
-1568
5120
7312
4304
-1984
-5456
-1152
5648
8080
5120
-1568
-5168
-64
5088
1024
-6160
-8304
-5632
64
5488
6448
5264
5792
4736
-880
-6224
-6864
-5872
-6368
-5056
272
5840
7856
5088
-1072
-4400
-816
4576
6624
6416
5408
4912
6272
5280
-1104
-4720
448
5120
880
-5792
-7312
-6496
-6592
-4800
128
4704
6048
5296
5200
5904
5472
5024
6224
5456
160
-5488
-7376
-4608
1696
4896
160
-4432
-608
5632
6800
5392
5072
5152
5312
5744
5856
5680
5616
6096
7024
5120
-848
-4432
-1024
4704
7360
5520
-48
-5344
-6944
-6464
-5936
-5456
-5392
-5664
-5888
-6192
-6160
-6224
-7024
-5760
-464
4736
5888
5328
5872
4256
-1936
-5376
-48
4704
-240
-5248
-512
4096
-736
-5184
-496
4160
224
-5920
-7072
-5632
-5312
-6000
-6464
-4704
48
5088
7120
4864
-816
-6400
-7920
-4848
144
4624
7392
5616
-1552
-5616
16
5088
-128
-5664
-1232
5728
6960
6160
6624
4368
-1456
-4368
-848
4288
6352
6528
6400
4160
-784
-5792
-7952
-5712
-128
4656
6288
6080
5232
4992
6256
5520
80
-5408
-6720
-6160
-6096
-6496
-7024
-4848
1360
4992
672
-5824
-7488
-6224
-6096
-6464
-5888
-5712
-6560
-4832
1072
4048
-944
-5008
-80
5024
912
-6432
-8272
-4448
1424
3712
-1040
-4912
-144
4496
48
-4752
-832
5936
7632
4416
-592
-5232
-7584
-5184
1504
5360
928
-6224
-8096
-4704
208
4624
6848
4928
-944
-6304
-6960
-5760
-6736
-5632
544
4336
448
-5632
-7808
-4896
1072
4128
496
-4896
-6528
-6128
-6528
-4656
1648
5024
-208
-5296
-1664
5040
7312
4272
-2128
-5648
-1344
5552
8160
5248
-1584
-5264
-96
5152
1008
-6336
-8464
-5632
160
5616
6528
5200
5712
4768
-800
-6192
-6816
-5808
2512
-1216
-4400
-6208
-6976
-6176
-3280
-1584
-3824
-5296
-1968
720
-1936
-4704
-2848
496
1328
-832
-4464
-6560
-4944
-1056
2704
5888
7824
5712
-656
-5104
-3056
1664
3456
1344
-2688
-4784
-2528
720
592
-1312
-1536
-1760
-4496
-6272
-3840
-1456
-3232
-6288
-7024
-5408
-2048
1600
3104
1456
-2272
-5648
-6560
-6112
-6512
-6160
-3296
-1616
-3792
-5376
-2672
608
672
-1216
-2448
-1072
2848
5232
2944
-1280
-2992
-1248
2368
5744
7296
6512
4096
1936
1680
2096
1472
1728
4592
6672
4608
944
-496
-432
-400
1200
4928
6656
4064
1712
3440
6368
7136
5488
1872
-1440
-1952
-2032
-4192
-5376
-2752
1536
4608
6512
7616
5504
-576
-4864
-3008
544
896
-176
-112
288
-32
-176
656
736
-1792
-5616
-7856
-5536
1344
5312
640
-4752
-2480
736
-2352
-5024
-624
5680
7792
6464
4000
2256
2224
1280
-2480
-4816
-2480
720
768
-1376
-2768
-1504
2080
5888
7952
5936
-512
-6080
-5584
-1200
2992
5744
6624
6448
6416
5552
2832
-1264
-5552
-5840
368
6320
5392
1024
-1424
-528
3440
5120
-368
-5184
-528
6192
5296
1152
-96
-1008
-3728
-6368
-7536
-5328
672
5216
3824
-1136
-5264
-6640
-5040
-912
4032
5216
192
-4960
-3728
1280
4880
6656
7056
5328
2096
-608
-1072
1360
4864
5904
3280
-1456
-5808
-5680
352
5344
3104
-1536
-2144
-1760
-4432
-6496
-4304
-848
928
1552
1536
2048
4576
6640
5216
1296
-3232
-5984
-4512
-880
992
640
-656
-768
2400
5968
5456
1312
-3088
-4992
-2976
1344
4848
6576
6832
5424
2400
-1392
-4544
-6240
-6944
-6192
-3376
-1808
-4064
-5344
-1808
832
-1984
-4768
-2768
656
1360
-992
-4656
-6704
-5072
-1120
2752
5936
7856
5712
-672
-5168
-3024
1792
3552
1376
-2672
-4848
-2576
768
576
-1504
-1760
-1888
-4560
-6384
-4032
-1600
-3280
-6272
-7072
-5408
-1904
1824
3264
1552
-2224
-5680
-6592
-6064
-6480
-6272
-3504
-1792
-3904
-5312
-2416
832
656
-1440
-2736
-1264
2832
5216
2768
-1488
-3120
-1312
2352
5792
7360
6576
4160
1984
1712
2144
1568
1840
4704
6784
4672
976
-512
-480
-416
1280
5072
6752
4032
1648
3504
6528
7296
5584
1888
-1440
-1920
-2016
-4240
-5504
-2864
1536
4704
6592
7664
5520
-592
-4912
-3040
496
864
-176
-64
384
32
-240
608
768
-1760
-5664
-7936
-5552
1424
5344
528
-4864
-2432
848
-2352
-5088
-624
5792
7936
6512
3968
2208
2192
1232
-2576
-4880
-2480
736
752
-1440
-2832
-1520
2112
5952
8016
5984
-544
-6144
-5648
-1216
2992
5760
6656
6480
6464
5552
2736
-1360
-5632
-5904
368
6400
5440
976
-1568
-688
3392
5168
-384
-5232
-528
6240
5424
1296
-96
-1168
-3888
-6432
-7584
-5392
656
5264
3856
-1152
-5344
-6768
-5184
-944
4096
5280
208
-4992
-3728
1312
4896
6640
7088
5344
2032
-672
-1040
1440
4896
5840
3120
-1552
-5824
-5712
320
5376
3168
-1472
-2128
-1776
-4480
-6624
-4528
-976
976
1696
1632
2080
4576
6672
5376
1504
-3152
-6048
-4592
-912
976
592
-672
-640
2560
6128
5520
1264
-3200
-5088
-3040
1312
4864
6672
6976
5504
5776
3360
-1856
-6720
-8512
-6128
-416
2704
-864
-5552
-5760
-4368
-4608
-5472
-5840
-3680
1472
3248
-2080
-6384
-2656
3744
6352
7072
8032
5952
-320
-5616
-5776
-3184
-2336
-3664
-5008
-5712
-5744
-3664
384
3744
4944
2768
-2944
-5968
-1520
2720
-880
-6704
-7856
-6224
-4704
-3344
-2816
-3648
-5072
-6320
-6752
-6944
-7664
-6048
-496
2768
-704
-5744
-6688
-3776
576
3632
4128
4240
5408
6160
5376
3872
3248
4064
5440
6880
8112
6768
1808
-2896
-3840
-3264
-3872
-2528
3200
6448
1616
-3184
80
3744
48
-2768
2368
6416
1952
-2416
1200
6976
8128
6448
4784
3904
3968
2672
-1680
-5936
-6480
-3072
2432
7312
8880
5888
-192
-5424
-6768
-3808
1728
4080
-176
-3616
192
4112
1120
-3888
-5712
-6624
-7856
-5376
1552
5376
992
-5088
-5808
-4528
-5552
-5088
272
6624
9184
6960
1792
-2496
-3648
-3744
-4736
-5744
-5712
-3648
448
3456
3744
3856
5248
7120
8464
6128
-1088
-6032
-2720
3728
6608
6896
7232
7392
6976
6608
6160
3120
-3056
-5456
752
6240
2368
-3056
-1040
4464
7280
5344
-1072
-4864
416
6048
2224
-2768
112
3248
-832
-6912
-8752
-5616
592
6112
7392
3520
-3184
-6512
-2528
4272
7552
5664
64
-5520
-6816
-3184
2768
7344
7952
6544
6016
3888
-1056
-2848
1552
6608
7248
3184
-3136
-5488
-320
5920
6304
3984
3920
2672
-3008
-6240
-1488
3536
1392
-3344
-4912
-2384
3360
6768
3024
-3584
-7216
-6112
-576
3424
368
-3424
-816
4368
7104
6544
2128
-3536
-5968
-5952
-5648
-3040
2656
7312
7824
6640
5936
3424
-1952
-6896
-8672
-6256
-464
2672
-1024
-5760
-5808
-4304
-4656
-5632
-5904
-3584
1568
3232
-2208
-6512
-2672
3856
6512
7232
8144
6032
-288
-5696
-5888
-3264
-2368
-3712
-5056
-5760
-5840
-3776
320
3792
4992
2752
-3072
-6160
-1648
2736
-832
-6784
-8032
-6352
-4656
-3120
-2512
-3456
-5136
-6544
-6928
-7072
-7904
-6368
-768
2576
-912
-5872
-6608
-3696
464
3440
3984
4176
5488
6288
5312
3632
2960
3904
5440
7008
8288
6992
2016
-2784
-3792
-3216
-3872
-2512
3328
6640
1744
-3152
96
3744
48
-2640
2656
6656
2000
-2416
1344
7184
8320
6608
4896
3952
4016
2720
-1744
-6128
-6592
-3024
2576
7472
8992
5920
-224
-5488
-6896
-3920
1776
4192
-224
-3728
256
4208
1072
-4016
-5792
-6752
-8064
-5520
1584
5472
960
-5232
-5920
-4544
-5616
-5184
240
6656
9232
6960
1664
-2736
-3968
-4016
-4848
-5776
-5856
-3824
448
3664
3984
4048
5392
7216
8480
6080
-1120
-6032
-2608
3936
6768
6928
7248
7424
6992
6608
6224
3200
-3088
-5504
816
6320
2256
-3280
-1120
4624
7488
5472
-1104
-4928
464
6160
2256
-2832
48
3152
-960
-7040
-8768
-5568
640
6144
7392
3424
-3376
-6736
-2688
4240
7616
5696
0
-5568
-6800
-3216
2688
7344
8000
6544
6096
4112
-928
-2880
1520
6624
7344
3280
-3120
-5536
-336
5936
6400
4176
4096
2768
-3024
-6336
-1472
3696
1520
-3328
-4960
-2432
3392
6816
2976
-3696
-7328
-6176
-480
3568
272
-3680
-864
4576
7280
6560
2032
-3680
-6096
-5936
-5664
-3248
2416
7200
7808
6624
5472
3216
-1808
-6448
-7968
-5456
0
2656
-928
-5232
-5520
-4464
-4528
-5088
-5536
-3552
1520
3152
-2048
-5888
-1968
4016
6160
6688
7424
5216
-608
-5264
-5376
-3216
-2624
-3840
-4848
-5296
-5440
-3568
480
3952
5008
2592
-2928
-5440
-992
2720
-992
-6416
-7296
-5712
-4448
-3408
-3056
-3808
-4992
-5952
-6272
-6544
-7184
-5344
-16
2768
-736
-5440
-6368
-3648
672
3792
4352
4384
5216
5664
5008
3888
3456
4192
5296
6480
7552
6128
1280
-3088
-3856
-3344
-3920
-2368
3136
5840
992
-3200
368
3712
-112
-2704
2320
5888
1424
-2448
1280
6656
7552
5920
4544
4000
4080
2560
-1696
-5632
-6096
-2912
2368
6992
8240
5152
-512
-5136
-6416
-3648
1792
4016
-384
-3648
368
4096
816
-4128
-5616
-6256
-7248
-4656
1760
4784
544
-4752
-5456
-4656
-5472
-4464
704
6368
8512
6224
1248
-2704
-3760
-3904
-4608
-5296
-5392
-3552
544
3616
3936
3968
5152
6752
7840
5376
-1408
-5568
-1984
4032
6400
6432
6736
6944
6512
6160
5792
2880
-2928
-4816
1104
5712
1648
-3152
-688
4752
7040
4608
-1408
-4304
848
5504
1520
-2816
336
3216
-880
-6656
-8128
-4880
896
5792
6896
3248
-3072
-5984
-1856
4592
7216
4944
-352
-5264
-6352
-3008
2640
6976
7392
6048
5728
3728
-1088
-2768
1504
6272
6848
2928
-2944
-4896
16
5584
5888
4064
4032
2496
-2976
-5648
-864
3600
1088
-3584
-4912
-2208
3312
6208
2320
-3904
-6944
-5408
16
3424
48
-3504
-576
4608
6944
5888
1408
-3808
-5744
-5504
-5280
-2912
2544
6928
7280
6144
5600
3248
-1920
-6608
-8144
-5568
-32
2624
-1056
-5408
-5552
-4416
-4592
-5200
-5536
-3440
1600
3120
-2160
-6000
-2000
4112
6320
6832
7520
5296
-576
-5328
-5472
-3264
-2624
-3856
-4848
-5296
-5488
-3664
432
3968
5024
2560
-3024
-5584
-1104
2736
-944
-6464
-7424
-5808
-4384
-3152
-2752
-3616
-4992
-6112
-6432
-6656
-7408
-5680
-288
2576
-944
-5552
-6256
-3568
576
3568
4144
4304
5312
5776
4944
3664
3200
4048
5328
6592
7664
6288
1456
-2992
-3840
-3360
-3936
-2320
3280
6048
1136
-3168
368
3728
-96
-2592
2576
6064
1424
-2448
1424
6848
7712
6048
4608
3984
4080
2592
-1744
-5776
-6192
-2848
2512
7152
8336
5168
-528
-5168
-6480
-3744
1824
4096
-432
-3712
464
4208
768
-4256
-5696
-6352
-7424
-4784
1776
4848
496
-4928
-5568
-4688
-5520
-4544
672
6400
8544
6208
1136
-2928
-4048
-4144
-4704
-5312
-5520
-3728
528
3792
4176
4160
5280
6816
7808
5296
-1424
-5488
-1840
4208
6528
6464
6752
6960
6496
6128
5856
2944
-2960
-4864
1152
5776
1552
-3344
-752
4880
7216
4688
-1440
-4336
912
5616
1520
-2880
256
3136
-1008
-6768
-8144
-4832
944
5824
6880
3136
-3248
-6192
-2016
4560
7280
4944
-416
-5280
-6336
-3056
2576
6992
7424
6048
5824
3936
-992
-2832
1456
6288
6912
3024
-2944
-4928
16
5584
5952
4224
4224
2608
-2992
-5744
-864
3728
1184
-3568
-4960
-2256
3328
6256
2288
-4016
-7088
-5488
112
3552
-32
-3712
-576
4832
7104
5904
1344
-3936
-5824
-5456
-5264
-3072
2352
6832
7216
6112
