1152
-16
-544
32
32
-1088
-1664
-1088
-464
-80
816
2048
1968
160
-624
1168
2560
896
-1440
-1488
-336
-80
-64
832
1968
2368
1760
496
-64
848
2144
2528
1648
304
320
1648
1584
-192
-672
464
640
-352
-800
-448
-16
-48
-912
-1488
-304
1792
2880
2496
1104
-416
-832
-144
528
688
112
-1040
-1552
-736
768
1808
1216
-560
-1536
-896
576
1824
1696
0
-1632
-1728
-352
1248
1856
1376
1024
1616
2496
2784
2560
2608
2912
2496
1904
2192
2176
816
32
880
1744
1536
928
896
1552
2160
2368
2160
1072
-288
-816
-784
-800
-656
128
1488
2224
1664
1392
2048
1584
-64
-64
1584
1632
-48
64
2048
2288
544
48
1184
1200
-496
-1632
-1088
336
1904
2144
624
80
1152
992
-64
512
1808
2080
1872
1872
2080
2448
2352
1056
-512
-320
1520
2384
1104
-720
-1296
-96
1952
3008
2176
720
-64
-848
-1696
-784
1536
2736
2512
2496
2720
1984
448
-272
288
896
1072
1440
1856
1536
592
256
944
1104
176
-208
704
2016
2656
2032
768
480
928
192
-1008
-32
2224
2272
208
-592
256
-48
-1584
-1104
1536
2592
1184
400
1216
1792
1792
2288
2448
848
-848
-208
1776
2848
2432
1136
-272
-992
-672
240
992
1008
304
-656
-1296
-1168
-288
544
496
272
1008
2000
2368
2416
2176
1792
1760
1520
544
-720
-1472
-336
2192
2704
544
-784
-48
1248
1920
1200
-32
160
1312
1760
1632
1584
1616
1232
240
-352
-224
-384
-816
-832
-800
-880
-624
416
1936
1936
64
-224
1872
2320
416
-128
864
624
-640
-848
416
2272
3056
1680
16
272
1408
1760
2000
2320
1456
320
784
1360
208
-784
-336
48
-336
-928
-1136
-688
-288
-432
-416
96
1040
2160
2144
768
-256
-176
144
128
-192
-384
-128
-144
-768
-320
1536
2128
624
-656
-1040
-704
832
1888
864
-640
-912
208
2000
2688
1984
1568
1984
2304
2416
2880
3248
2512
1376
1488
2240
1856
608
448
1920
3120
2576
1568
1664
2144
2128
2160
2304
1392
-384
-1296
-896
-256
256
1008
1904
2352
2176
2064
2160
1360
-208
-464
1088
1696
160
-464
1344
2256
768
256
1440
1120
-704
-1232
-64
1600
2624
1792
192
528
2128
2016
672
672
1824
2368
2240
2032
1824
1856
2096
1504
240
256
1840
2128
64
-1504
-1008
96
816
1472
1856
1504
656
48
80
624
1584
2352
2080
1536
1648
1296
-336
-1744
-1296
272
1488
2224
2400
1248
-80
160
992
656
-224
-112
1152
2304
2384
1632
544
-512
-1008
-1088
-1024
48
1648
1600
48
-560
96
352
176
768
1632
1120
-272
-224
1584
2656
1920
1440
2048
1920
720
320
1344
2688
2992
1712
-256
-1312
-672
1024
2256
1536
-768
-2256
-1520
-192
-16
-384
-512
-336
384
1472
1968
1824
1632
1808
2208
1760
192
-880
-736
240
1936
2704
1040
-480
256
1568
1840
1264
480
592
1488
1808
1680
1824
1824
-176
480
432
-432
-1504
-2160
-1504
-336
-336
-1216
-2048
-2480
-2032
-1296
-1344
-1664
-1120
80
496
-480
-1136
-544
-64
48
512
624
64
-640
-1648
-2736
-3392
-3472
-2624
-1584
-1840
-2352
-1472
-112
592
560
-400
-1472
-768
944
1040
-672
-2176
-2496
-2272
-2144
-2080
-1728
-1296
-1584
-2528
-2816
-2096
-1392
-848
-256
-240
-736
-1440
-2384
-2176
-400
800
816
896
832
272
112
624
1104
880
80
-544
-768
-1120
-1920
-2720
-2480
-1696
-1904
-1984
-928
-992
-2336
-1872
208
496
-1216
-1968
-992
-880
-2304
-2336
-432
528
-256
-992
-768
128
912
608
-768
-2112
-2608
-2288
-1360
-96
480
-64
-1120
-2080
-2480
-1536
160
432
-896
-1072
464
736
-1152
-2352
-1920
-1696
-2192
-2080
-848
-32
-1056
-2672
-2992
-2624
-2464
-1760
-496
368
448
-432
-1952
-2784
-2480
-1872
-1568
-1632
-1616
-1216
-432
496
768
0
-592
-192
208
-480
-1680
-1424
256
768
-240
-656
-352
-368
-512
-672
-464
208
-32
-848
-560
-832
-2576
-2928
-1024
656
960
64
-1168
-1232
-560
-1184
-2704
-2272
32
656
-928
-1776
-1728
-1856
-1344
-80
736
400
-864
-1440
-672
128
400
208
-800
-1616
-1664
-1856
-1456
-192
352
624
1520
1008
-1232
-2288
-1264
112
784
144
-1696
-2400
-704
768
224
-272
368
240
-944
-848
784
1184
-560
-2176
-2416
-1360
496
944
-688
-2000
-2208
-1760
-304
272
-1200
-1776
-384
256
-544
-1520
-1984
-1632
-1168
-1744
-2256
-1376
-256
-128
-208
304
656
80
-1136
-2288
-2704
-1792
-32
400
-1136
-2336
-2272
-2080
-1840
-1872
-2448
-1616
560
720
-1152
-1808
-976
-560
-448
32
32
-896
-1920
-2576
-2928
-2832
-2480
-2016
-1664
-1984
-2256
-1600
-704
208
992
48
-1744
-1600
-416
-496
-1280
-1776
-2096
-2032
-1600
-1776
-2560
-2800
-2384
-1984
-1664
-1648
-2128
-1840
-96
944
-384
-2304
-2832
-1712
272
1504
1008
48
-160
-80
16
432
912
976
512
32
64
-160
-1472
-2496
-2272
-2192
-2704
-2288
-880
-368
-1104
-1184
96
528
-912
-1456
-224
-224
-1904
-2176
-912
-496
-688
64
864
832
928
832
-688
-2368
-2560
-1728
-416
768
480
-640
-992
-1168
-1808
-1680
-816
-960
-1856
-1216
464
272
-1424
-1632
-848
-1488
-2656
-2064
-352
224
-752
-1776
-2032
-1984
-1744
-896
208
736
192
-1168
-2272
-2480
-2208
-1648
-1248
-1824
-2720
-2368
-832
96
-80
112
832
800
176
-576
-1696
-1760
-32
1120
864
640
624
352
-16
-128
256
240
-672
-848
-384
-1472
-2848
-1712
544
1472
1216
128
-1584
-1936
-656
-512
-1936
-1840
-64
288
-848
-1328
-1328
-1504
-1088
-48
416
-624
-2112
-1888
-144
816
480
-304
-1168
-1728
-1952
-1920
-1056
-16
-240
-416
736
800
-1360
-2368
-880
288
304
16
-976
-1808
-1008
144
288
144
112
-496
-1728
-2160
-1072
-528
-1792
-2912
-2752
-1760
-400
-96
-1296
-2272
-2400
-1840
-432
-144
-1808
-2272
-352
864
224
-624
-1072
-1728
-2320
-2368
-2048
-1472
-624
-16
240
592
1536
1232
144
-560
-496
320
1984
2976
1600
-592
-1264
-544
256
-32
-1152
-928
1104
1840
240
-496
880
1760
880
-448
-1024
-560
224
16
-1088
-2160
-2480
-1376
-32
-608
-1840
-1280
320
1344
1648
1072
-112
-272
1040
1840
1152
480
176
-768
-1744
-1968
-1776
-1152
-304
-80
-432
-736
-512
416
1248
1312
672
-768
-2112
-1600
256
1280
944
112
-288
256
1168
1520
1088
144
-576
-560
-160
-352
-1376
-2080
-1920
-2144
-2512
-1328
0
-880
-2192
-1456
112
288
-736
-1040
-384
-576
-1392
-1024
-240
-512
-608
576
2080
2592
2080
1296
480
-384
-848
-896
-976
-928
-688
-352
-80
-688
-1664
-976
880
1152
-592
-1408
96
992
-672
-2032
-992
288
32
-960
-1104
-240
48
-1072
-2000
-1328
-112
256
32
-32
-336
-1280
-2080
-2128
-1872
-1472
-672
-336
-1104
-1216
528
2160
1984
576
-928
-1440
-672
-240
-496
192
1392
1232
208
-368
-624
-1088
-1328
-432
1056
1264
384
272
544
-160
-1120
-496
1264
1616
240
-416
32
16
-448
-944
-1680
-1424
272
1360
928
288
-64
-432
-400
352
1264
1264
368
96
768
720
-320
-784
-336
-240
-928
-1360
-992
-752
-672
272
1184
240
-1488
-1536
-352
384
768
1120
768
16
-272
-256
16
1024
2064
1664
224
16
960
736
-864
-2240
-2624
-1568
16
-272
-1632
-1472
-576
144
1408
1216
-1216
-1616
896
1872
512
-768
-1536
-1504
-512
-544
-1984
-2160
-896
-528
-800
128
1744
2208
1328
320
96
512
944
912
208
-864
-1696
-1472
-480
-560
-1776
-1536
480
1504
1008
864
1440
1424
432
-464
-544
-128
112
-400
-1600
-2400
-2080
-944
256
304
-720
-816
496
1712
2208
1664
128
-464
608
1168
544
480
592
-560
-1920
-2128
-1728
-1088
-448
-400
-304
224
384
480
1216
1568
704
-736
-1856
-1664
-80
1312
1616
1168
224
-176
928
2288
2352
1376
160
-592
-624
-944
-1968
-2480
-2016
-1520
-1392
-1072
-720
-1184
-1952
-1344
176
240
-1344
-2064
-1040
-432
-1264
-1968
-1776
-1088
-176
272
480
1280
1664
1184
752
-208
-1664
-1712
-784
-640
-640
144
704
-304
-1808
-1072
1072
560
-1744
-1408
608
560
-624
-656
-304
-400
-320
-208
-400
16
880
528
-768
-1056
-256
64
-640
-1248
-1056
-752
-976
-1520
-1824
-1296
-480
-656
-1184
-512
928
1776
1504
400
-560
-864
-896
-928
-672
112
976
880
-320
-1120
-544
192
0
-176
848
1952
1616
576
-48
-976
-2192
-1728
688
2000
784
-304
64
112
-656
-1296
-1680
-1200
304
1088
704
192
-272
-576
-592
-400
368
896
528
688
1648
1408
64
-432
-224
-816
-2016
-2128
-976
-64
16
192
704
368
-1168
-2176
-1424
208
1520
1648
624
-112
160
464
704
1664
2192
864
-576
192
1632
1008
-1088
-2336
-2000
-688
416
-112
-1648
-1744
-352
624
912
304
-1232
-1232
688
1456
496
-688
-1840
-2192
-1088
-192
-672
-1248
-832
-16
368
976
960
624
-320
-1328
-1376
-112
1056
624
-640
-1200
-928
-528
-464
-1312
-2032
-720
1488
1472
-240
-384
1328
2272
1664
1296
1376
400
-1072
-1216
-688
-992
-1504
-1264
-768
-784
-1264
-864
1008
2512
1968
304
-816
-256
1376
1760
624
-48
-320
-976
-1392
-1424
-1264
-704
-288
-384
-336
-64
256
768
1376
1712
1072
-608
-1504
-256
1408
1600
832
368
896
1664
1296
832
1680
2160
1232
640
752
256
-880
-1648
-1664
-1376
-1296
-432
1152
1200
32
368
1472
784
-560
-400
368
-80
-1200
-1120
192
1248
1536
1264
1200
2096
2672
1504
224
-144
-560
-336
1104
1856
1280
800
512
-496
-1392
-256
1936
1888
-272
-960
384
976
128
-208
320
160
-480
0
1312
1424
-96
-1568
-1792
-1552
-1280
-384
848
1664
1408
-144
-1616
-1888
-1776
-1792
-1680
-1776
-1856
-1168
80
1232
1744
1216
384
496
1120
832
160
512
1312
1232
560
368
720
912
1024
1648
1888
704
-528
-128
928
464
-1120
-944
1216
2368
1616
656
96
0
560
496
-608
-704
896
2032
1168
-704
-1712
-976
576
1872
2544
1776
-64
-400
1296
2080
864
-304
-544
-800
-1328
-1168
96
1168
1264
1696
2400
1424
-544
-1136
-256
1104
2048
1488
288
288
864
832
1040
1920
2144
864
-656
-320
1264
1312
-48
-848
-1328
-1312
0
848
-224
-1424
-1488
-352
1376
1472
-368
-800
976
2016
1088
-208
-528
-32
16
-1008
-1760
-800
736
1008
816
1728
2640
2016
528
-624
-816
0
1072
1328
528
-624
-1184
-960
-880
-1648
-2336
-1088
1424
1760
80
112
1696
1744
928
1136
1408
1072
640
-144
-1168
-1584
-1648
-1360
-384
-128
-976
-624
1184
2448
2704
1760
32
-128
1280
1376
-224
-1312
-1008
-704
-1312
-1632
-944
-448
-432
-288
-368
-752
-672
192
1056
1024
64
-1200
-1728
-704
848
1472
1536
1408
656
288
1264
2064
1792
1472
1520
1568
1536
720
-1200
-2176
-1248
-784
-1552
-1008
544
160
-1424
-1056
720
864
-656
-1136
-272
-192
-848
-528
224
304
528
1040
896
848
1632
1840
704
-528
-976
-704
96
832
848
528
416
-48
-800
-160
1552
1488
-112
16
1648
1776
400
-672
-960
-672
-224
48
416
528
-224
-960
-848
-448
-416
-224
784
1744
1408
304
-656
-1264
-1200
-544
-224
-880
-1600
-848
1168
2352
2144
1680
1344
1104
1216
1056
208
-16
976
1680
1072
400
432
432
784
2128
2992
1744
-272
-624
368
304
-800
-496
1424
2512
1632
32
-752
-176
992
1120
-32
-432
736
1488
720
-64
80
544
1168
2256
2576
1056
-608
-560
576
1440
1728
1424
400
-800
-1120
-576
-16
400
736
992
1120
272
-1248
-1328
16
800
864
560
-96
-160
656
1120
1152
1696
2288
1568
368
672
1568
720
-1008
-1680
-1664
-1104
528
1552
416
-1280
-1488
-80
1376
864
-1008
-1296
112
896
960
896
-144
-1344
-1200
-784
-1104
-672
816
1504
1088
