816
288
-432
-1280
-2208
-2832
-2032
-192
448
-592
-1584
-1616
-1280
-1168
-1584
-2160
-1376
528
704
-1296
-2160
-576
1120
1488
1376
1248
288
-1216
-1632
-1040
-1120
-1920
-2032
-1344
-1216
-1680
-1200
304
1312
1312
176
-1472
-1520
128
624
-992
-2848
-3264
-2176
-1024
-784
-912
-1120
-1600
-2048
-2464
-2768
-2128
-560
768
864
-256
-1520
-1968
-1312
-32
608
624
1056
1696
1920
1728
1120
848
1440
2016
2016
1536
320
-1024
-1712
-2016
-2160
-1904
-880
672
800
-976
-1424
304
496
-1152
-976
688
592
-912
-1280
-240
688
1120
1440
1264
608
400
-160
-1760
-2464
-1600
-1024
-736
592
1680
704
-1248
-2368
-2384
-1344
288
480
-1136
-1920
-928
-208
-608
-1104
-1152
-1312
-1680
-1120
432
864
-688
-2048
-1952
-1984
-2496
-1824
-112
1040
1232
448
-912
-1664
-1776
-2032
-1808
-1296
-1440
-1184
112
720
432
432
448
720
1440
672
-1312
-1872
-1120
-240
960
1616
1120
848
1120
1168
848
-224
-1488
-864
1056
1136
-864
-1792
-672
720
1536
1232
-528
-1392
0
544
-864
-1088
32
96
-864
-1760
-2160
-1440
256
1616
1776
608
-896
-1280
-384
640
832
-64
-1408
-2320
-2448
-1536
208
1312
1008
832
1200
704
-320
-528
-80
528
1072
336
-1440
-1760
-48
1296
1072
544
432
-32
-1024
-992
416
928
-208
-960
-656
-16
816
640
-1024
-2096
-1776
-752
384
-128
-2048
-2144
-544
368
720
560
-704
-2048
-2496
-2432
-2160
-1280
544
1984
1744
1040
816
352
-320
-944
-1664
-1504
-128
288
-1136
-2224
-1808
-1296
-1600
-2256
-2352
-1136
336
-64
-1520
-1440
-256
528
1312
1808
1040
-144
-992
-1808
-2240
-2160
-2112
-2096
-2016
-2016
-1568
-496
368
512
256
-272
-1216
-1408
-48
480
-1264
-2864
-2832
-2256
-1520
-784
-784
-1312
-1760
-1840
-1664
-1808
-1824
-816
528
736
-512
-2160
-2496
-1296
-160
320
848
1104
704
432
544
640
752
848
832
976
1184
784
-288
-1392
-2112
-2496
-2000
-416
704
336
-624
-960
-352
144
-432
-688
112
-336
-2192
-2320
-544
624
1024
1200
816
736
1280
656
-1104
-2224
-2368
-1200
1056
2256
1536
320
-800
-1520
-1296
-320
736
480
-1392
-2112
-384
752
-432
-1872
-2192
-2064
-1968
-1504
-576
-208
-1360
-2592
-2192
-1504
-1808
-1648
-560
560
1328
1024
-496
-1680
-1744
-1568
-1920
-2448
-1680
320
1296
704
512
960
880
832
1216
528
-1424
-2528
-1520
416
1456
1424
1600
1824
1168
608
672
-80
-1440
-1040
848
1040
-800
-1456
96
1504
1280
-96
-1376
-992
352
320
-752
-768
-80
-256
-928
-1376
-1632
-1376
-432
448
736
80
-1152
-1232
112
1056
928
48
-1456
-2304
-1664
-720
32
848
1040
624
448
64
-624
-672
-112
272
320
-144
-1168
-1456
-256
848
736
784
1552
1088
-976
-1728
48
1376
16
-2272
-3072
-1888
48
880
-32
-1456
-1824
-944
-240
-960
-2144
-1872
0
1936
2272
624
-1440
-2160
-2256
-2992
-2848
-1200
0
480
1200
-1440
320
1344
1184
1136
1168
960
1504
2576
2464
912
-624
-768
192
384
-480
-608
288
736
736
928
848
64
-1072
-1952
-1984
-736
1072
1360
-240
-1600
-1664
-1008
256
1072
448
-176
160
400
208
256
816
1072
448
240
1152
1696
1360
688
-432
-1136
-800
-432
-208
224
192
-80
320
896
864
864
1248
928
-144
-592
-192
384
1024
784
-992
-1968
-448
1264
1104
-112
-1152
-1728
-1728
-1280
-608
-192
-384
-688
-640
-720
-1328
-2096
-2128
-896
416
528
-240
-1344
-2320
-2224
-1632
-1536
-1520
-1648
-1968
-1120
608
944
208
624
1664
1120
-736
-1824
-1888
-2160
-2096
-528
1104
960
-240
-528
576
1184
-96
-1072
64
704
-560
-1088
256
1568
1440
96
-1312
-1200
192
400
-800
-592
976
800
-784
-1392
-1152
-912
-848
-1440
-2064
-1424
-128
528
704
704
640
928
1120
224
-976
-1472
-1632
-1072
560
1328
576
-384
-1312
-1776
-1120
-864
-1552
-1456
-352
672
1376
1136
-48
-864
-992
-816
-80
256
-1024
-1520
608
1856
-112
-1904
-1424
-816
-768
112
1200
1216
848
272
-1008
-1360
-48
1232
1888
2288
1712
448
-544
-688
384
1104
-48
-1328
-1424
-1744
-2384
-1840
-160
880
304
-992
-1648
-1424
-432
880
1568
800
-1104
-2128
-848
1024
1312
816
800
832
800
528
-496
-1504
-1744
-1920
-1728
-672
16
80
592
1120
800
-64
-864
-688
288
240
-1152
-1952
-1312
-192
384
304
-208
-976
-1488
-1376
-1104
-832
-64
944
1440
1216
384
-272
-336
-256
112
496
-192
-704
624
1200
-368
-928
208
1024
1632
1984
1184
144
-336
-1056
-1712
-768
1152
1504
-304
-2064
-2032
-416
1360
1408
-176
-656
592
1280
896
848
1024
864
928
1424
1632
1520
1328
432
-1120
-1792
-1136
-160
608
992
1008
1488
2144
1520
288
512
1456
592
-1600
-2176
-688
688
736
-208
-992
-608
576
1280
1120
464
-304
-1104
-1456
-864
-352
-720
-960
-688
-544
-608
-1056
-1664
-1360
-128
752
512
-688
-1856
-2128
-1632
-1152
-1216
-1392
-1440
-1856
-1680
-48
1088
1024
1488
1952
928
-448
-928
-912
-1312
-2112
-1536
576
1104
-608
-1216
144
752
-352
-1104
-224
512
-144
-224
1184
1984
1392
448
-416
-400
864
1280
-96
-560
752
864
-768
-1840
-2064
-2144
-1360
-800
-1696
-1584
688
1568
-128
-912
240
960
768
512
16
-816
-1312
-992
224
1456
1568
448
-1152
-1872
-1200
-608
-1040
-1424
-672
1088
2400
1680
-192
-1040
-912
-336
752
944
-624
-1296
304
1120
-560
-1952
-1344
-256
224
432
704
992
1152
592
-704
-1488
-624
1120
1904
1520
896
-32
-1344
-1296
384
848
-720
-1712
-1504
-1488
-1360
-688
0
592
624
-256
-1072
-1232
-976
32
1328
1104
-768
-1408
256
1440
1040
1088
1952
2304
1824
448
-1264
-1664
-960
-752
-1088
-976
-320
272
704
1104
1168
560
-304
-512
336
1168
736
-720
-1808
-1152
720
1472
192
-1488
-2144
-2240
-2336
-1248
-1200
-48
1440
1792
1600
1248
320
128
1120
1360
672
656
1024
896
448
-224
-640
64
1232
1552
880
-288
-1232
-1520
-1344
-432
1216
2080
1472
464
64
464
1424
1888
1008
-336
-704
-272
240
976
1616
1008
-96
144
1296
1744
1632
1728
1472
512
-240
-80
784
1648
1776
1552
1888
1968
896
384
1520
2272
1424
528
240
-16
-192
-416
-1056
-1472
-928
160
608
-192
-1424
-1952
-1696
-976
-192
336
656
736
304
-544
-1264
-1104
-176
304
-32
-128
112
-256
-912
-800
-304
-400
-976
-1744
-2368
-2000
-784
-64
0
528
1632
2096
1136
-400
-1136
-1200
-1184
-480
848
1248
592
64
-80
112
448
400
48
-160
-16
496
1168
2144
2656
912
-1712
-1520
800
1568
576
512
1632
1376
-624
-1920
-2016
-1632
16
1616
1136
480
1264
1584
832
464
368
112
-48
-528
-1616
-2288
-1952
-752
768
1440
720
-416
-1152
-1408
-1312
-1296
-1264
-800
-96
928
1776
1008
-832
-1248
-240
544
528
-320
-1280
-688
960
960
-768
-1264
48
544
-304
-336
752
1696
2000
1152
-688
-1728
-912
832
1824
1216
224
-224
-560
-224
1232
1760
544
-272
-160
-816
-1920
-1584
-272
528
640
-128
-1472
-1792
-816
640
1952
1456
-672
-1152
256
656
224
928
1824
1360
336
-160
-224
-96
-48
-304
-672
-1040
-960
160
1536
1680
864
464
560
432
288
288
-176
-832
-528
416
1088
1456
1184
48
-1008
-1152
-912
-784
-384
416
1040
1440
1648
1136
432
992
2176
2112
928
272
736
1200
864
400
320
528
1008
1104
224
-864
-1504
-1968
-1904
-720
944
1712
1168
304
-112
80
1040
1824
1120
-272
-736
-512
-80
688
1264
848
96
432
1360
1712
1936
2048
1104
-96
-96
672
1456
2192
2768
2960
2656
1744
592
144
672
1264
1328
1008
352
-496
-736
-320
-192
-464
-400
-32
112
64
-368
-1632
-2528
-1424
624
1344
832
384
-64
-960
-1648
-1328
-128
752
592
288
368
112
-464
-480
-176
-272
-512
-752
-1264
-1184
-144
160
-496
272
2368
2736
784
-1360
-2448
-2496
-1840
-768
336
800
240
-256
320
1024
752
64
-384
-512
-208
128
224
800
1792
1264
-784
-1296
400
1200
528
816
1696
752
-1200
-1824
-1296
-816
-560
-352
144
1168
1888
1584
976
784
560
176
240
288
-544
-1760
-2032
-704
1328
2080
944
-496
-1360
-1968
-2048
-1536
-1200
-1120
-464
944
1904
992
-1056
-1824
-912
-240
-736
-1664
-1856
-400
1600
1312
-896
-1648
-624
-160
-368
64
976
1712
1872
1024
-480
-1568
-1392
96
1600
1568
336
-784
-1120
-352
1136
1840
1152
-176
-1296
-1728
-1440
-800
-288
-16
224
304
-128
-672
-320
1152
2336
1648
-240
-992
-224
432
432
640
1216
1488
1008
176
32
960
1472
288
-1280
-1440
-432
576
1040
976
800
688
384
-32
-400
-944
-1376
-880
288
1104
1248
1232
1120
368
-912
-1488
-1024
-768
864
2336
2288
1904
2096
2432
2304
1840
1888
1760
608
224
1360
1456
-16
-592
80
896
1520
1760
1616
1184
0
-1280
-1248
48
1264
1552
624
-848
-1360
-160
1424
1520
528
336
928
1264
1472
1584
1328
1072
1120
1408
1920
2224
2048
1600
752
-160
-240
544
1648
2560
2592
2016
1712
1648
1808
2320
2256
1008
-272
-240
864
1696
1424
368
-688
-784
544
1920
1680
368
-720
-1264
-1280
-704
-192
-288
-432
-208
-64
48
320
0
-704
-336
736
768
32
-368
-752
-1072
-656
-272
-768
-1232
-944
-96
1072
1744
1696
2128
2608
1472
-432
-896
-336
-544
-960
320
2560
2752
848
224
1600
1984
496
-368
256
496
-144
32
1376
2496
2528
1328
-496
-640
1232
1744
144
-32
1456
1392
-96
-1008
-1328
-1120
-288
-192
-752
48
1632
1216
-592
-736
832
1488
864
288
-320
-1104
-656
896
1456
1104
1232
928
-288
-688
-352
-672
-992
-384
512
1504
2192
1216
-656
-1072
-176
752
1424
1008
-192
160
1456
1120
-240
-784
-352
544
1184
1216
1440
2032
2080
976
-464
-416
1152
2112
1952
1792
1296
-128
-912
32
1328
1328
128
-848
-896
-896
-1040
-128
1264
1152
-128
-912
-944
-368
624
1584
1968
928
-768
-272
2000
2512
1424
1472
2112
1632
816
560
352
-160
-576
-672
-688
-832
-640
240
1472
2160
1920
1120
368
368
752
240
-912
-1280
-800
128
1136
1152
304
-144
-400
-832
-656
272
1184
1536
1520
1680
1760
1312
1296
2336
2944
1776
-32
-160
1184
1408
128
-240
864
1664
1552
1232
960
416
-304
-864
-992
-176
1376
1888
480
-832
-368
784
1280
1040
448
224
512
688
1056
1968
2432
2080
1872
1840
1568
1488
1776
1648
768
-96
-224
448
1440
2096
2160
2096
2048
1952
1856
1952
2112
1568
240
-352
576
1776
1856
624
-608
-432
496
848
1024
976
-96
-848
-592
-928
-1392
-672
-64
-416
-1040
-1680
-1728
-1008
-160
976
1952
1280
-384
-1200
-912
-368
-256
-432
-512
-864
-1296
-704
592
1168
1264
2176
3024
1904
-208
-1056
-1056
-1632
-2064
-1040
544
640
-544
-640
560
864
0
128
1552
2144
1168
400
1104
2384
2720
1152
-928
-576
1600
2080
832
400
1136
1552
608
-1056
-1312
32
800
480
384
976
1456
912
48
256
1184
1536
1296
1024
480
-560
-1168
-480
864
1472
1072
96
-1072
-1632
-1088
-352
-128
176
912
1504
1696
1136
-288
-1280
-768
464
1232
800
-272
80
1856
2112
496
-528
-400
352
1776
2608
1904
1344
1552
896
-480
-832
192
1584
2288
1904
1088
176
-624
-272
1280
2064
1008
-640
-1408
-1072
-560
-432
-224
208
256
48
-96
-48
656
1936
2224
592
-1088
-720
816
1488
1376
1456
1920
2368
2016
944
336
160
-640
-1552
-1632
-1488
-1376
-64
1840
2064
960
64
-512
-352
832
1264
192
-944
-912
480
2016
1616
-64
-576
-256
-816
-1392
