3360
4800
4272
432
-3312
-4352
-1968
2640
4512
1040
-3312
-4768
-4400
-3280
-2992
-4624
-3728
1872
4528
288
-2432
1408
5216
4480
2992
3184
2480
-256
-2960
-4256
-4704
-4992
-4528
-3056
-2832
-4608
-4048
768
5488
6704
4144
-688
-2240
2000
4672
992
-3120
-3376
-2912
-3760
-4624
-4896
-4512
-3552
-2800
-2544
-2960
-3680
-1920
2704
4704
1312
-3344
-5504
-3872
1024
5360
6128
4848
3584
3152
3968
5072
5344
4832
3776
3280
3744
2560
-1488
-4848
-5040
-4640
-5344
-3792
1056
2624
-2032
-4048
1392
4416
-768
-4128
192
2800
-1568
-4384
-640
3376
3600
3088
3872
5136
5840
4432
672
-3264
-5248
-4064
-176
3456
4304
2544
-288
-3280
-5440
-3728
2208
4432
-1072
-4208
1104
4720
16
-4944
-4336
-2688
-3056
-2096
1312
2800
192
-3136
-4496
-4752
-4304
-2208
896
3424
4288
2432
-1712
-4928
-5392
-4384
-3184
-3152
-4608
-3872
960
5264
5808
4752
3792
3392
3856
2608
-1360
-2592
1504
5200
4688
3088
2976
3168
2880
3456
5072
4240
-336
-2432
1200
2688
-2016
-4272
528
5392
5440
2352
-1472
-2304
1360
2592
-2240
-4192
1264
4880
1392
-3120
-3888
-2064
576
3472
5600
4368
-208
-2240
1424
5424
5120
2384
-368
-3088
-4992
-4080
-128
3248
3328
3264
5184
4160
-1424
-4448
-1168
3664
5856
4240
-224
-2640
-48
3584
4672
5040
5920
4160
-800
-2352
2192
4592
96
-5200
-6432
-3792
992
2832
-912
-5056
-5344
-1984
3248
4416
-1056
-4336
208
5440
5600
2336
-2096
-4816
-3888
-2848
-4272
-4176
-192
3296
3392
3344
4848
4368
528
-3280
-4448
-2080
2688
4608
1008
-3376
-4784
-4432
-3456
-3248
-4752
-3728
1856
4448
128
-2736
1136
5184
4608
3200
3440
2640
-320
-3136
-4368
-4672
-4896
-4496
-3168
-3024
-4688
-3984
832
5504
6720
4128
-784
-2320
2048
4768
1024
-3136
-3360
-2912
-3824
-4736
-4992
-4560
-3536
-2720
-2448
-2912
-3696
-1952
2720
4736
1280
-3488
-5632
-3936
1008
5344
6096
4832
3664
3248
4000
5040
5296
4848
3856
3280
3680
2544
-1456
-4928
-5232
-4816
-5472
-3936
992
2624
-2112
-4176
1472
4624
-752
-4336
0
2688
-1648
-4416
-592
3408
3600
3152
3984
5200
5888
4464
592
-3440
-5360
-4064
-144
3520
4432
2672
-336
-3456
-5536
-3680
2208
4352
-1120
-4192
1088
4656
16
-4944
-4448
-2912
-3280
-2160
1456
2976
208
-3200
-4480
-4688
-4304
-2272
944
3536
4352
2400
-1760
-4992
-5568
-4528
-3104
-2992
-4656
-4064
912
5472
6112
4928
3712
3104
3504
2400
-1264
-2320
1760
5344
4688
3024
2928
3120
2768
3376
5152
4416
-208
-2400
1200
2688
-2080
-4368
544
5472
5408
2288
-1472
-2336
1296
2608
-2192
-4208
1200
4832
1264
-3344
-4208
-2288
640
3712
5680
4192
-480
-2496
1280
5456
5328
2592
-416
-3312
-5152
-4096
-32
3392
3440
3312
5216
4224
-1424
-4448
-1072
3808
5936
4288
-176
-2672
-112
3568
4688
5072
6016
4224
-880
-2480
2144
4624
128
-5232
-6512
-3856
976
2768
-1024
-5120
-5376
-1984
3296
4432
-1120
-4416
144
5424
5728
2560
-1936
-4832
-4096
-3136
-4368
-4016
64
3600
3744
-4160
-2352
160
2656
4368
4928
3664
864
-80
2480
4032
1744
288
2496
4112
2432
-96
-1168
-48
2688
4064
2192
-928
-3056
-4528
-5504
-3632
1184
4160
2640
16
-608
720
3024
4096
2384
48
-576
-592
-976
48
2960
3904
1360
-192
1856
4448
5040
3952
1888
-32
-576
448
2512
4256
4448
4224
4608
3728
848
-224
2288
4096
2352
0
-672
-400
32
-752
-3120
-4256
-2480
-192
400
-640
-2640
-4528
-5136
-4000
-1616
272
400
144
592
-288
-3072
-4160
-1952
208
64
-224
496
-288
-3168
-4128
-1552
48
-2016
-4608
-5168
-4096
-1936
-400
-608
-48
2592
4208
2688
-304
-2784
-4656
-5632
-3728
1120
4192
2688
-32
-832
-400
80
224
-96
-512
-496
528
2416
4400
5488
3424
-1840
-3984
400
4176
2224
560
3040
3744
-496
-4784
-5552
-3936
-1440
224
16
352
2800
4016
2096
-176
-720
-208
208
-512
-2464
-4640
-5680
-3712
1104
4160
2592
-800
-3216
-4464
-4576
-4400
-4608
-4160
-2496
352
3632
3552
-1152
-4368
-2368
480
880
-896
-3840
-3776
1264
3840
-608
-4352
-2176
304
-352
-320
2032
4480
5520
3536
-1184
-4448
-3440
48
3152
4016
2240
-1136
-4160
-3760
688
4288
3168
-272
-2912
-4560
-5136
-4144
-2192
-176
960
-80
-2832
-4352
-3056
240
3696
3680
-928
-4432
-2752
-240
-400
64
2880
4016
1792
-432
-528
272
800
-224
-2896
-4288
-2512
736
3472
3936
1680
-480
-512
288
432
-736
-3104
-4224
-2432
720
3264
4112
2624
-240
-2880
-4544
-4944
-4112
-2336
144
2688
4448
5056
3792
928
-64
2464
4016
1728
288
2560
4160
2368
-240
-1152
144
2832
4112
2336
-720
-2960
-4576
-5600
-3712
1184
4224
2672
-112
-880
480
2976
4112
2320
-16
-544
-448
-880
112
3008
3936
1296
-320
1808
4480
5024
3968
2080
192
-496
480
2624
4352
4496
4240
4656
3792
880
-176
2400
4176
2320
-80
-672
-288
128
-736
-3216
-4352
-2464
-112
464
-624
-2656
-4560
-5152
-4032
-1664
288
544
320
704
-208
-3056
-4208
-1840
416
112
-384
432
-160
-3072
-4128
-1488
144
-2032
-4640
-5136
-4032
-1856
-288
-496
48
2656
4224
2672
-336
-2848
-4688
-5632
-3712
1168
4192
2544
-192
-784
-176
192
160
-64
-336
-416
448
2400
4528
5600
3440
-1872
-4048
384
4160
2128
448
3008
3792
-432
-4752
-5600
-4016
-1472
288
144
480
2880
4144
2352
32
-784
-464
-48
-736
-2624
-4688
-5664
-3648
1232
4224
2512
-960
-3312
-4480
-4592
-4400
-4608
-4224
-2640
224
3648
3696
-1072
-4368
-2320
560
896
-912
-3840
-3744
1312
3872
-592
-4432
-2288
256
-256
-160
2128
4560
5568
3552
-1280
-4544
-3376
240
3296
4144
2416
-1024
-4240
-3904
672
4352
3120
-352
-2928
-4576
-5184
-4160
-2128
-80
976
-224
-2992
-4448
-3088
288
3792
3744
-928
-4464
-2752
-192
-352
112
2896
4064
1792
-464
-560
320
848
-224
-2960
-4336
-2528
768
3552
3984
1648
-528
-464
304
416
-736
-3088
-4288
-2624
528
3232
4176
2608
-400
-3008
-4624
-5072
-4352
-4480
-2912
944
4320
5376
3184
-1392
-3184
480
4256
4096
3072
3392
4064
4336
2400
-1952
-3072
1232
3744
256
-3840
-4464
-4336
-5072
-3648
768
4192
4224
3024
2800
3184
3536
4112
4336
2576
-960
-3968
-4944
-2736
2016
3536
-672
-3296
240
4240
4624
3856
3552
3232
3024
3200
3600
3952
3888
4112
4832
3200
-1392
-3312
304
4416
4896
2464
-1168
-3808
-3968
-3488
-3936
-4320
-3984
-3472
-3248
-3424
-3776
-4464
-5152
-3824
144
3392
3568
3152
3904
2480
-2224
-3872
416
2848
-1024
-3200
864
2848
-1616
-3952
320
3040
-528
-4512
-4944
-4128
-3664
-3760
-4256
-3024
816
4336
4976
2656
-1296
-4688
-5728
-3632
704
4352
5088
2448
-2000
-3136
880
2928
-896
-3408
-160
3584
4016
3920
4768
3104
-1824
-3936
48
4256
4160
3392
4304
3360
-768
-4592
-5600
-3552
512
3536
3728
3120
3456
4160
4256
2560
-1072
-3728
-3888
-3504
-3712
-4432
-5280
-3568
1376
3648
96
-3984
-4672
-4128
-4128
-4208
-4144
-4416
-4848
-2880
2000
3504
-1280
-3952
144
3072
0
-4112
-5568
-3504
1584
3504
-1200
-4032
304
2912
-992
-3296
288
4560
5632
3376
-1040
-4816
-5584
-2736
1968
3728
384
-4032
-5584
-3728
560
4416
4992
2432
-1568
-4592
-4928
-4416
-4624
-2752
1600
2928
-784
-4800
-5568
-2736
2048
3712
-368
-4688
-4592
-3488
-4176
-2832
1920
3568
-672
-3376
-240
3760
4752
2384
-2208
-4064
-624
3696
5200
3184
-1360
-3104
576
3008
-16
-3968
-5264
-3792
32
3472
4208
4048
4272
2608
-1472
-4608
-4848
-4432
-4576
-2912
1040
4512
5584
3312
-1408
-3232
528
4368
4192
3120
3472
4208
4480
2432
-1984
-3104
1264
3824
304
-3872
-4528
-4480
-5296
-3808
832
4400
4336
3024
2752
3168
3600
4208
4320
2464
-976
-3856
-4832
-2672
2096
3616
-672
-3296
336
4384
4768
3984
3632
3200
3008
3216
3616
4000
3904
4064
4832
3200
-1440
-3328
288
4464
5104
2672
-1184
-3904
-4016
-3520
-4016
-4400
-4032
-3504
-3328
-3520
-3856
-4480
-5120
-3776
208
3520
3728
3296
4032
2576
-2224
-3952
384
2896
-976
-3200
832
2800
-1712
-4048
240
2976
-688
-4720
-5104
-4240
-3680
-3696
-4208
-2992
864
4384
4976
2624
-1328
-4704
-5760
-3648
752
4432
5104
2400
-2048
-3120
944
2960
-896
-3408
-128
3648
4112
4048
4928
3248
-1856
-4096
-48
4272
4128
3280
4320
3504
-752
-4784
-5856
-3808
304
3408
3680
3120
3504
4208
4336
2608
-1072
-3760
-3888
-3504
-3808
-4576
-5472
-3696
1424
3872
320
-3904
-4768
-4368
-4384
-4368
-4256
-4512
-4848
-2832
2080
3584
-1312
-4016
192
3104
-16
-4128
-5584
-3584
1568
3568
-1200
-4080
304
2944
-1072
-3456
160
4480
5568
3392
-960
-4768
-5600
-2752
2032
3808
368
-4112
-5632
-3744
560
4464
5136
2592
-1488
-4624
-4976
-4464
-4720
-2864
1616
3040
-752
-4880
-5664
-2784
2112
3776
-432
-4784
-4656
-3584
-4288
-2864
2000
3632
-672
-3408
-288
3840
4960
2560
-2144
-4048
-576
3824
5344
3216
-1520
-3264
656
3184
-64
-4192
-5360
-3664
224
3616
4304
4096
4320
2704
-1408
-4592
-4864
-4064
-4336
-2816
928
4144
5040
2864
-1456
-3072
448
4080
4064
3056
3200
3888
4336
2368
-2000
-3008
1184
3424
-48
-3776
-4096
-3856
-4544
-3264
784
4000
4192
3232
3008
3184
3312
3904
4304
2592
-1024
-3984
-4816
-2576
1920
3216
-880
-3216
240
4000
4336
3680
3520
3296
3168
3216
3408
3632
3568
3856
4560
2912
-1456
-3152
304
4256
4816
2448
-1248
-3840
-3936
-3376
-3632
-3968
-3824
-3504
-3344
-3376
-3536
-4096
-4704
-3312
496
3472
3584
3248
3952
2496
-1968
-3328
816
2800
-1136
-3040
1072
2896
-1424
-3504
592
3040
-416
-4128
-4512
-3872
-3632
-3792
-4208
-2960
736
4160
4864
2672
-1152
-4352
-5232
-3232
704
4144
4992
2416
-2032
-2992
1088
2880
-1024
-3264
112
3632
3840
3632
4384
2848
-1632
-3504
112
4000
4128
3472
4080
3024
-736
-4208
-5120
-3088
816
3648
3808
3120
3264
3952
4208
2512
-1152
-3776
-3872
-3344
-3392
-3984
-4784
-3168
1360
3264
-160
-3872
-4352
-3776
-3808
-3824
-3728
-4112
-4640
-2752
1904
3264
-1184
-3472
464
2944
-208
-4016
-5104
-3040
1584
3200
-1152
-3504
608
2784
-1136
-3216
336
4352
5232
3104
-928
-4464
-5296
-2640
1888
3472
160
-3920
-5136
-3296
624
4224
4928
2544
-1344
-4208
-4480
-4112
-4464
-2624
1680
2992
-592
-4496
-5248
-2592
1888
3392
-368
-4320
-4352
-3520
-4160
-2704
1888
3280
-832
-3200
32
3920
4736
2336
-2000
-3584
-224
3760
4928
2768
-1568
-2912
848
2976
-208
-3952
-4896
-3280
368
3440
3936
3824
4208
2672
-1296
-4256
-4416
-4096
-4368
-2800
1024
4288
5184
2912
-1488
-3056
560
4176
4144
3152
3264
3936
4400
2432
-1984
-3024
1248
3552
32
-3776
-4176
-4048
-4784
-3392
832
4112
4224
3136
2880
3168
3456
4016
4256
2464
-1008
-3824
-4672
-2480
2000
3264
-848
-3152
400
4128
4400
3728
3536
3232
3104
3248
3456
3696
3632
3856
4480
2800
-1552
-3216
272
4272
4992
2656
-1136
-3824
-3968
-3376
-3616
-3952
-3808
-3472
-3296
-3376
-3520
-4048
-4672
-3312
480
3520
3712
3376
4032
2544
-1984
-3440
720
2800
-1120
-3040
1008
2784
-1568
-3632
560
2992
-592
-4320
-4608
-3888
-3584
-3696
-4128
-2864
848
4272
4912
2640
-1216
-4384
-5264
-3280
752
4208
4944
2304
-2080
-2944
1152
2896
-1024
-3200
224
3712
3888
3712
4496
2944
-1648
-3632
80
4096
4128
3360
4096
3136
-720
-4384
-5344
-3312
624
3520
3712
3088
3296
4016
4288
2544
-1184
-3760
-3808
-3344
-3504
-4160
-4944
-3232
1456
3488
32
-3840
-4464
-3968
-4000
-4016
-3904
-4240
-4688
-2736
1936
3296
-1216
-3456
608
3072
-208
-4080
-5168
-3088
1584
3248
-1104
-3520
640
2848
-1168
-3376
176
4256
5200
3152
-848
-4464
-5376
-2672
1904
3440
16
-4064
-5168
-3264
640
4240
5008
2624
-1344
-4208
-4448
-4096
-4576
-2752
1680
3040
-624
-4576
-5344
-2640
1952
3520
-352
-4400
-4448
-3616
-4208
-2688
1904
3280
-864
-3216
64
4000
4912
2512
-1904
-3520
-160
3840
5024
2816
-1728
-3104
880
3136
-208
-4112
-4960
-3136
576
3600
4016
3856
4240
2704
-1280
-4272
-4400
