-4112
-272
3200
4432
4560
4768
4464
3296
3104
4576
3856
-672
-2464
1840
4304
336
-2848
-448
3152
4416
4672
4416
2080
-1872
-5232
-6480
-3920
1744
4432
1072
-3328
-4432
-1936
2704
4304
336
-2656
-128
2976
3008
2832
4048
4512
3488
2848
3520
4784
5488
3984
176
-3344
-4320
-2304
1728
4880
5232
4560
4688
4512
3264
3024
4576
3936
-368
-2752
-224
3200
4160
1872
-2688
-4544
-1056
3264
4288
2192
-1744
-4992
-5536
-4576
-3664
-3008
-2896
-3008
-2816
-3120
-4080
-4800
-4592
-2400
1328
2672
-64
-3472
-4832
-4608
-3648
-3024
-3632
-4944
-5664
-4176
-160
3008
3072
2960
4448
4144
416
-3296
-4448
-4912
-5872
-3936
1728
4272
240
-2656
400
2496
-736
-2544
784
2416
-944
-2592
976
5216
6512
3728
-2192
-4336
928
4416
272
-2320
1968
4320
-320
-5184
-5760
-4608
-3520
-3072
-3696
-2304
2432
4160
-16
-2928
-304
3408
4320
2336
-1488
-5088
-6240
-3920
912
4848
5120
2208
-1968
-4896
-5104
-4752
-5312
-4192
-416
3504
5456
3808
-1088
-5072
-5168
-2112
1888
2240
-2480
-4272
1056
4320
-224
-5248
-5088
-2352
496
2976
4144
4928
5952
3872
-1776
-4640
-1424
3056
4688
4768
4560
1824
-3264
-4352
896
4592
1360
-3360
-4688
-4976
-5808
-4144
288
2576
288
-3472
-5376
-4256
-656
3408
5632
3760
-1696
-4512
-944
3280
3552
2976
3920
4720
4320
2352
-960
-3232
-3248
-3072
-3952
-4848
-4672
-2336
1856
4928
4896
2096
-1792
-2592
944
2512
-1248
-5184
-5296
-2064
2672
4528
1024
-3328
-4608
-4880
-5536
-4176
-208
3360
4560
4624
4784
4496
3392
3200
4640
3840
-784
-2576
1808
4256
192
-2960
-336
3392
4512
4672
4560
2336
-1712
-5152
-6416
-3888
1744
4400
1024
-3424
-4624
-2112
2672
4320
224
-2768
-96
3072
3072
2864
4112
4608
3504
2768
3488
4880
5616
4128
320
-3248
-4304
-2288
1792
4976
5344
4656
4768
4592
3312
3056
4624
4016
-336
-2752
-208
3280
4304
2016
-2608
-4528
-992
3408
4480
2272
-1808
-5104
-5632
-4656
-3696
-2960
-2768
-2832
-2672
-3072
-4144
-4880
-4528
-2224
1328
2528
-80
-3376
-4816
-4656
-3648
-3024
-3712
-5024
-5728
-4224
-208
3056
3216
3120
4496
4112
352
-3376
-4544
-4960
-5888
-3936
1744
4192
16
-2864
448
2672
-768
-2720
832
2640
-896
-2720
928
5168
6432
3776
-2032
-4208
928
4304
80
-2528
1856
4336
-224
-5152
-5840
-4688
-3552
-3072
-3664
-2192
2592
4384
224
-2816
-416
3184
4080
2064
-1776
-5360
-6528
-4128
976
5024
5104
2016
-2176
-5104
-5264
-4848
-5424
-4336
-560
3392
5504
3968
-1056
-5168
-5248
-2160
1856
2256
-2528
-4400
1056
4416
-192
-5296
-5200
-2432
608
3184
4224
4832
5840
3872
-1728
-4512
-1120
3376
4800
4752
4640
1968
-3136
-4256
944
4544
1216
-3488
-4704
-4944
-5824
-4144
400
2688
256
-3616
-5472
-4288
-656
3440
5696
3808
-1728
-4544
-960
3264
3568
3040
3952
4736
4416
2432
-960
-3232
-3200
-3040
-4016
-4976
-4768
-2272
1984
4976
4896
2144
-1728
-2576
944
2640
-1056
-5136
-5456
-2304
2512
4432
848
-3552
-4672
-4752
-5408
-352
-2960
-4192
-2288
80
752
-528
-2992
-4256
-2784
384
3424
3984
1296
16
2848
3792
-880
-4352
-2272
-496
-2720
-4192
-2032
384
784
48
-688
-64
2272
4464
5104
3744
800
-64
2832
3856
-320
-4784
-5648
-3968
-1344
-448
-2688
-4240
-2256
-112
-160
192
2384
4464
5056
3904
1520
-336
-624
-64
368
-640
-3088
-4416
-2976
432
3792
3792
-480
-4784
-5744
-3952
-1136
0
-2064
-4704
-5344
-4048
-1632
128
64
304
2464
4432
4560
4288
4656
3904
1248
400
3248
3712
-1376
-4048
448
4240
2096
176
2512
4208
2160
64
176
-208
-2496
-4640
-5056
-4192
-2544
112
3136
4144
2192
-32
-208
64
-608
224
3456
3680
-1520
-4000
976
3936
-912
-4112
288
4272
2352
-576
-880
-240
160
64
-656
0
2800
4112
1936
-368
-320
160
-224
384
2496
4400
5008
3728
912
224
3024
3856
-384
-4784
-5584
-4080
-1760
128
304
-48
304
-480
-3120
-4256
-2160
160
352
80
496
-368
-3072
-4352
-2272
-64
-176
496
3488
3728
-1008
-4320
-2368
288
368
-384
-640
640
3600
3808
-848
-4400
-2784
-192
-48
-240
576
-48
-2848
-4192
-2032
-624
-2768
-4176
-1824
320
-240
-32
2688
4224
2256
176
416
-288
-3472
-3856
784
4480
3232
-432
-3504
-4336
-2432
64
928
-208
-2560
-4640
-5296
-4032
-1296
-496
-3200
-4016
256
4704
5584
3904
1200
288
2576
4256
2656
-800
-4176
-3792
1424
4016
-400
-4544
-3072
704
3584
4000
1408
-128
2304
4240
2288
80
288
-256
-3008
-4320
-2368
96
832
-496
-3072
-4352
-2752
480
3456
3984
1408
208
3008
3792
-960
-4400
-2112
-224
-2576
-4240
-2160
208
560
-112
-656
64
2352
4528
5216
3888
912
64
2960
3904
-368
-4832
-5696
-4016
-1408
-496
-2768
-4320
-2304
-208
-352
48
2368
4560
5136
3936
1488
-432
-768
-192
304
-656
-3088
-4448
-3040
352
3808
3888
-432
-4832
-5824
-3984
-1152
-64
-2144
-4704
-5344
-4096
-1632
192
80
320
2512
4448
4576
4336
4720
3968
1280
432
3264
3712
-1392
-4128
368
4304
2272
288
2512
4160
2160
128
240
-128
-2416
-4656
-5184
-4256
-2416
320
3264
4176
2224
-16
-288
-80
-672
272
3552
3744
-1504
-4000
976
3968
-912
-4128
336
4368
2480
-400
-672
-128
112
-32
-672
96
2880
4144
1952
-352
-336
96
-256
432
2640
4592
5232
3888
896
48
2928
3904
-336
-4864
-5712
-4080
-1600
416
688
224
272
-704
-3264
-4272
-2048
320
464
144
608
-272
-3088
-4448
-2384
-96
-96
544
3536
3808
-1040
-4448
-2400
368
416
-352
-608
608
3536
3792
-880
-4496
-2800
-32
208
-64
496
-304
-3136
-4288
-1904
-464
-2768
-4320
-2064
160
-208
96
2768
4208
2144
16
336
-304
-3584
-4016
720
4528
3232
-496
-3552
-4384
-2528
80
1008
-240
-2608
-4640
-5376
-4128
-1264
-416
-3184
-4032
272
4720
5616
3952
1264
336
2576
4224
2640
-768
-4080
-3760
1392
3984
-400
-4576
-3184
576
3536
4016
1488
16
2416
4224
2112
-192
-16
2736
-1264
-4304
-4224
-3168
-2976
-3296
-3632
-4176
-4576
-2496
2240
3680
-720
-2960
1328
3968
-128
-4384
-4112
-3328
-4336
-3552
224
3776
4848
2672
-1616
-3008
576
4624
5712
3328
-1408
-2928
1376
3920
-32
-4416
-4848
-3920
-3504
-3280
-3632
-4016
-3600
-3472
-4000
-2768
960
4432
5424
3472
-480
-3600
-4016
-3232
-3008
-3296
-3632
-4224
-4720
-2576
2192
3888
0
-4544
-5760
-3296
1296
3136
-288
-4544
-5552
-3440
528
3568
3808
3264
3712
4208
4240
4208
4256
4128
3552
3600
4720
3408
-1568
-3808
240
4512
4496
3312
3664
4128
3712
3632
4144
2928
-992
-4240
-4512
-4096
-4384
-2848
1248
4368
4224
3456
4032
2752
-1632
-2944
1616
3808
-960
-3696
1040
3776
-976
-3696
864
3968
496
-3920
-4992
-2656
1792
3136
-1040
-3072
1328
3696
-528
-3280
144
3872
4032
3408
3632
4240
4992
3376
-1344
-2864
1552
4032
128
-4592
-5600
-3440
432
3888
4752
2816
-592
-3744
-5040
-3472
528
3728
3904
3456
4080
2864
-1120
-4528
-4960
-2688
800
3824
5264
3312
-1728
-3632
640
3120
-640
-3200
-128
3872
5232
3552
-848
-4432
-4272
-3296
-3840
-2544
1664
3136
-688
-4416
-4176
-3344
-4416
-3424
1168
2976
-816
-3008
704
4640
4384
3408
4128
2672
-2032
-3840
192
4736
5424
2800
-1264
-4576
-5200
-2512
1840
3120
-640
-4528
-4976
-4016
-3360
-3424
-4432
-3536
768
4448
4912
4096
3440
3584
4544
3680
-64
-3808
-5376
-3328
1936
3824
-848
-4032
-720
3888
5456
3504
-1056
-3088
608
4544
4352
3408
3952
2736
-1344
-4480
-4384
-3168
-2896
-3312
-3760
-4336
-4688
-2528
2304
3776
-688
-2960
1344
4000
-160
-4496
-4208
-3344
-4320
-3552
224
3744
4752
2544
-1680
-2992
640
4752
5840
3440
-1312
-2800
1568
4064
-64
-4592
-5072
-4096
-3520
-3264
-3728
-4160
-3632
-3424
-3968
-2736
1120
4640
5568
3504
-544
-3680
-4064
-3296
-3120
-3408
-3696
-4272
-4784
-2688
2112
3872
-48
-4656
-5888
-3344
1328
3152
-384
-4672
-5664
-3504
544
3728
4016
3392
3760
4224
4256
4192
4256
4160
3568
3584
4768
3488
-1568
-3872
256
4608
4544
3312
3728
4224
3712
3568
4112
2880
-1120
-4448
-4704
-4208
-4368
-2768
1376
4464
4288
3520
4080
2752
-1664
-2944
1696
3920
-976
-3760
1056
3872
-992
-3808
832
4032
512
-3936
-4976
-2672
1728
3072
-1056
-3024
1456
3888
-352
-3184
128
3728
3856
3328
3744
4464
5216
3552
-1280
-2880
1504
4048
96
-4768
-5808
-3600
304
3776
4640
2736
-576
-3664
-5040
-3584
352
3584
3776
3360
4000
2816
-1200
-4672
-5104
-2752
848
3920
5328
3376
-1760
-3728
592
3152
-656
-3216
-80
3968
5296
3568
-832
-4448
-4368
-3488
-4096
-2736
1632
3216
-672
-4496
-4288
-3456
-4512
-3472
1248
3072
-848
-3168
608
4640
4432
3536
4256
2736
-2080
-3936
96
4736
5472
2816
-1264
-4560
-5232
-2560
1824
3136
-656
-4544
-5008
-4096
-3440
-3488
-4528
-3616
768
4528
4960
4144
3552
3696
4576
3664
-96
-3840
-5360
-3264
1920
3760
-832
-3952
-576
4064
5568
3472
-1136
-3152
544
4560
4448
3536
4096
2720
-1184
-4176
-4224
-3280
-3072
-3264
-3408
-3952
-4496
-2496
2128
3408
-896
-2960
1216
3744
-96
-4192
-4144
-3440
-4144
-3168
496
3936
4944
2592
-1760
-3056
544
4480
5408
2960
-1584
-2880
1312
3712
-32
-4144
-4560
-3808
-3552
-3280
-3424
-3808
-3648
-3648
-4080
-2752
928
4256
5136
3200
-704
-3712
-4048
-3312
-3168
-3344
-3456
-4016
-4640
-2576
2080
3696
-48
-4384
-5504
-3024
1504
3200
-240
-4368
-5232
-3072
784
3728
3952
3280
3520
3952
4032
3952
3968
4016
3648
3616
4432
3104
-1504
-3520
256
4368
4512
3376
3520
3920
3680
3744
4208
2896
-928
-4016
-4224
-3920
-4320
-2864
1168
4272
4256
3616
4128
2672
-1776
-3024
1424
3552
-928
-3440
976
3456
-992
-3408
880
3632
208
-4048
-5040
-2576
1904
3056
-1216
-3104
1248
3424
-720
-3152
384
4016
4096
3392
3456
3968
4736
3072
-1536
-2880
1424
3792
96
-4368
-5296
-3152
624
3952
4768
2736
-816
-3824
-4784
-3072
768
3808
3968
3584
4144
2880
-992
-4368
-4960
-2656
1024
3936
5024
3008
-1696
-3232
944
3072
-816
-3120
192
4048
4992
3248
-784
-4176
-4224
-3456
-3984
-2528
1744
3184
-608
-4320
-4224
-3456
-4272
-3040
1440
2944
-944
-3056
656
4480
4352
3584
4208
2608
-1936
-3648
128
4528
5344
2848
-1168
-4464
-5152
-2496
1904
3152
-576
-4288
-4624
-3840
-3424
-3456
-4224
-3264
752
4176
4608
3936
3472
3648
4400
3328
-352
-3824
-5072
-3008
1840
3472
-848
-3664
-368
3920
5152
3072
-1264
-3056
544
4368
4352
3552
3984
2704
-1264
-4304
-4304
-3280
-3024
-3280
-3536
-4112
-4592
-2496
2176
3472
-880
-2944
1248
3792
-112
-4256
-4176
-3424
-4144
-3168
512
3888
4816
2480
-1744
-2976
624
4592
5584
3136
-1472
-2752
1504
3824
-128
-4336
-4736
-3936
-3568
-3296
-3520
-3904
-3632
-3584
-4016
-2640
1104
4464
5296
3232
-736
-3696
-4032
-3360
-3232
-3360
-3456
-4048
-4704
-2704
1952
3664
0
-4352
-5488
-2960
1552
3152
-336
-4464
-5344
-3168
800
3872
4080
3376
3568
3936
3968
3936
3984
4016
3616
3632
4528
3136
-1584
-3600
304
4448
4544
3392
3568
3984
3680
3696
4192
2896
-1056
-4224
-4400
-4016
-4352
-2816
1264
4352
4320
3712
4192
2640
-1808
-2960
1584
3664
-976
-3552
976
3584
-880
-3408
864
3648
224
-4032
-4992
-2560
1872
3056
-1152
-3008
1392
3584
-592
-3040
432
3920
3952
3328
3552
4208
4976
3248
-1472
-2912
1408
3840
96
-4480
-5456
-3264
576
3952
4704
2640
-800
-3728
-4784
-3152
688
3712
3824
3440
4048
2816
-1104
-4496
-5024
-2640
1104
4048
5104
3072
-1696
-3328
896
3088
-864
-3216
160
4048
5024
3296
-752
-4192
-4304
-3600
-4144
-2592
1792
3264
-608
-4384
-4304
-3520
-4304
-3040
1488
3008
-1008
-3232
512
4464
4400
3648
4304
2704
-1872
-3632
128
4560
5408
2912
-1120
-4448
-5168
-2480
1920
3104
-656
-4336
-4672
-3856
-3408
-3520
-4304
-3296
784
4192
4608
3984
3632
3792
4384
3232
-432
-3856
-5024
-2912
1856
3424
-832
-3552
-224
4080
5296
3104
-1328
-3136
512
4432
4464
3680
4128
