-48
-96
384
896
880
416
-16
-240
-144
288
848
1184
992
576
736
1184
816
0
96
720
512
-208
-336
64
304
304
352
656
976
1040
992
864
544
480
896
1168
800
112
-320
-256
112
448
448
176
256
784
928
608
624
1088
1296
1024
880
1008
800
320
256
400
192
-112
-48
480
1184
1312
704
16
-480
-672
-224
336
352
112
-16
64
496
688
304
144
656
1184
1216
1072
1088
1120
784
464
880
1328
704
-128
192
976
1040
800
880
960
752
496
560
608
48
-640
-624
-320
-208
240
1008
1184
656
224
256
368
352
464
864
1040
576
128
512
1136
752
-144
-64
704
912
720
656
416
176
256
336
576
1200
1376
896
432
144
0
112
448
1008
1568
1616
1184
816
944
1296
1040
128
-464
-416
-288
-192
96
448
640
784
800
336
-304
-384
-80
144
512
896
512
-256
-416
-16
336
528
704
1104
1440
896
-96
-272
336
784
752
480
448
864
1056
544
64
224
592
704
720
784
656
288
128
464
864
624
-112
-416
16
528
720
832
928
784
448
256
48
-400
-416
400
1088
976
480
-256
-896
-512
544
768
192
32
144
-112
-320
48
448
192
-208
208
1152
1504
1200
704
416
672
1280
1376
656
-320
-464
544
1184
608
80
304
624
880
1008
592
128
528
1328
1424
896
560
400
0
-272
96
704
832
480
128
48
192
400
656
768
608
592
1008
1056
272
-288
208
816
496
-176
-272
112
496
752
928
1040
1184
1152
896
752
624
608
944
1040
352
-256
-192
0
128
320
224
-96
16
464
592
656
928
1104
1104
1088
880
512
320
336
352
288
128
16
208
704
1248
1408
864
-48
-528
-352
-48
128
64
-352
-576
-224
128
304
528
656
768
960
944
976
1328
1408
800
320
656
1120
544
-400
-16
1168
1184
352
272
640
368
-96
0
384
320
-160
-336
-48
0
0
672
1328
1152
768
624
400
256
576
1152
1344
688
-96
176
832
496
-16
432
1168
1024
432
384
736
656
336
320
560
816
944
752
320
48
176
528
784
928
1088
1184
1056
656
448
704
880
416
-224
-416
-80
304
336
256
512
848
736
176
-240
-176
0
0
256
688
512
16
-16
256
448
608
816
1008
1024
544
0
16
304
464
528
448
576
1168
1520
864
-32
-112
464
880
816
560
368
224
208
464
624
352
160
432
688
432
256
752
1200
816
416
576
464
-128
-352
224
1024
1152
528
0
112
400
304
144
320
384
176
128
192
112
128
208
16
0
688
1440
1264
640
608
864
864
912
848
96
-464
192
1008
528
-384
-304
560
1216
1280
752
160
256
800
816
512
528
464
-1200
-1568
-1264
-1040
-1072
-1024
-1040
-1120
-1184
-1248
-976
-448
-496
-1024
-1152
-720
-576
-992
-1248
-1056
-896
-784
-480
-272
-304
-464
-896
-1392
-1232
-480
32
-160
-720
-1136
-944
-480
-496
-1008
-1328
-1392
-1472
-1440
-1104
-784
-832
-1040
-1280
-1392
-1168
-624
-96
-208
-928
-1344
-1232
-1232
-1264
-1056
-1072
-1152
-928
-800
-608
-288
-336
-816
-1168
-992
-176
416
-128
-1008
-1152
-688
-240
-16
-160
-512
-672
-688
-784
-832
-704
-416
-80
96
-240
-800
-1072
-1008
-944
-784
-240
336
256
-144
-272
-352
-400
-288
-432
-816
-976
-1072
-1248
-1232
-1120
-736
-128
240
240
-208
-1216
-1888
-1344
-432
-416
-832
-688
-352
-544
-880
-704
-352
-432
-960
-1328
-976
-304
-304
-1088
-1568
-1024
-416
-608
-1024
-1024
-832
-592
-240
-64
-112
-240
-368
-608
-864
-704
-80
192
-480
-1248
-1232
-704
-352
-208
-192
-656
-1248
-1136
-800
-832
-640
-128
16
-160
-320
-512
-880
-1280
-1280
-768
-192
48
-208
-752
-800
-192
96
-592
-1200
-800
-96
-16
-320
-976
-1840
-1840
-1120
-1088
-1232
-656
-160
-416
-864
-1040
-1024
-1120
-1056
-416
-16
-688
-1312
-688
272
208
-384
-496
-464
-912
-1248
-976
-512
-160
80
-160
-1120
-1952
-1760
-1008
-560
-560
-768
-912
-960
-1040
-1088
-848
-624
-544
-464
-368
-320
-368
-480
-384
-240
-368
-576
-832
-1136
-1056
-736
-848
-928
-368
192
-32
-736
-1264
-1456
-1104
-304
160
-32
-256
-384
-800
-1152
-1152
-1152
-1264
-1264
-1072
-992
-1136
-1184
-912
-576
-656
-944
-800
-400
-464
-784
-928
-1200
-1360
-912
-416
-336
-64
208
-416
-1184
-1024
-448
-224
-448
-960
-1200
-720
-240
-416
-672
-704
-992
-1392
-1232
-736
-704
-752
-640
-976
-1520
-1328
-656
-384
-576
-848
-896
-800
-944
-1248
-1136
-752
-720
-928
-880
-512
-400
-672
-912
-928
-816
-560
-416
-688
-976
-944
-832
-496
112
256
-128
-384
-416
-624
-864
-752
-352
-176
-192
-48
-272
-1184
-1840
-1536
-848
-416
-400
-528
-528
-512
-432
-64
64
-288
-624
-672
-800
-1056
-1040
-656
-288
-272
-272
0
-128
-880
-1232
-912
-768
-928
-816
-448
-368
-640
-864
-800
-640
-640
-720
-1008
-1328
-1120
-608
-656
-960
-688
-320
-608
-1040
-816
-336
-384
-592
-480
-400
-432
-528
-944
-1232
-784
-384
-784
-1200
-944
-608
-528
-176
416
272
-592
-1024
-848
-608
-400
-400
-736
-672
-176
-160
-704
-1104
-1200
-1104
-720
-384
-288
-288
-480
-992
-1136
-768
-656
-784
-672
-512
-496
-480
-768
-1184
-1312
-1376
-1328
-976
-608
-416
-288
-480
-896
-944
-752
-768
-736
-480
-672
-1280
-1360
-896
-480
-48
256
-48
-720
-1072
-768
-144
192
16
-528
-1184
-1520
-1296
-752
-368
-464
-704
-816
-912
-1072
-1200
-1232
-896
-272
0
-368
-880
-976
-672
-464
-576
-672
-656
-624
-624
-672
-720
-736
-768
-656
-480
-576
-800
-848
-832
-736
-320
80
192
144
-176
256
-336
-192
64
-368
-720
-432
-176
-304
-272
64
176
-272
-656
-336
80
-32
-368
-592
-608
-304
16
160
496
896
720
-48
-496
-240
240
464
320
-112
-368
-48
288
-48
-480
-448
-240
-240
-368
-496
-352
-96
-224
-560
-432
16
272
368
432
48
-672
-800
-368
-224
-304
-144
-80
-352
-448
16
448
304
112
224
128
-32
128
96
-208
-368
-240
208
800
944
672
368
144
144
256
144
112
448
576
416
352
256
-96
-112
368
704
672
544
448
272
224
448
448
-48
-256
-80
-272
-640
-512
0
400
416
352
624
576
-160
-480
32
320
-48
-368
-160
96
-128
-192
160
224
-64
-240
-320
-384
-80
320
16
-608
-240
480
32
-656
-64
864
960
560
96
-128
176
480
112
-400
-272
160
176
-128
-352
-240
240
720
784
416
-288
-832
-560
128
368
320
480
704
688
496
320
176
-176
-432
-64
480
560
128
-416
-304
560
736
-256
-816
-144
656
720
448
304
-48
-624
-672
-384
-304
16
464
240
-336
-592
-608
-496
-192
352
816
544
-144
-272
160
576
784
672
368
64
-144
-48
224
480
752
576
-304
-1024
-736
128
512
16
-416
-192
-96
-464
-656
-560
-400
-48
416
576
432
448
688
608
192
-128
-352
-448
-128
256
192
-16
16
256
592
656
240
-208
-240
112
448
512
528
672
688
304
-192
-368
-384
-400
-272
64
288
-16
-400
-272
-80
-304
-208
320
464
-32
-560
-672
-544
-464
-208
240
496
720
864
400
-288
-176
384
400
-64
-416
-400
-96
208
144
-160
-240
-256
-432
-432
-256
-288
-432
-480
-672
-592
64
464
384
368
240
-176
-416
-496
-768
-928
-576
-176
-272
-384
16
400
224
-80
-128
32
368
512
224
-208
-336
-64
160
400
816
800
320
240
416
352
496
816
752
528
432
144
-224
-128
160
192
160
256
432
608
560
368
416
384
-32
-176
48
160
32
-208
-208
304
640
528
592
720
208
-400
-352
-80
-16
64
-16
-192
-64
48
0
80
-48
-576
-800
-432
80
368
224
-128
-16
320
16
-512
-336
176
432
496
416
320
496
448
-208
-512
16
416
224
16
32
48
240
736
1024
672
32
-384
-448
-128
352
560
528
448
336
176
80
-112
-432
-512
-32
528
480
208
272
256
112
176
48
-128
336
640
144
-48
416
448
-96
-448
-384
32
560
736
544
224
-176
-448
-528
-496
-16
720
752
192
32
272
544
1008
1264
704
-160
-416
-208
128
544
784
464
-128
-432
-400
-176
-16
-208
-416
-224
-48
-272
-624
-688
-400
112
336
192
128
384
592
528
384
80
-400
-528
-176
160
256
208
176
368
656
704
400
-144
-672
-608
80
720
896
736
416
-304
-400
-208
224
480
128
-656
-1088
-784
-112
352
272
80
272
368
-48
-384
-272
-112
-144
-352
-592
-560
-400
-384
-256
-112
-192
-112
240
528
560
256
-128
32
272
-144
-592
-672
-656
-384
-128
-368
-496
-320
-432
-512
-288
-256
-48
496
592
272
160
-48
-432
-544
-576
-592
-352
-160
32
544
688
-128
-992
-1120
-640
-48
0
-416
-464
-208
-272
-448
-416
-464
-384
192
768
672
432
688
864
272
-176
352
624
-240
-816
-192
304
-288
-768
-112
752
512
-224
-304
-160
-448
-848
-864
-752
-656
-272
352
624
368
-128
-416
-272
-208
-320
-48
160
-384
-736
-112
400
48
-320
-16
144
-256
-208
352
336
-112
-160
48
192
128
-48
-48
-48
-176
-160
-240
-480
-176
464
608
416
272
240
448
656
256
-544
-912
-784
-736
-704
-416
-160
-80
-32
-320
-672
-480
-176
-240
-144
64
-288
-832
-832
-384
16
48
-144
-128
-144
-544
-800
-656
-480
-144
160
-96
-304
96
352
-64
-512
-304
224
400
240
-16
-480
-880
-592
0
-48
-704
-1136
-896
-352
16
192
464
480
-16
-416
-352
-448
-720
-432
176
448
352
16
-432
-592
-400
-224
-224
-352
-544
-640
-576
-384
-128
-288
-944
-1216
-496
432
608
304
96
176
512
672
416
64
-272
-304
416
880
112
-832
-784
-160
240
320
240
240
464
608
368
-48
-192
-128
-288
-480
-336
96
336
0
-608
-864
-608
-48
576
848
528
160
320
416
-128
-464
-96
208
-80
-416
-256
128
64
-272
-176
112
176
240
416
384
144
192
480
384
-256
-896
-1216
-928
-80
416
0
-528
-352
80
224
176
176
160
224
400
272
-80
-112
64
112
-48
-448
-912
-816
-112
528
464
-240
-944
-1104
-672
-128
-64
-336
-528
-464
-240
-112
-336
-768
-784
-16
816
704
-80
-336
176
464
352
528
544
-448
-1104
-336
368
80
0
656
896
240
-432
-368
-112
-256
-656
-1008
-1056
-624
16
416
576
336
-240
-432
-176
-288
-592
-144
448
-80
-800
-320
192
-512
-928
-160
480
144
-416
-352
80
160
-224
-384
48
464
320
80
32
-160
-368
-320
-304
-176
448
976
784
288
32
208
448
160
-592
-992
-816
-512
-304
-208
-112
208
464
48
-480
-304
48
-112
-288
-96
-64
-496
-832
-432
192
208
-32
320
368
-624
-1136
-320
256
0
-176
-144
-80
160
176
-256
-592
-560
-400
-80
368
512
128
-432
-720
-624
-368
-368
-592
-576
-288
-80
16
112
176
128
-128
-496
-720
-720
-512
-80
336
432
80
-448
-624
-288
80
128
-208
-656
-880
-768
-496
-272
-240
-464
-592
-64
768
848
144
-384
-384
-96
304
480
144
-384
-464
-32
256
-48
-448
-288
224
480
432
432
576
624
464
64
-416
-480
-240
