16
-400
-640
-864
-960
-704
-320
-96
-256
-576
-432
-48
-192
-464
-272
-48
-96
-336
-544
-432
-160
192
800
1136
864
384
-320
-880
-432
176
-176
-608
-608
-704
-528
-64
-160
-352
-80
-240
-848
-816
-480
-544
-608
-608
-768
-688
-304
-96
-64
-176
-464
-624
-528
-400
-400
-480
-448
-352
-368
-272
96
240
-16
-240
-272
-192
16
192
96
-176
-256
-160
-16
224
608
864
800
480
208
160
304
416
480
560
432
96
-192
-400
-320
224
816
864
448
96
128
416
560
448
224
128
160
-64
-528
-688
-448
-160
144
576
928
880
224
-416
-400
0
64
-32
128
368
240
48
192
272
-96
-672
-1040
-784
208
672
-144
-848
-496
-80
-304
-576
-288
320
672
688
544
272
256
272
-352
-1024
-752
-80
-16
-464
-592
-96
448
720
816
480
-256
-560
-224
128
192
272
400
432
416
256
-144
-480
-720
-896
-576
160
480
192
-160
-96
384
560
16
-384
-32
480
416
-16
-256
-224
-96
-160
-448
-448
112
608
560
128
-416
-736
-448
96
496
672
240
-688
-928
-32
720
624
320
160
48
112
272
224
96
240
352
-32
-656
-704
0
576
400
80
192
272
-32
-496
-768
-512
-16
96
16
192
432
464
208
-272
-544
-288
96
112
-128
-128
-48
-176
-112
240
304
48
-240
-640
-784
-192
480
608
512
528
592
384
-288
-800
-624
-160
224
320
-176
-560
-160
0
-688
-1136
-592
64
128
0
-96
-400
-704
-352
480
928
768
240
-544
-1072
-624
208
496
240
-336
-800
-512
0
-96
-160
176
160
-400
-816
-624
-128
64
-144
-240
-112
-144
-224
80
336
16
-416
-448
-288
-256
-368
-304
-144
-368
-736
-448
16
-112
-320
-160
32
256
512
352
-160
-336
-64
192
400
704
768
368
-80
-160
-96
-160
-128
96
320
416
304
32
-128
-176
-48
384
656
288
-128
32
400
576
400
16
-128
0
-112
-448
-592
-480
-96
496
848
784
512
32
-448
-368
0
-144
-512
-400
-96
-112
-272
-224
-96
-240
-704
-992
-592
272
608
-48
-736
-496
-32
-176
-368
80
640
576
176
-80
-160
-64
112
-48
-448
-528
-304
-224
-272
-224
-80
96
448
816
720
64
-416
-304
0
176
368
496
576
688
672
432
80
-256
-352
32
480
480
64
-288
-48
592
704
-32
-672
-384
352
448
80
112
144
-240
-576
-688
-528
288
944
576
-48
-224
-176
-32
192
400
400
48
-464
-640
-256
336
656
608
416
96
-256
-272
112
464
464
336
80
-560
-1024
-528
272
304
-80
-32
112
-384
-1008
-960
-496
-80
144
144
336
848
848
240
-256
-608
-832
-544
-80
32
48
160
0
-112
272
560
32
-832
-1184
-832
-176
288
464
496
368
400
112
-416
-736
-496
-16
368
704
496
-384
-848
-528
-240
-352
-672
-784
-224
512
240
-560
-400
496
688
272
96
0
-272
-528
-752
-880
-736
-272
368
560
-48
-592
-288
352
672
656
320
-48
-32
208
160
-208
-560
-576
-400
-304
-432
-672
-800
-528
-192
-320
-672
-624
-224
176
176
-304
-592
-224
272
496
640
704
480
336
544
592
224
64
224
160
128
320
144
-464
-832
-784
-704
-640
-208
240
-144
-736
-448
128
-176
-880
-864
-320
-176
-416
-368
-48
160
32
-176
-16
352
416
128
-208
-384
-400
-192
288
704
528
96
-128
-176
-80
208
336
48
-272
16
384
-160
-896
-832
-448
-416
-368
-64
80
-144
-384
-464
-592
-640
-400
-128
128
480
528
-96
-768
-864
-624
-416
-368
-656
-912
-400
464
624
288
64
48
144
48
-352
-400
80
368
272
176
48
-48
112
336
512
496
80
-272
-48
80
-384
-688
-288
240
368
320
112
-368
-368
240
368
-32
16
208
-176
-768
-784
-256
240
544
832
704
0
-480
0
816
944
464
16
-256
-560
-720
-528
-112
192
400
672
688
256
-208
-288
112
816
864
16
-448
-80
224
336
496
288
-192
-432
-400
-128
256
208
-400
-864
-608
96
240
-368
-784
-656
-336
240
608
80
-560
-288
336
528
512
320
-208
-544
-560
-880
-1104
-512
208
368
480
576
256
-208
-400
-480
-528
-272
144
112
-384
-848
-880
-576
-448
-592
-416
144
368
32
-352
-224
336
624
288
-80
64
176
-160
-624
-736
-544
-368
-384
-352
-288
-336
-16
640
880
640
112
-384
-80
656
592
112
16
-192
-672
-832
-624
-496
-464
-400
-240
-128
-224
-224
32
96
-128
-160
-48
-64
32
336
368
112
16
192
416
624
640
240
-320
-352
256
496
0
-464
-560
-640
-720
-464
160
432
-96
-672
-208
544
208
-640
-528
112
16
-384
-144
208
272
496
672
368
112
272
224
-416
-944
-864
-400
144
448
400
208
-224
-848
-992
-240
336
-192
-896
-464
240
-208
-1024
-944
-576
-736
-896
-496
-48
-224
-656
-784
-640
-304
208
608
496
80
-224
-240
-288
-576
-720
-416
-240
-608
-912
-512
80
320
320
208
48
32
112
-112
-512
-384
176
624
688
416
80
64
336
576
400
-48
-272
48
336
0
-544
-368
384
608
144
-448
-928
-688
160
304
-304
-272
256
176
-384
-608
-400
-96
288
800
896
368
-96
-32
160
224
176
32
-176
-352
-448
-272
128
288
240
528
704
96
-608
-464
16
144
64
-48
-224
-384
-400
-96
256
256
80
80
144
176
176
-112
-576
-704
-384
128
384
112
-368
-400
112
592
512
-176
-704
-384
176
560
784
336
-432
-528
-336
-528
-672
-464
-64
272
320
576
1152
784
-224
-624
-208
432
864
832
208
-560
-688
-144
224
-208
-688
-112
624
64
-592
144
864
336
-240
64
432
256
-48
-112
-272
-672
-832
-432
-48
-272
-528
-176
544
912
640
48
-96
496
832
304
-208
-64
64
-144
-240
-192
-192
-208
-160
-48
0
-272
-336
496
1120
496
-352
-608
-608
-352
176
448
272
160
336
560
704
736
480
-32
-352
-224
32
32
-208
-336
-352
-400
-288
16
48
-256
-336
208
608
112
-432
-176
176
-96
-384
-240
160
528
672
736
768
544
160
-176
-368
-240
48
96
96
240
256
64
-160
-368
-368
96
400
-64
-576
-288
192
80
-256
-208
48
144
160
256
224
-48
-224
-272
-336
-448
-576
-496
0
400
208
-176
-256
-176
-224
-336
-336
-416
-576
-224
672
1216
880
256
96
480
592
96
-144
240
432
128
-80
64
320
464
480
592
704
416
80
256
480
128
-272
-96
384
608
288
-240
-416
-80
48
-464
-624
192
864
560
-176
-448
-240
48
304
608
688
352
-48
32
496
656
416
304
336
160
-48
16
240
384
352
368
400
96
-272
-160
368
864
928
400
-112
-80
208
416
736
1024
976
640
352
400
656
496
-192
-688
-496
144
336
-160
-528
-416
-16
624
1040
560
-48
176
640
656
320
-192
-576
-416
80
160
-96
-64
192
320
480
704
576
176
-64
-96
96
528
656
144
-384
-560
-480
-128
-32
-576
-784
-32
672
480
32
224
816
832
288
80
240
208
16
-96
-368
-624
-528
-208
-112
-352
-464
-32
592
880
704
112
-400
-80
640
656
192
112
144
-96
-272
-304
-320
-16
336
144
-272
-336
-112
432
864
496
-176
-304
-240
-144
336
720
480
256
480
752
864
864
656
400
336
384
208
-128
-352
-304
-272
-352
-272
80
336
96
-144
192
528
128
-240
128
624
560
208
80
48
-160
-112
416
800
720
448
160
-160
-320
-336
-160
256
560
528
368
80
-384
-576
-80
544
128
-704
-224
912
816
-80
-272
-192
-448
-528
-96
336
336
-16
-416
-400
16
240
96
16
224
304
-128
-656
-752
-480
-96
48
-304
-496
96
608
384
128
272
560
800
608
-96
-432
-48
224
144
256
384
224
32
32
144
368
416
128
32
288
224
-272
-320
432
1008
736
48
-256
-64
64
-176
-160
432
736
192
-352
-80
288
32
-144
288
496
-16
-240
272
848
992
688
160
-96
-400
-800
-288
656
480
-144
112
464
32
-416
-304
160
640
832
528
0
-240
112
640
864
848
624
112
-192
240
736
512
-64
-352
-208
240
384
-128
-480
-160
448
896
928
416
-32
48
272
224
16
-240
-480
-448
-176
-240
-448
-192
272
304
272
112
-400
-336
-400
-912
-1008
-384
128
0
-496
-448
208
160
-704
-928
-336
16
-80
-320
-624
-592
-192
-48
32
576
736
0
-480
-272
-208
-144
208
80
-672
-848
-96
464
240
-48
-240
-704
-944
-640
-576
-1008
-1200
-992
-672
-256
96
224
64
-384
-832
-848
-576
-432
-336
-176
-208
-384
-368
-304
-256
-144
-192
-416
-288
48
224
240
-128
-656
-624
-112
384
688
592
256
80
208
416
256
-160
-160
160
16
-432
-576
-432
-96
240
352
352
288
240
400
544
416
304
256
-32
-400
-576
-544
-432
-304
-160
144
592
880
416
-576
-880
-288
144
-80
-448
-368
-32
32
-16
32
-160
-416
-336
-352
-416
192
688
-32
-928
-656
-32
-192
-528
-240
336
784
816
320
-144
80
352
-112
-608
-336
48
-208
-576
-464
-144
176
576
784
432
-208
-720
-848
-608
0
624
832
704
688
672
288
-416
-928
-624
224
512
96
-256
-272
-96
176
208
-192
-448
-80
464
560
160
-288
-432
-352
-432
-704
-528
240
704
240
-528
-576
-80
80
160
544
528
-192
-704
-512
-48
400
672
592
256
-32
-32
48
160
464
832
544
-400
-1088
-768
32
528
544
384
256
-112
-640
-768
-464
-176
80
128
-208
-256
176
240
0
-32
-128
-512
-624
-256
112
64
-208
-80
384
496
304
128
-320
-800
-448
496
848
384
48
144
48
-272
-352
-416
-656
-608
-320
-128
-176
-496
-544
-272
-496
-1040
-976
-624
-544
-576
-688
-880
-752
-256
144
304
528
544
-160
-816
-400
336
496
368
96
-320
-368
-144
-64
-80
-160
-304
-400
-464
-480
-384
-384
-528
-608
-400
96
368
96
-320
-480
-560
-688
-640
-512
-496
-432
-288
-400
-512
-288
-176
-304
-320
-336
-384
96
704
528
-256
-624
-272
160
352
384
224
16
16
-48
-336
-272
304
720
576
400
400
224
-80
-128
128
528
624
0
-400
-96
32
32
448
512
16
-272
-384
-496
-400
-320
-208
16
240
560
656
16
-672
-608
-160
64
0
-32
64
0
-160
-96
-112
-544
-960
-976
-608
96
576
160
-384
-80
272
-80
-336
-96
128
304
560
592
288
16
-128
-288
-352
-240
-160
-128
-48
-176
-352
16
432
192
-128
16
64
-240
-464
-384
64
592
576
32
-320
-256
-224
-384
-272
288
608
320
-128
-336
-80
368
256
-368
-560
-32
400
112
-352
-256
-16
-96
-400
-896
-1072
-352
544
480
-176
-608
-672
-416
-16
352
352
-192
-656
-336
192
320
368
496
336
-64
-240
-32
240
208
16
-16
-176
-512
-416
32
160
64
32
-128
-528
-944
-992
-560
-192
-240
-336
-288
-112
208
448
288
-240
-576
-368
-80
16
144
192
-144
-400
-128
448
720
336
-272
-576
-496
-192
112
304
464
384
