1040
-288
-912
0
1024
1360
736
-928
-1744
-320
1680
2592
2464
1744
1648
2544
2176
16
-624
912
1200
-192
-512
224
368
192
320
912
2064
3072
3328
3200
2208
400
0
1312
1552
96
-1056
-1120
-160
1248
1104
-576
-880
416
736
160
800
2448
3328
2912
2032
1504
1376
1408
1456
800
-752
-1552
-560
880
1904
2496
1712
-560
-2320
-2080
-608
432
336
-416
-1024
-1024
-416
512
1136
928
784
1904
3120
2640
1744
1952
2032
1024
576
1536
1616
-256
-944
1056
2096
880
1104
3040
2880
768
64
656
480
-224
-560
-848
-960
-208
848
1328
1360
1248
1008
720
400
160
960
2432
1872
-432
-384
1968
1984
-592
-1296
928
2768
2336
1360
1296
1232
640
352
672
1280
2144
2736
2400
1408
464
-128
-416
144
1712
2864
2672
1840
1200
1456
2528
2544
464
-1696
-1776
-480
432
512
256
400
1280
1776
880
-192
-336
-368
-496
-32
576
640
272
112
704
1152
480
416
1952
2224
48
-1200
-64
976
976
800
592
1056
2384
2208
-144
-1488
-96
1760
2112
1312
368
-368
-800
-288
944
1040
-448
-1216
-240
560
416
768
1808
1904
1024
784
992
0
-1408
-544
2048
3056
1632
-272
-1296
-896
560
1632
1296
48
-880
-1168
-1376
-1040
160
384
-704
-368
1824
3360
3376
2352
672
176
1760
2928
2240
832
-544
-432
1824
2496
96
-1312
-240
1168
2240
2448
1440
1008
1664
1392
192
144
816
48
-1184
-832
400
1456
2016
1136
-800
-1360
176
2176
3184
2816
1808
1776
2688
2160
-256
-1600
-528
608
160
-288
736
1664
976
96
384
1328
2352
3184
3328
2400
832
528
2048
2496
672
-960
-1280
-944
-144
224
-272
-368
224
400
544
1408
2096
2256
2448
2320
1552
944
928
1232
1408
720
-704
-1328
-224
1568
2288
1248
-608
-1936
-1824
-656
400
736
352
-544
-1232
-1184
-688
-16
576
1280
2400
3024
2624
2608
2944
1856
352
1008
2560
1600
-928
-928
1632
2384
688
560
2416
2480
384
-656
16
336
-240
-704
-1008
-1120
0
1936
2656
1808
1040
1120
1200
576
-96
640
2368
2144
-224
-672
1520
2224
576
-112
1120
2016
1376
416
208
336
480
736
880
976
1424
1680
1232
768
528
240
432
1248
1840
2496
3296
2704
1088
944
1952
1632
-64
-1312
-1200
-192
496
384
288
768
1008
240
-896
-1072
-256
192
-224
-608
-368
-32
-16
96
592
928
672
752
1824
2160
416
-928
0
1136
928
320
208
1312
2944
2432
-160
-1520
-496
720
688
528
1024
848
-96
-32
640
240
-800
-1040
-208
608
800
1456
2640
2432
880
80
416
272
-608
-544
976
2032
1248
-352
-1200
-784
368
1296
1232
400
-80
-176
-672
-672
480
736
-400
-416
1024
2304
2960
2224
272
-96
1712
2768
1920
144
-1248
-576
1488
1920
656
-64
96
992
2176
2208
1392
1728
2704
2176
496
-32
688
384
160
-304
-1632
-2784
-2864
-1968
-688
-224
-1216
-2160
-1760
-1216
-1488
-1824
-1600
-720
16
-768
-2240
-2288
-1120
-224
128
320
480
48
-1488
-2528
-1920
-928
-736
-1184
-2080
-2800
-2544
-1584
-912
-816
-1040
-1856
-2768
-2064
-384
-384
-1584
-1568
-816
-832
-1088
-880
-768
-1360
-2224
-2464
-2400
-2976
-3632
-2768
-1072
-752
-1888
-2672
-2176
-976
-160
0
128
448
784
992
576
-432
-848
-288
416
864
992
320
-800
-976
-400
-672
-1344
-608
704
640
-352
-864
-736
-800
-1376
-1184
176
240
-1104
-1040
272
1040
1456
1200
16
-528
-608
-1504
-2224
-1920
-1696
-1792
-1248
128
1104
96
-2160
-3248
-2528
-1328
-544
-480
-1088
-1456
-1024
-560
-544
-976
-1952
-2752
-2448
-1264
-96
-80
-1552
-2448
-1520
-960
-2000
-2592
-1296
432
832
320
-224
-672
-800
-1232
-2544
-3008
-1744
-416
160
96
-496
-688
-272
144
592
352
-1056
-2112
-2016
-1136
304
1504
1728
1520
1360
1056
400
-816
-2048
-1840
0
1248
464
-880
-1216
-512
144
-736
-2304
-1856
-208
-384
-1584
-1408
-896
-1568
-2368
-2368
-2064
-1328
48
816
-144
-1776
-2368
-1712
-608
384
720
-112
-1488
-1952
-1264
-192
672
1072
960
560
-176
-1504
-2496
-1424
896
1456
-176
-1872
-2752
-2432
-656
544
-32
-448
-192
-1136
-2320
-1696
-576
-624
-752
-544
-848
-912
-64
240
-720
-1760
-2272
-2272
-1440
-576
-864
-1456
-1088
64
880
176
-1424
-1904
-1824
-2512
-2544
-832
992
1376
848
336
-592
-2112
-2832
-2480
-2304
-1760
-512
-640
-2272
-2672
-1408
-1056
-2096
-2528
-1888
-1328
-1216
-1488
-2288
-2944
-2096
-112
960
880
960
112
-2272
-3312
-1808
-224
-160
-1104
-2112
-2304
-1872
-1232
-400
224
96
-1072
-2896
-3408
-2064
-1376
-2032
-2272
-2112
-2016
-1408
-912
-1104
-1088
-1184
-1808
-2144
-2256
-2688
-2496
-1616
-1264
-1392
-1216
-880
-912
-1072
-944
-752
-288
752
1072
96
-480
-448
-624
0
1456
1456
-144
-1312
-1520
-1472
-1440
-1472
-1104
-192
112
-704
-1312
-1216
-1360
-1744
-1104
560
1232
32
-1184
-784
544
1248
576
-800
-1184
-768
-1440
-2864
-2880
-1696
-560
592
1712
1680
-96
-2368
-3008
-2048
-1440
-1472
-1200
-976
-992
-944
-1056
-1072
-784
-1216
-2416
-2784
-1552
128
256
-1440
-2432
-1440
-784
-1728
-2096
-704
896
1312
480
-384
-400
-528
-1568
-2400
-2288
-1664
-864
-256
-112
-32
176
160
176
304
-416
-1872
-2448
-1296
448
1200
688
80
176
512
784
704
-512
-1888
-1104
1024
1280
-704
-2144
-1568
240
1456
320
-2112
-2432
-608
-128
-1392
-1424
-176
-320
-1952
-3088
-3136
-1808
352
1216
240
-976
-1664
-1616
-784
192
720
-32
-2224
-3584
-2192
0
560
384
1008
1424
352
-1136
-1488
-592
736
1328
528
-1280
-2784
-2128
592
1760
80
-1152
-768
-1296
-2480
-2144
-1040
-768
-864
-864
-960
-656
112
144
-1072
-2112
-1856
-1280
-1264
-1216
-960
-1248
-1408
-320
816
448
-576
-1264
-1952
-2576
-2240
-1008
80
592
704
800
928
416
-336
-784
-1072
-688
352
512
-448
-1200
-1360
-1440
-1488
-1664
-1808
-864
432
-80
-1552
-1232
464
1232
768
272
320
208
-720
-1600
-1376
-864
-1232
-1920
-1728
-1312
-1632
-1584
-192
1136
1072
-160
-1264
-928
160
368
-224
-656
-832
-1008
-1264
-1536
-1568
-1344
-1232
-1344
-1376
-1440
-1280
-208
816
160
-1088
-1376
-1008
-192
1152
1824
1376
864
720
832
1232
1536
1392
1136
1088
1312
1392
592
-720
-1248
-1072
-1120
-1120
-448
448
336
-640
-576
608
320
-1328
-1296
336
672
-640
-1152
0
1248
1472
1296
1344
1488
1296
560
-400
-1200
-1872
-1872
-448
1504
1792
64
-1536
-1872
-1808
-1008
688
816
-944
-1376
0
320
-1024
-1760
-1248
-1120
-1536
-992
192
272
-784
-1872
-2288
-2016
-1520
-832
112
976
1216
496
-496
-832
-1152
-1968
-2096
-1504
-1200
-576
912
1808
1200
224
144
784
960
208
-688
-528
608
1312
1088
944
1152
1024
736
992
1472
1024
-208
-352
656
464
-896
-960
336
1184
1104
416
-368
-352
272
256
-384
-304
432
496
-432
-1616
-2144
-1264
368
1296
1216
480
-624
-1008
160
1584
1488
320
-544
-1152
-1856
-1472
480
1568
768
624
1520
592
-1632
-1760
240
1600
1152
-192
-1136
-1152
-176
1024
1248
1088
1744
1552
-336
-944
496
896
-544
-2016
-2464
-1568
0
624
-112
-1248
-1776
-928
576
480
-944
-928
704
1904
2048
1056
-864
-2048
-1904
-1552
-1232
-352
480
416
160
784
1312
608
-448
-1136
-1776
-1520
32
832
-144
-1152
-1232
-1312
-1728
-2048
-1776
-320
1184
528
-1056
-448
1424
1680
816
1104
1920
1136
-672
-1392
-1408
-1840
-1904
-1280
-1072
-1440
-1328
-432
784
1680
1584
352
-624
-16
1008
720
-304
-864
-1056
-1280
-1536
-1696
-1872
-2144
-2016
-1024
-80
-192
-672
-288
544
304
-1120
-1984
-1472
-624
-112
544
1296
1552
1520
1584
1456
1072
864
752
512
720
1392
1264
-16
-1152
-1328
-1408
-1696
-848
768
544
-1120
-1024
768
1120
-176
-432
720
640
-1040
-1552
-416
304
528
896
752
464
720
400
-944
-2080
-2288
-1376
480
1856
1728
592
-736
-1536
-1344
-400
560
592
-416
-832
160
608
-704
-1936
-1632
-992
-1040
-640
464
416
-1056
-1792
-1376
-1344
-1568
-768
784
1824
1696
592
-592
-1376
-1952
-2176
-1808
-1568
-1664
-992
544
1264
752
560
1088
1264
688
-224
-1008
-864
384
1424
1248
656
432
240
160
720
1344
592
-1264
-1456
448
784
-1408
-1968
224
1504
864
96
-688
-1168
-224
432
-784
-1168
416
608
-1008
-1584
-1088
-736
64
1312
1696
672
-688
-592
704
1248
912
352
-720
-1664
-1408
-512
192
704
1040
1376
1376
96
-1696
-1824
48
2000
2080
304
-1472
-1536
-160
1248
1824
1632
992
128
-480
-288
432
640
-288
-1584
-1792
-592
560
256
-976
-1632
-1248
-80
1088
720
-720
-848
432
1504
1680
640
-1024
-1696
-1120
-784
-1360
-1584
-288
1152
1360
1712
1504
448
-784
-1840
-2432
-1520
160
-16
-1648
-1728
-544
-592
-1344
-1296
-1088
-784
208
576
-384
-816
32
864
1216
1600
1904
1296
-368
-1472
-704
448
208
-640
-672
-416
-576
-256
656
800
336
64
-672
-1312
-640
-128
-1008
-2000
-2032
-1232
-384
-400
-624
-400
-432
-752
-832
-1312
-1920
-992
672
320
-1568
-1936
-720
-288
-576
-256
528
1328
1984
1952
1616
1488
1280
1136
1296
1552
1904
1776
512
-688
-880
-816
-544
576
1632
1056
-352
-416
496
224
-464
832
2720
1856
-400
-176
1840
2432
1872
1408
480
-384
-32
464
16
-560
-560
-32
880
1616
1456
544
-432
-1072
-1008
-96
736
528
48
416
1024
704
-336
-1088
-1440
-2048
-2224
-400
2208
2384
304
-912
-480
-224
-720
-1072
-576
736
1872
1344
-384
-1408
-1472
-1344
-1120
-816
-320
560
1152
784
240
528
1344
2080
2400
1504
-368
-1232
-464
624
1520
2208
2096
1520
1744
2432
2016
304
-864
0
1904
2384
1136
0
-64
1072
2480
1600
-1152
-1504
752
1488
272
-272
176
256
-752
-2224
-2448
-928
816
1584
1232
-160
-1360
-1056
64
1056
1424
368
-1296
-1536
-624
128
864
1504
1472
1008
640
128
-288
432
1792
1920
832
-112
-624
-224
1408
2464
1792
896
608
-336
-1808
-1936
-576
304
0
-512
-608
-64
896
1376
608
-1312
-2560
-1712
-320
160
640
912
400
736
1888
1616
240
-608
-960
-784
80
832
1360
1968
1984
1264
544
-288
-1232
-1696
-1344
-208
560
-176
-1056
-288
448
-512
-1632
-1536
-736
352
1072
416
-624
-528
48
384
944
1568
1568
656
-720
-1232
-464
304
224
-480
-1088
-560
528
432
-160
288
672
-400
-1920
-1712
320
1088
-992
-2688
-2016
-1200
-1232
-912
-80
304
-320
-1440
-1792
-1456
-1296
-784
352
720
-288
-1216
-704
704
1312
720
208
1008
2448
2592
1120
48
112
416
1088
2096
2016
768
-192
-256
48
-144
-480
320
1488
1328
512
224
272
192
-224
32
1504
1808
192
-48
1824
2928
2512
1600
784
832
1440
976
-480
-1216
-496
848
1936
2752
2848
1120
-1424
-2160
-752
704
896
352
80
272
432
224
-128
-272
-512
-1584
-2272
-752
1376
1008
-1056
-1408
16
96
-1328
-992
1472
2976
2448
1456
672
224
384
32
-1168
-1392
-288
512
704
656
496
880
1968
2848
2544
896
-544
-400
512
1488
2256
1744
816
1296
1888
1312
864
304
-832
-480
1264
1616
400
-320
160
1424
2320
1424
-720
-1152
832
1680
112
-560
496
592
-432
-1344
-1712
-720
1216
2048
1264
-176
-1248
-1264
-400
848
1776
832
-1472
-2064
-304
912
944
1488
2288
1856
752
96
-112
272
1088
1584
1200
-208
-1632
-1312
496
1584
1216
576
736
976
224
-448
64
464
352
400
64
48
1264
1728
624
-336
-880
-672
672
1104
144
176
1168
1696
2000
1968
896
-704
-1728
-1600
-720
192
1104
1936
2096
