1136
-192
-1072
-1648
-2240
-2672
-2304
-1056
-528
-1696
-2592
-1872
-1424
-2000
-1888
-720
400
592
-384
-1504
-1744
-1264
-256
848
1584
1808
672
-1888
-3312
-2032
64
480
-976
-2352
-2176
-1344
-1136
-1136
-688
-400
-1232
-2576
-2496
-1136
-784
-1888
-2816
-2608
-1616
-800
-656
-720
-912
-1600
-2112
-1632
-928
-1056
-1424
-1264
-1376
-1952
-1456
-160
176
-128
-256
-576
-704
-128
128
-448
-928
-752
-80
928
1584
1232
416
-48
-128
16
64
-368
-432
528
1168
496
-352
-512
-448
-208
592
1232
976
272
-240
-160
736
1408
496
-1008
-1120
-400
-592
-1488
-1808
-1040
112
656
848
1312
928
-704
-1424
-464
80
-576
-832
-304
-272
-912
-960
-256
-256
-1536
-2912
-3056
-1488
688
832
-1344
-2192
-752
-608
-1984
-1568
352
1392
1712
1680
800
144
256
-352
-1824
-2256
-1344
-496
-304
-512
-720
-320
720
1568
1616
624
-1184
-2336
-1680
-432
240
720
1168
1424
1344
576
-592
-1584
-1856
-864
672
1248
640
-432
-1200
-336
1632
1536
-960
-1888
0
1632
1504
864
-80
-1440
-2320
-2896
-3296
-2160
368
1568
192
-1968
-2720
-1904
-960
-224
784
848
-720
-1584
-656
224
752
1744
2000
864
-496
-1264
-976
176
688
128
-432
-976
-1552
-1168
144
800
192
-384
-272
-560
-1744
-2352
-1344
-64
-48
-640
-704
-288
416
1008
640
-720
-2256
-2864
-1920
-496
16
0
-96
-176
320
1024
784
-432
-1824
-2080
-672
800
1344
1728
1712
944
176
-624
-1760
-2624
-2832
-2080
-544
-128
-1344
-1696
-432
32
-1040
-1696
-896
64
-240
-1408
-1872
-1424
-896
-304
704
1808
1984
336
-1808
-2000
-624
288
256
-832
-2560
-2496
-288
864
-112
-880
-576
-896
-1728
-1312
-400
-784
-1600
-1632
-1696
-1840
-1296
-624
-480
-784
-1296
-1616
-1728
-1824
-1808
-1696
-1472
-1536
-2048
-1744
-480
-128
-608
-688
-496
0
784
544
-832
-1504
-912
-320
-32
624
1008
112
-928
-672
128
288
-128
-256
272
720
352
-336
-528
-208
176
640
1200
1008
112
-64
704
1312
1120
48
-880
-256
528
-480
-1824
-1712
-784
208
1104
1792
2096
1088
-1168
-2304
-1376
-304
-448
-944
-528
96
-256
-576
-208
-544
-1696
-2576
-2576
-736
1744
1408
-1200
-2032
-816
-688
-1840
-1840
-448
464
672
992
848
144
144
64
-1472
-2432
-1104
32
-608
-1136
-432
576
1008
1136
1344
880
-720
-2000
-1616
32
1776
2400
1920
1584
1600
1056
-96
-1408
-2304
-1792
-64
1072
864
-176
-1248
-656
1408
1424
-896
-1120
1024
1552
176
-672
-832
-944
-928
-1360
-2208
-1760
192
1264
256
-1232
-1760
-1744
-1744
-912
944
1408
-768
-2672
-1984
-384
352
768
1104
784
192
-256
-496
176
1440
1360
-256
-1888
-2624
-1648
608
1440
32
-1232
-1040
-336
-224
-752
-992
-560
-192
-176
-112
224
912
1248
336
-992
-1520
-1536
-1536
-1056
-240
-32
-288
160
1200
1616
800
-832
-2080
-2096
-1552
-912
-16
784
1168
144
1376
976
-208
-400
-176
144
1120
1760
1328
256
-1024
-1248
112
512
-768
-736
1104
1728
576
-16
672
1040
400
-304
-480
-240
64
-384
-1520
-2080
-1600
-656
336
576
-544
-1392
-224
1936
2720
1792
624
384
480
-96
-816
-368
560
144
-1280
-1872
-1744
-1456
-336
752
352
-240
176
672
960
1392
1152
-64
-928
-384
960
1712
1408
672
96
64
624
1408
2032
1568
-320
-1488
-752
-320
-1232
-1904
-1872
-1776
-1680
-1216
-608
-832
-1504
-608
1184
832
-1424
-2496
-1488
-464
-1280
-2384
-1616
-368
-416
-240
1200
2336
2096
1248
416
-352
-1072
-1472
-1072
-256
0
-16
144
-368
-1200
-496
816
448
-544
112
1472
1104
-832
-1632
-448
592
688
720
400
-192
-96
-224
-1056
-784
544
864
336
224
144
-416
-1088
-1776
-2320
-1728
-208
-16
-1264
-1152
672
1744
1136
-128
-1072
-1088
-112
528
112
336
1872
2032
144
-1008
-688
-432
-592
-368
672
1632
1008
-464
-784
-384
-736
-800
672
1792
912
-400
-672
-112
736
656
-432
-192
1520
1920
848
352
416
64
-160
496
1360
1184
160
0
992
1264
272
-304
-64
-480
-1792
-2224
-1136
-192
-176
416
1728
1664
-240
-2048
-2096
-352
1488
1664
640
-96
-272
192
1504
2752
2544
880
-560
-128
1152
896
-592
-1392
-1264
-576
240
-176
-1392
-1520
-656
352
1408
1248
-576
-1552
-480
496
272
-416
-1104
-1152
-320
-16
-960
-1888
-1664
-640
-16
288
1504
2336
832
-912
-544
592
1024
1040
752
-96
-896
-608
128
-432
-1824
-1504
336
992
112
-224
544
1040
560
-448
-960
-32
1264
736
-1024
-2096
-2000
-768
544
-16
-1568
-1632
-416
832
1952
2192
1232
624
1040
1120
704
960
1344
496
-752
-1088
-864
-720
-624
-304
416
704
144
0
704
1248
928
-496
-1600
-464
1600
2272
1760
688
-624
-640
1200
2944
2832
1312
352
336
-80
-784
-800
-688
-832
-816
-912
-800
80
-32
-1728
-1872
352
1056
-1152
-2672
-1568
-240
-576
-1344
-1184
-560
-128
96
576
1488
2160
1856
816
-496
-1616
-1760
-944
-384
-320
208
1152
1072
-464
-1200
304
1408
96
-816
592
1248
-768
-2192
-608
1520
1312
-48
-240
560
848
-176
-1600
-1520
-32
880
752
576
272
-640
-1776
-2400
-1920
-208
1312
704
-1168
-1552
128
1872
2080
928
-64
-144
-192
-400
144
1216
1808
1232
-144
-688
-288
-608
-1264
-656
704
1264
784
224
336
-64
-1264
-672
1568
1696
-128
-640
128
448
336
-48
-608
-320
960
1808
1296
304
-160
-448
-752
0
1536
1632
400
240
1312
1504
352
-336
272
528
-544
-1280
-768
-368
-416
240
1504
1808
400
-1360
-1456
240
1840
1776
400
-688
-432
640
1312
1536
1984
1904
752
320
1024
928
-192
-1296
-2000
-1424
160
384
-1040
-1952
-1280
560
2144
1600
-464
-1200
0
1088
752
-672
-1680
-752
608
-128
-1552
-944
464
432
-96
-576
-16
592
800
1216
1648
1040
240
640
1248
496
-800
-656
544
560
-752
-1040
592
1952
1824
1632
1424
48
-1344
-1408
-848
-128
896
1168
192
-768
-752
-32
576
272
-656
-608
784
1840
1536
864
880
1216
1312
1424
1600
1472
1168
768
-160
-1200
-1232
-368
496
1040
1440
1440
976
864
1584
2208
1568
-224
-1568
-1232
48
1040
1312
368
-1376
-1616
32
1312
1296
512
-576
-1200
-1376
-1584
-1104
-272
-848
-2016
-1920
-1184
-912
-1184
-1568
-1040
272
704
-112
-1216
-1776
-1376
-784
-784
-944
-1360
-1840
-960
768
1248
896
1120
1600
1296
-208
-1728
-1744
-1264
-1392
-624
1072
912
-640
-304
1360
1184
-432
-688
464
528
-656
-752
544
1456
1264
144
-1056
-768
608
736
-384
-320
1184
1488
-128
-1232
-1056
-1072
-1280
-1072
-848
-64
1424
1520
-272
-1168
80
1680
2144
1472
112
-1312
-1888
-1072
304
1312
1936
1440
-368
-1296
-576
-448
-1136
-592
960
1776
1568
736
-368
-864
-592
-80
608
480
-912
-976
912
1184
-752
-1696
-1040
-112
960
1728
1904
2224
2240
816
-896
-848
672
1808
1840
1552
1376
592
-640
-496
880
992
-96
-688
-1216
-2128
-2032
-656
784
1168
320
-656
-720
-32
1056
2032
1952
496
-992
-896
480
1344
1296
1264
1376
1344
1392
1104
-240
-1568
-1440
-720
-880
-1504
-1728
-1312
-288
1056
1600
336
-1376
-736
1344
1168
-992
-1984
-1360
-128
944
704
-400
-832
-1136
-1888
-1760
-592
656
1728
2064
1728
1520
1056
352
800
1552
656
-752
-560
800
1200
-64
-1040
-16
1632
2128
1904
1504
608
-480
-1312
-1536
-560
960
1008
-304
-1024
-816
-208
768
832
-560
-1104
96
1056
1024
816
880
1264
1632
1472
1184
1344
1488
608
-944
-1600
-960
-32
912
1712
1728
1248
1296
1680
1824
1920
1712
672
-320
-336
144
768
1408
864
-640
-896
416
1552
1648
752
-608
-1376
-1280
-928
-704
-624
-496
-272
-400
-736
-608
-272
-336
-48
1120
1568
272
-1088
-1488
-1680
-1568
-832
-480
-912
-1056
-432
448
944
1072
1152
1280
896
-192
-1024
-896
-832
-1200
-352
1504
1440
-528
-880
528
576
-800
-832
544
496
-1248
-1552
240
1552
1600
928
-240
-304
960
896
-480
-336
1168
1264
-320
-1248
-1056
-992
-912
-688
-976
-528
912
688
-784
-560
976
2000
2208
1072
-896
-1680
-1152
-448
576
1696
1808
720
-576
-976
-592
-864
-1584
-1040
352
1216
1632
1232
-176
-1216
-1040
-384
96
-256
-1264
-1072
432
752
-672
-1616
-1312
-576
400
1104
1056
1216
1472
416
-896
-528
624
1056
1120
1696
2176
1136
-736
-832
560
816
-208
-912
-896
-880
-944
-144
1232
1136
-656
-1952
-1824
-1056
-16
1280
2144
1408
-592
-1184
416
1552
1216
1184
1600
1408
944
608
16
-624
-896
-896
-992
-1616
-2336
-1776
64
1216
784
-208
-960
-896
240
848
-144
-1136
-1120
-432
800
1360
144
-960
-720
-688
-1200
928
1840
1792
1104
624
608
928
1360
1472
1120
352
-624
-608
768
1264
-128
-624
1152
2368
1648
1328
2032
1824
1040
816
480
256
704
432
-528
-752
-672
-432
512
848
-64
-16
1632
2720
2112
1008
336
256
1072
1840
1296
720
1104
720
-880
-1984
-1920
-1008
112
576
720
1088
1440
1616
1584
1280
928
256
-832
-1024
432
2224
2800
1936
672
560
1584
2464
2656
2096
944
288
144
-368
-736
-656
-1072
-1536
-1056
-208
352
112
-544
64
1536
1376
-32
-464
16
96
-256
-336
224
640
416
800
2176
2672
1776
1264
1408
768
-736
-1360
-432
448
240
240
880
480
-624
-16
1984
2224
400
-144
1488
2096
512
-368
512
672
-416
-720
64
816
1184
864
-208
-672
144
672
32
-400
-96
-176
-784
-1184
-1248
-464
784
464
-928
-432
1856
3104
2192
752
160
-64
-176
496
1312
1376
1376
1312
544
256
864
736
128
736
1904
2016
1200
304
-208
-480
-1008
-832
736
1584
560
-176
352
768
320
-784
-1232
576
3296
3552
1600
768
1296
784
-48
720
1616
1152
880
1648
2144
1824
1328
1120
752
-240
-1232
-1312
-672
-256
-272
448
1760
1456
-544
-1536
-640
880
2032
2176
1520
1024
688
608
1424
2608
2864
1648
208
816
2368
1488
-896
-1712
-1168
-448
48
-336
-928
-560
496
1936
2944
1696
-656
-704
1264
1872
752
-288
-800
-496
560
544
-912
-1696
-896
192
656
960
1632
1856
1024
368
784
1520
1888
1840
1328
256
-816
-512
704
256
-1376
-816
1712
2544
1072
304
1136
1504
736
-80
-496
-128
992
1232
64
-992
-1200
-624
528
624
-784
-1024
1008
2592
2400
1680
1072
944
1648
1792
912
768
1040
272
-752
-1104
-1088
-352
560
464
160
512
672
800
1584
2112
1536
-80
-1712
-1216
1344
3232
3120
1520
-128
32
1520
2352
2320
1600
304
-112
592
512
-784
-1600
-1136
-800
-1280
-1136
-224
-336
-960
-96
1488
1504
48
-608
192
384
-864
-1248
-80
400
16
496
1584
2240
2480
2208
1648
896
-448
-1184
-256
496
-32
0
624
80
-960
-144
1840
1776
-128
-224
1648
1952
336
-544
-16
688
1008
976
720
368
80
-160
-352
-144
464
592
208
320
592
48
-960
-1824
-2160
-1296
192
512
-160
304
1984
2800
2416
2096
1392
128
-144
528
640
752
1600
1840
944
224
240
272
368
1056
1664
1136
272
560
1312
544
-1152
-928
1088
1728
608
-48
176
512
544
-480
-1792
-1056
1200
2032
896
0
288
304
-304
-48
1088
1696
1488
1216
1472
1776
1376
688
368
-304
-1248
-928
304
352
-224
1024
2720
1584
-896
-1264
16
1264
2160
2144
1072
96
-192
-64
592
1696
2128
1248
320
656
1408
1120
-32
-928
-1088
-560
64
-224
-1024
-752
496
1744
2512
1824
96
-176
1056
1392
288
-1200
-1984
-1328
16
256
-416
-416
-16
-320
-320
