4928
3120
64
-3488
-5936
-6352
-3712
416
688
-3360
-4944
-2448
-1904
-4336
-5056
-3024
-160
1824
336
-3744
-4800
-1072
3008
4848
6160
6704
3280
-2816
-5376
-3120
-672
-592
-2320
-4512
-5024
-3088
-608
1008
2256
2672
64
-4176
-4160
128
1248
-2704
-6000
-6016
-4432
-2448
-992
-960
-2288
-4272
-5504
-5344
-5456
-5936
-3696
544
848
-3232
-5248
-3168
-480
1168
1760
1600
2656
4864
5104
3056
1392
1344
2608
4464
6064
6336
4208
336
-2128
-1952
-1776
-2256
-32
4272
4624
400
-1520
720
1264
-1056
-192
4176
4528
144
-912
3136
6304
6272
4672
2592
1872
2336
560
-3424
-5296
-3440
160
3696
6400
6912
3264
-2752
-5488
-3504
-272
1664
1328
-720
-1216
752
1792
144
-2384
-4320
-6032
-6624
-2736
3808
4288
-2176
-5312
-2432
-1952
-4976
-3712
2400
6768
6848
4112
320
-1728
-1392
-2128
-4512
-4992
-2928
-528
1200
1760
1584
2416
4384
6352
6864
3264
-2944
-4960
-1072
3248
5152
5696
5584
5552
5712
5200
3568
-240
-4656
-3392
3088
5168
832
-1920
-176
3392
6032
3392
-3280
-3968
2688
5152
624
-1376
1040
944
-2848
-6256
-6752
-3040
2992
6064
4176
-320
-4320
-4736
-1120
3696
6224
3696
-2400
-5760
-3712
384
3904
6176
6336
4880
3024
496
-1616
-272
3712
5776
4080
-416
-4752
-3648
2640
5840
3296
1456
2160
208
-4160
-4432
-224
1936
176
-2000
-2320
224
4288
5152
1568
-2928
-5472
-4256
-224
1632
-80
-1344
-48
2720
5248
4960
1344
-2720
-4944
-5040
-3104
304
3936
6128
6144
4976
3152
48
-3584
-6064
-6448
-3744
432
720
-3376
-4992
-2432
-1872
-4384
-5120
-2992
-48
1888
352
-3792
-4880
-1088
3040
4896
6256
6864
3376
-2832
-5424
-3104
-592
-512
-2320
-4592
-4992
-2848
-432
864
1936
2416
-96
-4304
-4320
-16
1136
-2784
-6080
-6080
-4512
-2480
-896
-784
-2240
-4384
-5632
-5440
-5536
-6048
-3840
384
688
-3376
-5296
-3040
-368
1024
1408
1216
2464
4960
5248
2928
992
960
2400
4496
6208
6464
4304
496
-1840
-1552
-1408
-1952
208
4432
4784
640
-1328
720
1200
-1088
-160
4240
4640
288
-832
3152
6368
6384
4720
2528
1696
2208
464
-3568
-5408
-3392
288
3792
6496
7056
3312
-2880
-5504
-3152
-64
1360
1008
-528
-960
576
1504
160
-2240
-4288
-6112
-6688
-2736
3824
4304
-2192
-5392
-2560
-2096
-5072
-3728
2432
6816
6944
4256
400
-1680
-1344
-2112
-4544
-4992
-2832
-448
1056
1472
1360
2320
4368
6464
6992
3312
-3024
-5152
-1296
3168
5248
5824
5696
5664
5808
5248
3552
-320
-4784
-3504
3072
5184
880
-1888
-224
3344
6096
3472
-3280
-3952
2800
5296
704
-1360
1008
912
-2864
-6320
-6848
-3088
2992
6112
4272
-256
-4304
-4704
-1056
3760
6240
3664
-2416
-5808
-3856
208
3888
6272
6368
4864
3056
528
-1616
-224
3792
5824
4096
-336
-4672
-3648
2592
5872
3392
1520
2144
160
-4176
-4432
-272
1872
96
-2160
-2544
144
4368
5120
1280
-3264
-5584
-4080
96
1792
-288
-1552
144
3168
5456
4832
1120
-2848
-4992
-5088
-3232
192
3920
6160
6224
-2272
1120
3376
3488
3152
3232
3152
2832
3216
3888
2064
-1728
-1920
1952
2640
-1168
-2528
736
3472
3536
3424
3504
1712
-1520
-4032
-4464
-1824
2160
2752
-624
-3632
-3904
-1360
2368
2624
-1104
-2368
768
3200
3040
2864
3280
3152
2736
2736
3072
3664
3904
2288
-928
-3392
-3632
-1520
1808
3840
3728
3200
3296
3184
2704
3104
3872
2048
-1664
-2368
688
3488
3824
1344
-2352
-2944
400
3408
3632
1520
-1760
-3904
-3824
-3136
-2816
-2608
-2592
-2576
-2560
-2880
-3280
-3584
-3520
-1504
1792
2288
-816
-3488
-3776
-3152
-2784
-2768
-3072
-3632
-3920
-2336
1040
3088
2896
2992
3728
2384
-1024
-3360
-3536
-3648
-4096
-1920
2272
2672
-1232
-2240
1296
2128
-1392
-2048
1488
2016
-1488
-2272
1152
4208
4496
1744
-2368
-2464
1824
2656
-1392
-2176
1728
2672
-1088
-3856
-3728
-3088
-2768
-2992
-3488
-1568
2320
2544
-1280
-2528
576
3488
3664
1600
-1600
-4128
-4384
-2064
1552
4016
3920
1552
-1808
-3824
-3664
-3504
-3824
-2320
912
3616
4192
2016
-1664
-4048
-3936
-1408
2000
1744
-2176
-2512
1808
2928
-1056
-4160
-3888
-1776
1152
3264
3472
3648
4128
1920
-2192
-2912
624
3536
3632
3392
3568
1360
-2480
-2384
1744
2992
-608
-3584
-3568
-3584
-4080
-2080
1680
2464
-592
-3696
-4304
-2368
944
3760
4384
1792
-2240
-2880
640
3296
3200
2848
3104
3392
3440
1840
-1328
-3248
-3200
-2912
-3072
-3504
-3632
-1840
1488
3856
4048
1600
-2048
-2176
1456
2464
-960
-4048
-4176
-1552
2128
2720
-736
-3568
-3568
-3408
-3776
-2224
1168
3472
3616
3248
3312
3200
2832
3232
3952
2032
-1904
-2048
1952
2688
-1200
-2560
752
3440
3456
3392
3520
1712
-1632
-4144
-4448
-1760
2240
2832
-592
-3696
-4016
-1456
2368
2592
-1264
-2512
864
3440
3248
2944
3264
3216
2960
2912
3056
3632
3952
2288
-1008
-3504
-3760
-1664
1680
3792
3712
3216
3312
3264
2880
3248
3888
2000
-1760
-2416
816
3792
4112
1536
-2240
-2768
704
3792
3920
1696
-1696
-3856
-3760
-3120
-2928
-2848
-2880
-2944
-2928
-3040
-3200
-3552
-3664
-1632
1824
2384
-768
-3456
-3712
-3184
-2912
-2880
-3120
-3728
-4016
-2304
1136
3216
3024
3120
3760
2304
-1168
-3456
-3488
-3536
-4000
-1856
2272
2464
-1584
-2304
1584
2304
-1616
-2256
1648
2304
-1488
-2416
1136
4208
4464
1712
-2384
-2464
1840
2672
-1392
-2096
1888
2768
-1120
-3952
-3776
-3072
-2800
-3056
-3488
-1504
2368
2512
-1392
-2592
704
3760
3920
1744
-1552
-4112
-4384
-2096
1472
4000
4016
1664
-1744
-3760
-3568
-3488
-3904
-2400
960
3696
4272
2096
-1584
-4048
-4016
-1440
2048
1824
-2160
-2528
1776
2832
-1136
-4160
-3856
-1728
1232
3328
3472
3648
4176
1952
-2192
-2928
576
3520
3696
3504
3616
1280
-2608
-2480
1776
3120
-496
-3568
-3632
-3648
-4144
-2128
1664
2464
-672
-3808
-4320
-2336
912
3728
4512
1984
-2176
-2912
656
3392
3264
2928
3248
3584
3552
1856
-1312
-3200
-3088
-2848
-3152
-3584
-3536
-1584
1776
4000
3952
1488
-1936
-2016
1424
2192
-1232
-4144
-4112
-1408
2320
2880
-688
-3568
-3600
-3504
-3872
-4544
-1760
1536
4224
5792
6048
4016
832
928
4288
4544
928
496
4048
4864
1648
-1040
-976
1408
4368
4992
2352
-1296
-4064
-6208
-6832
-3104
3136
5184
1920
-1216
-1360
1056
4368
4784
1536
-832
-288
128
-272
1408
4560
4496
1376
672
3520
5984
6096
4256
1264
-1072
-1248
752
3840
5712
5536
5360
5728
4048
896
1008
4288
4736
1376
-896
-528
544
928
-1040
-4496
-4976
-1792
960
1088
-880
-3840
-6048
-6192
-4400
-1616
112
-48
-128
272
-1424
-4592
-4880
-1840
352
272
240
560
-1424
-4768
-4640
-1248
-496
-3584
-6128
-6240
-4352
-1312
192
-208
1120
4304
5024
2032
-1728
-4288
-6208
-6784
-3184
3088
5200
1808
-992
-560
224
-48
-176
144
-176
-640
656
3568
6224
6800
2736
-3808
-4144
2512
5120
1136
432
4400
3904
-2224
-6608
-6576
-4272
-1392
-64
-576
864
4384
4800
1520
-800
-592
432
736
-816
-3744
-6368
-6848
-3200
2912
5472
2624
-1536
-4416
-5712
-5568
-5488
-5760
-4704
-1968
2064
5456
3440
-2944
-5440
-2352
656
1056
-1472
-5216
-3536
3264
4192
-2432
-5504
-2128
144
-240
928
3744
6192
6736
3056
-3152
-5664
-2640
2000
4880
5008
2544
-1872
-5488
-3664
2640
5568
2320
-2048
-4480
-6000
-6320
-4368
-1264
960
912
-1664
-4736
-5168
-2320
2224
5568
3440
-2960
-5424
-1840
688
80
1360
4560
4784
1856
-368
-688
-96
208
-1472
-4464
-5184
-2656
1312
4624
4848
2064
-352
-816
-16
752
-736
-4112
-5248
-2704
1344
4608
4960
1952
-1856
-4432
-5888
-6112
-4608
-1648
1712
4352
5872
6112
4096
960
1056
4400
4560
784
320
4064
4960
1552
-1216
-976
1536
4464
5088
2544
-1136
-4064
-6352
-6976
-3152
3184
5232
1888
-1392
-1600
960
4432
4832
1456
-880
-240
240
-112
1600
4720
4592
1408
688
3568
6080
6224
4352
1296
-1072
-1280
736
3856
5760
5600
5456
5856
4160
944
1056
4368
4800
1328
-912
-416
688
1024
-976
-4496
-5040
-1776
1088
1200
-848
-3904
-6160
-6304
-4448
-1664
16
-176
-176
288
-1424
-4624
-4944
-2016
240
352
352
480
-1568
-4816
-4720
-1520
-832
-3760
-6192
-6304
-4368
-1136
448
-48
1216
4384
5008
1936
-1792
-4320
-6240
-6864
-3184
3216
5200
1584
-1072
-272
432
-272
-400
288
64
-704
448
3520
6304
6912
2800
-3856
-4128
2608
5136
992
320
4448
3968
-2272
-6672
-6592
-4368
-1568
-224
-672
832
4448
4816
1392
-944
-576
624
944
-688
-3712
-6432
-6976
-3248
2976
5568
2752
-1440
-4432
-5808
-5648
-5584
-5920
-4832
-2016
2128
5552
3456
-2992
-5552
-2496
624
1184
-1360
-5232
-3568
3280
4192
-2512
-5664
-2304
48
-160
1088
3840
6256
6832
3104
-3216
-5728
-2624
2080
4944
5040
2480
-2032
-5632
-3744
2608
5648
2512
-1872
-4480
-6112
-6400
-4480
-1440
832
960
-1536
-4688
-5232
-2464
2080
5568
3536
-2976
-5552
-1984
608
32
1312
4560
4832
1856
-368
-560
112
368
-1456
-4576
-5296
-2624
1472
4768
4800
1856
-496
-704
128
640
-1056
-4352
-5328
-2672
1392
4640
5008
2016
-1824
-4512
-6016
-6192
-4544
-1936
1392
4160
5680
5776
3632
544
784
4128
4464
1152
720
3920
4736
1776
-1008
-1216
1216
4304
4768
1968
-1520
-4032
-6032
-6560
-2928
3024
5008
2048
-864
-1024
1152
4176
4656
1696
-720
-560
-304
-560
1312
4448
4192
1008
512
3456
5808
5872
4176
1440
-736
-912
928
3744
5488
5344
5248
5536
3728
608
864
4160
4720
1584
-752
-720
192
592
-1184
-4336
-4816
-1952
576
720
-1040
-3744
-5808
-5952
-4096
-1296
368
176
128
448
-1392
-4496
-4496
-1408
384
-64
96
752
-1248
-4640
-4352
-928
-432
-3600
-5984
-6000
-4288
-1536
-144
-448
992
4160
4944
2144
-1568
-4224
-6080
-6544
-2992
3040
5120
1984
-896
-816
80
192
-128
-192
-304
-336
928
3488
6000
6560
2560
-3744
-3920
2464
4960
1296
672
4256
3568
-2288
-6416
-6288
-3968
-1088
208
-288
1008
4240
4640
1616
-752
-832
96
448
-992
-3712
-6176
-6592
-2992
2864
5040
2128
-1776
-4352
-5520
-5392
-5312
-5584
-4704
-2144
1872
5232
3168
-2976
-5072
-1888
752
704
-1792
-5072
-3232
3200
3856
-2528
-5168
-1712
160
-560
640
3664
6048
6416
2816
-3120
-5552
-2688
1856
4704
4672
2080
-2096
-5296
-3440
2560
5456
2432
-1840
-4384
-5840
-6048
-4288
-1440
864
1088
-1440
-4592
-5104
-2400
2064
5360
3264
-2976
-5344
-1968
352
-176
1232
4416
4432
1456
-448
-384
304
448
-1456
-4448
-4912
-2192
1568
4464
4352
1632
-352
-464
80
416
-1104
-4096
-4880
-2240
1552
4448
4800
2064
-1664
-4352
-5760
-5856
-4480
-1824
1456
4192
5744
5888
3728
592
832
4272
4560
1008
528
3920
4800
1712
-1136
-1216
1280
4336
4768
2064
-1360
-3968
-6096
-6656
-2944
3088
5024
1952
-1040
-1216
1088
4272
4704
1600
-768
-464
-160
-432
1456
4560
4224
1008
496
3504
5904
5968
4224
1424
-768
-944
944
3808
5536
5376
5296
5632
3824
656
928
4304
4832
1552
-816
-672
256
656
-1136
-4352
-4864
-1936
688
880
-976
-3824
-5936
-6032
-4112
-1264
352
80
64
480
-1344
-4544
-4624
-1600
224
-48
224
736
-1360
-4704
-4416
-1136
-640
-3680
-6032
-6064
-4224
-1280
128
-304
1040
4224
4960
2096
-1568
-4208
-6128
-6576
-2928
3136
5072
1760
-992
-560
336
80
-256
-32
-128
-432
768
3504
6096
6592
2528
-3792
-3904
2576
5008
1200
576
4272
3632
-2336
-6480
-6352
-4032
-1184
112
-336
992
4272
4704
1584
-832
-752
352
672
-864
-3696
-6240
-6688
-2960
2976
5168
2272
-1648
-4320
-5584
-5472
-5376
-5648
-4752
-2176
1936
5360
3232
-2992
-5152
-2048
608
720
-1696
-5040
-3232
3216
3856
-2576
-5248
-1856
128
-400
880
3776
6112
6512
2880
-3136
-5616
-2736
1872
4736
4688
2016
-2224
-5424
-3472
2608
5536
2592
-1696
-4384
-5920
-6096
-4416
-1648
752
1168
-1312
-4544
-5216
-2624
1872
5328
3312
-2928
-5392
-2096
224
-240
1232
4416
4400
1392
-480
-256
512
640
-1360
-4448
-4960
-2176
1712
4592
4320
1424
-464
-336
208
272
-1376
-4240
-4896
-2224
1536
4464
4880
2144
-1664
-4416
-5824
-5936
