64
-3968
-5296
-3040
-848
-704
-2480
-4784
-5392
-3504
368
4432
4144
-208
-608
3952
3792
-2608
-5504
-2736
-2128
-4848
-4640
-720
2192
2352
560
-1440
-544
3200
6192
6480
3568
-704
-512
3984
4016
-2048
-6608
-6560
-4400
-2208
-2272
-4624
-5104
-2752
-1600
-2096
-528
3232
6048
6304
3888
96
-2208
-2144
-1296
-1136
-2528
-4704
-5424
-3680
512
4720
3792
-2128
-6752
-6960
-3696
480
976
-2944
-6416
-6608
-4032
-144
2000
1616
2080
4288
5584
5376
5344
5600
4384
2032
2528
5312
3216
-3472
-4288
2160
5472
2928
2016
4464
4928
2544
1408
1888
368
-3488
-6160
-6096
-4960
-3328
16
4032
5104
2864
1280
1696
752
-1632
-224
4432
3472
-3360
-4016
2960
3952
-3024
-4272
2416
5152
992
-2496
-2528
-928
1024
896
-1248
-336
3952
4672
576
-1632
96
1408
1184
2144
4272
5920
6272
3664
-608
-368
4096
4080
-1984
-6704
-6768
-4080
-400
2112
2144
1056
-336
-2912
-5408
-4560
-608
2080
1840
1648
2080
48
-3968
-5456
-3264
-848
432
2912
5648
3296
-3200
-4992
-592
1664
-544
-1808
-96
3120
5680
3488
-2736
-5696
-3344
-1408
-1872
-976
1296
256
-3904
-5184
-2624
-2224
-4944
-4512
-240
1248
-992
-624
3472
5216
2800
1344
2016
-256
-4784
-3984
2272
5904
3936
-400
-4256
-5440
-3424
-272
1584
336
-3456
-6352
-6496
-4464
-1952
-2416
-5280
-4000
2160
6512
6480
4176
1712
2016
4704
4832
1248
-3328
-6192
-3328
3472
4096
-2576
-5744
-1904
3056
5568
4080
-112
-736
3392
5264
2704
1120
1696
-64
-4128
-5392
-3040
-800
-736
-2544
-4848
-5504
-3632
384
4560
4288
-80
-464
4096
3888
-2656
-5584
-2768
-2160
-4976
-4704
-672
2208
2224
432
-1504
-576
3216
6288
6624
3712
-624
-464
4048
4016
-2224
-6864
-6768
-4464
-2064
-2112
-4688
-5216
-2704
-1456
-1984
-416
3344
6128
6384
3984
224
-2112
-2096
-1232
-1040
-2560
-4880
-5552
-3616
704
4896
3856
-2192
-6928
-7136
-3888
208
672
-3200
-6560
-6736
-4256
-416
1744
1392
1984
4368
5776
5568
5536
5808
4416
1808
2320
5392
3328
-3536
-4368
2256
5536
2768
1808
4448
5008
2592
1408
1840
304
-3536
-6224
-6208
-5040
-3264
176
4112
5072
2720
976
1344
624
-1456
64
4640
3440
-3536
-4080
3088
4016
-3168
-4432
2464
5264
1088
-2352
-2320
-784
1040
864
-1264
-304
3968
4576
384
-1760
144
1536
1200
2080
4288
6000
6368
3728
-608
-384
4144
4160
-2064
-6928
-6976
-4256
-592
1952
1984
960
-256
-2800
-5456
-4672
-656
1968
1664
1536
2096
96
-3984
-5472
-3264
-848
384
2880
5712
3360
-3248
-5120
-672
1648
-496
-1792
-192
3056
5728
3520
-2848
-5792
-3280
-1264
-1760
-880
1360
320
-3872
-5232
-2736
-2352
-5056
-4480
0
1440
-1056
-784
3408
5264
2880
1440
2160
-128
-4736
-3968
2320
5968
3952
-448
-4288
-5488
-3584
-432
1616
464
-3408
-6400
-6560
-4512
-2048
-2576
-5392
-4000
2192
6512
6480
4288
1952
2288
4848
4752
976
-3600
-6288
-3312
3456
4064
-2576
-5584
-1616
3344
5744
4080
-320
-976
3328
5344
2832
1264
1840
3136
3824
2464
-848
-3424
-3744
-1264
2384
2864
-544
-3376
-3568
-2928
-2496
-2896
-3712
-1776
2352
2688
-1136
-2128
1376
3840
3296
2864
3216
1952
-1040
-3184
-3472
-3136
-3184
-3008
-2528
-2944
-3712
-2176
1552
4352
4624
2128
-1536
-1632
2112
3120
-416
-3072
-2944
-2688
-3072
-3312
-3360
-3072
-2640
-2448
-2416
-2864
-3280
-1312
2352
2992
-336
-3568
-4160
-1968
1728
4112
4032
3216
2800
2880
3360
3696
3696
3344
2816
2912
3280
1792
-1584
-3712
-3552
-3488
-3920
-1952
1840
1920
-1984
-2320
2016
2720
-1696
-2640
1360
2128
-1776
-2800
752
3312
3120
2800
3184
3840
4112
2576
-640
-3408
-4080
-2240
1056
3488
3728
1936
-832
-3328
-4224
-1760
2512
2592
-1808
-2528
1840
3056
-944
-3680
-3040
-2624
-3088
-1456
1856
2464
-640
-3232
-3360
-3232
-3344
-1760
1280
3584
3840
1728
-1616
-3664
-3632
-2864
-2448
-2944
-3696
-2144
1696
4112
3952
3232
2848
3024
3408
1712
-1616
-1856
1648
3984
3408
2640
2752
2784
2656
3264
4032
2288
-1504
-1888
1648
2032
-1888
-2672
1264
4256
4016
1504
-1744
-1824
1584
1872
-2032
-2352
1952
3184
-320
-3360
-3504
-1632
1184
3696
4448
2160
-1568
-2064
1392
4224
3968
1856
-928
-3312
-3936
-2128
1200
3328
3184
3296
4112
2128
-2064
-2880
544
3872
4560
2256
-1424
-2240
880
3584
3696
3728
4224
2160
-1728
-1744
2128
2960
-832
-4112
-4336
-1728
1952
2400
-992
-3888
-3984
-1280
2528
2464
-1616
-2640
1136
4192
4048
1760
-1552
-3440
-3024
-2880
-3520
-2176
1232
3312
3136
3264
3936
2512
-848
-3424
-3760
-1296
2448
3008
-480
-3424
-3632
-2976
-2592
-3008
-3792
-1824
2352
2704
-1136
-2160
1392
3888
3360
2992
3408
2064
-1040
-3200
-3424
-3120
-3184
-3024
-2560
-2960
-3648
-2064
1568
4304
4576
2016
-1728
-1840
1984
3056
-496
-3152
-2960
-2688
-3072
-3248
-3248
-3072
-2784
-2640
-2544
-2912
-3328
-1376
2304
2928
-464
-3648
-4064
-1872
1712
4032
3968
3248
2992
3072
3360
3552
3504
3312
2976
3168
3520
1920
-1552
-3696
-3456
-3296
-3792
-1888
1952
2064
-1888
-2272
2080
2720
-1712
-2608
1488
2240
-1728
-2800
752
3360
3248
2896
3200
3824
4112
2544
-768
-3536
-4064
-2112
1184
3680
3968
2000
-1040
-3520
-4096
-1552
2464
2464
-1680
-2320
1808
2864
-1040
-3712
-3120
-2768
-3200
-1488
1904
2448
-672
-3280
-3424
-3264
-3280
-1664
1312
3600
3920
1824
-1600
-3712
-3648
-2896
-2544
-3040
-3664
-2064
1664
3984
3856
3248
2976
3232
3632
1840
-1664
-2064
1440
3920
3520
2768
2848
2880
2752
3312
4064
2304
-1584
-2016
1648
2080
-1856
-2640
1280
4304
4112
1584
-1696
-1728
1776
2080
-1920
-2368
1888
3152
-336
-3376
-3568
-1664
1168
3712
4496
2208
-1488
-1920
1520
4272
3936
1808
-928
-3328
-4048
-2240
1200
3344
3104
3200
4112
2112
-2096
-2864
592
3952
4640
2336
-1328
-2192
848
3520
3712
3808
4272
2192
-1680
-1696
2176
2944
-928
-4224
-4432
-1824
1856
2256
-1232
-4048
-3904
-1040
2784
2608
-1648
-2720
1200
4336
4080
1632
-1712
-3520
-2976
-2816
-3600
-2304
1184
3280
3056
1424
4544
4800
1760
-880
-1152
1088
4368
5120
2272
-1856
-4832
-4272
-992
-960
-4560
-3520
2928
5088
1296
336
3904
4992
2096
-64
64
704
592
-1120
-3856
-5744
-5952
-3824
-656
-1104
-4608
-3792
2192
6560
6672
4016
576
432
3984
4944
1552
-624
-208
-1104
-3776
-5680
-5824
-4096
-1392
192
192
-576
-960
928
4288
5152
2288
-2176
-5296
-3552
2288
6544
6592
4032
1120
880
3712
6128
6208
4384
1616
272
704
-368
-3584
-5616
-5424
-5328
-5728
-3936
-400
-672
-4592
-3392
3312
4240
-2352
-5104
-1376
-304
-3872
-4784
-1536
512
176
1104
3952
6080
6160
4672
1968
-1712
-4768
-4576
-1440
880
720
496
784
-1456
-5120
-3248
3536
4000
-2960
-3952
2976
4352
-2176
-5296
-2112
432
160
-192
96
608
656
-1328
-4384
-4720
-1920
224
368
576
944
-608
-3664
-5840
-6096
-3872
-688
-1152
-4656
-3904
2128
6560
6528
4320
1600
-80
128
176
-496
1008
4336
4928
2000
-160
64
192
-144
1632
4784
4848
1344
-528
496
-880
-4720
-3568
2768
5424
2368
-272
-432
240
864
-1056
-4816
-3600
2800
5472
2128
-704
-496
-272
-432
1584
4848
4608
992
432
3952
5072
2096
128
288
-1248
-4400
-4608
-1280
752
224
1840
5296
3696
-2656
-5472
-2352
2304
5216
4784
1552
-1008
-704
1552
4192
6080
6416
4064
416
624
4496
4112
-1888
-6416
-6560
-3824
-320
-224
-3664
-5168
-2768
1632
5408
3456
-3184
-4112
2272
5856
3168
-1232
-4496
-4400
-1280
-832
-4112
-4768
-1296
736
192
1536
4752
4944
1712
-1024
-1248
1072
4400
5168
2224
-1952
-4912
-4368
-1136
-1088
-4672
-3584
2992
5184
1200
176
3904
5104
2160
0
208
784
528
-1248
-3952
-5824
-6048
-3952
-816
-1216
-4656
-3824
2224
6688
6784
3968
432
400
4096
5056
1584
-592
-176
-1072
-3792
-5744
-5904
-4192
-1504
112
112
-608
-928
992
4368
5232
2288
-2304
-5440
-3600
2352
6688
6720
4144
1264
1024
3808
6176
6240
4416
1680
336
704
-416
-3664
-5696
-5472
-5360
-5776
-4016
-432
-688
-4624
-3408
3408
4288
-2416
-5072
-1136
-96
-3872
-4800
-1344
784
416
1264
3984
6032
6192
4704
1872
-1888
-4912
-4624
-1360
1024
880
512
592
-1728
-5248
-3200
3616
4016
-2976
-3904
3088
4480
-2160
-5408
-2320
160
-128
-288
272
784
528
-1600
-4512
-4736
-1984
208
480
784
1168
-480
-3632
-5840
-6064
-3888
-752
-1184
-4672
-3888
2208
6640
6592
4448
1760
112
336
256
-592
880
4368
5040
2080
-96
176
288
-112
1600
4800
4896
1360
-544
528
-832
-4752
-3584
2848
5568
2512
-208
-512
176
928
-960
-4784
-3584
2880
5520
2016
-928
-720
-416
-512
1568
4880
4640
1024
528
4080
5056
1920
16
384
-1104
-4416
-4768
-1424
624
32
1680
5312
3792
-2656
-5584
-2528
2160
5200
4912
1712
-960
-800
1488
4240
6208
6560
4176
480
752
4656
4192
-1920
-6496
-6640
-3904
-448
-352
-3776
-5184
-2688
1760
5536
3488
-3248
-4160
2352
5920
3072
-1440
-4688
-4480
-1232
-736
-4112
-4864
-1424
672
208
1312
4368
4704
1904
-496
-736
1296
4256
4992
2416
-1584
-4528
-3840
-576
-704
-4272
-3200
2928
4976
1520
688
3840
4576
1696
-384
-176
704
864
-832
-3648
-5520
-5616
-3408
-288
-832
-4288
-3472
2224
6272
6320
3920
816
720
3920
4752
1728
-144
208
-848
-3568
-5440
-5488
-3648
-976
544
496
-192
-528
1152
4144
4976
2432
-1872
-4960
-3264
2336
6336
6320
3696
832
768
3648
5968
5936
4048
1248
-48
448
-496
-3424
-5232
-5056
-4944
-5296
-3696
-576
-864
-4272
-2928
3328
4032
-2224
-4816
-1456
-464
-3632
-4448
-1568
192
-16
1104
3888
5792
5824
4528
2112
-1424
-4496
-4384
-1456
592
464
576
1072
-1184
-4784
-2912
3456
3712
-2800
-3520
2976
4080
-2064
-4768
-1600
816
512
-128
-160
512
928
-1040
-4128
-4208
-1312
448
160
256
688
-688
-3456
-5472
-5648
-3344
-272
-912
-4352
-3536
2240
6352
6192
4000
1280
-368
-96
176
-144
1328
4224
4496
1632
-384
-96
16
-288
1488
4560
4784
1632
-336
224
-1136
-4432
-3056
2864
5056
1984
-224
-48
448
608
-1248
-4448
-3120
2784
5280
2272
-256
-112
-176
-544
1424
4656
4528
1280
816
3888
4544
1648
128
624
-928
-4160
-4448
-1392
400
0
1776
5104
3456
-2544
-5200
-2304
2096
4960
4736
1744
-896
-848
1376
4096
5872
6096
3968
736
992
4384
3792
-1840
-6000
-6096
-3584
-432
-368
-3456
-4592
-2128
1968
5248
3136
-3056
-3680
2384
5472
2720
-1408
-4256
-3888
-880
-608
-3840
-4496
-1360
416
-32
1424
4560
4816
1856
-608
-784
1296
4288
5008
2368
-1696
-4608
-3888
-688
-864
-4368
-3216
3024
5072
1504
608
3872
4704
1840
-224
16
816
816
-960
-3744
-5568
-5616
-3408
-384
-976
-4352
-3440
2336
6416
6416
3872
720
704
4000
4848
1760
-176
192
-832
-3552
-5424
-5504
-3744
-1072
464
432
-224
-480
1200
4176
5024
2400
-1984
-5056
-3264
2400
6432
6400
3792
960
864
3712
6016
5984
4048
1328
64
464
-528
-3424
-5264
-5120
-4992
-5360
-3760
-576
-848
-4304
-2944
3312
3952
-2304
-4800
-1264
-304
-3632
-4464
-1408
464
176
1200
3952
5840
5872
4560
2048
-1552
-4560
-4368
-1392
704
624
624
896
-1472
-4912
-2864
3552
3680
-2848
-3472
3072
4096
-2112
-4848
-1744
576
224
-208
64
704
832
-1248
-4192
-4256
-1472
352
272
464
896
-544
-3408
-5488
-5696
-3440
-352
-944
-4352
-3520
2272
6384
6272
4112
1424
-208
64
288
-176
1248
4208
4560
1728
-288
-48
16
-304
1472
4560
4800
1584
-384
240
-1088
-4432
-3088
2848
5056
2048
-208
-144
336
672
-1136
-4416
-3104
2864
5312
2176
-432
-288
-272
-624
1344
4656
4592
1328
896
3984
4528
1472
0
672
-768
-4096
-4512
-1440
368
-128
1600
5040
3568
-2480
-5280
-2512
1920
4912
4816
1920
-784
-944
1248
4096
5936
6128
3984
768
1072
4512
3808
-1936
-6080
-6112
-3664
-608
-576
-3584
-4608
-2080
2000
5232
3104
-3104
-3680
2416
5456
2560
-1616
-4416
-3968
-816
-496
-3824
-4608
-1472
384
-32
