-1264
4496
6384
5232
4624
4960
5136
5312
6176
5568
240
-5024
-1744
4512
1904
-4640
-2784
4256
6448
5072
5744
6016
1856
-3760
-6688
-5488
0
4784
2448
-4064
-7776
-6496
-560
4608
1488
-4704
-2768
4256
6976
5840
5072
4880
4992
5472
5232
4912
5840
5584
1424
-4160
-7104
-5984
-1216
4112
6160
5376
4864
5184
5216
5248
6416
6000
496
-4912
-2624
4016
7632
6208
432
-4736
-2672
3936
7552
6272
1376
-4208
-6352
-5520
-5072
-5168
-5136
-5184
-5136
-5184
-5152
-5040
-6064
-5968
-768
4848
2688
-4000
-6688
-5424
-4864
-5408
-5264
-4880
-5616
-5456
-1232
4496
6464
5632
5904
5488
1072
-4512
-6224
-5088
-5408
-5376
-304
4784
1200
-5088
-2016
4800
1984
-4784
-1744
5024
2080
-4672
-3008
3744
7200
5872
352
-4592
-1424
4528
1552
-4864
-2192
4256
2496
-4112
-6448
-5312
-4832
-5168
-6176
-5808
-448
4848
1648
-4496
-2912
3840
7424
6128
1600
-3952
-6992
-5744
-1232
4000
7040
6144
1328
-4240
-6160
-5216
-5536
-5472
-1392
4256
7088
5792
1264
-3856
-6960
-6160
-256
5184
1872
-4448
-1888
4432
2848
-3680
-7072
-6080
-1408
4544
6672
5456
5760
5632
528
-4608
-2144
4400
6704
5408
5952
6160
864
-4576
-1600
4336
2448
-4336
-6624
-5200
-5680
-5616
-240
5152
2800
-4064
-7568
-5840
-912
4480
7488
6112
320
-4688
-2336
4176
6800
5760
5088
5280
6176
6000
1584
-4224
-6240
-5488
-4976
-5136
-6096
-5776
-1568
4016
7200
6352
464
-4944
-1648
4768
3136
-3728
-7488
-6256
-608
4752
2624
-4144
-6688
-5408
-5712
-5648
-1152
4688
6672
5536
4768
5056
5296
5504
6432
5856
368
-5040
-1776
4480
1824
-4720
-2816
4320
6704
5472
6064
6064
1680
-4144
-7248
-6032
-224
4880
2528
-4080
-7696
-6304
-272
5056
1776
-4720
-2864
4176
6912
5920
5360
5184
5200
5680
5504
5040
5808
5568
1392
-4320
-7328
-6208
-1376
4112
6256
5392
4656
4880
5104
5408
6512
5904
320
-5104
-2848
3936
7760
6384
464
-4816
-2752
3936
7584
6288
1392
-4240
-6400
-5456
-4976
-5280
-5376
-5344
-5200
-5168
-5184
-5200
-6144
-5856
-592
4976
2816
-3888
-6624
-5472
-4896
-5200
-5120
-5168
-6064
-5760
-1456
4336
6400
5632
6032
5776
1344
-4400
-6336
-5488
-6032
-5920
-448
5040
1568
-4864
-1984
4688
1808
-4944
-1936
4848
2080
-4592
-3024
3760
7328
5984
288
-4784
-1504
4624
1680
-4784
-2048
4496
2752
-3808
-6160
-5280
-5040
-5344
-6336
-6080
-608
4864
1568
-4768
-3088
3920
7632
6112
1280
-4256
-7264
-6064
-1360
4224
7280
6096
1152
-4352
-6160
-5328
-5840
-5760
-1456
4432
7472
6256
1488
-4064
-7296
-6320
-352
4912
1424
-4816
-1952
4640
2880
-4032
-7312
-5952
-1360
4256
6464
5712
6320
6080
576
-4960
-2704
3984
6704
5728
6192
6080
528
-4976
-1696
4768
3104
-3968
-6704
-5568
-6160
-6080
-592
5008
2864
-4000
-7728
-6256
-1344
4304
7568
6336
464
-4752
-2384
4240
6768
5696
5152
5312
6160
6064
1616
-4352
-6464
-5664
-5024
-5056
-6096
-5952
-1680
4112
7376
6464
400
-5216
-1856
4944
3568
-3488
-7600
-6480
-688
4752
2480
-4352
-6768
-5360
-5616
-5632
-5504
-3008
1456
5792
8080
7216
2400
-1968
480
5920
5712
2320
3088
6064
6016
2976
-960
-2544
1184
5952
4880
-560
-4464
-6208
-7952
-7408
-1456
5392
6288
2816
608
1280
3840
6352
5984
2800
-224
-1872
-3072
-2544
2016
6336
3696
-1504
-176
5376
7856
6912
4944
2736
1392
1840
3728
5872
6624
6368
7104
6912
2512
-1920
224
5536
6368
2992
-336
-2144
-2208
-1952
-3776
-6192
-5696
-3088
-1488
-1952
-3712
-5856
-7488
-7056
-3280
1536
3184
2320
2720
2768
-1584
-6128
-3792
1488
1216
-1920
-384
2288
-1328
-6240
-3696
1504
0
-5472
-7792
-6944
-4816
-2528
-2304
-2416
1104
5904
6656
3104
-1696
-5728
-8368
-7568
-1536
5424
6736
3056
-800
-2224
-480
1744
592
-1872
-1328
1584
4032
5872
7984
7472
784
-5984
-2864
5296
6192
2480
3840
6576
2464
-5008
-8528
-7200
-2896
1664
3024
2352
3824
6256
5920
3120
-144
-2256
-2320
-2080
-3584
-5984
-8096
-7456
-1184
5712
5072
-864
-4880
-6160
-6608
-6560
-6656
-6672
-5888
-3312
2464
6640
2000
-5520
-4560
1120
2096
-1136
-5280
-6992
-1248
6000
2736
-5472
-4512
1456
1008
-2000
448
5712
8784
7616
1456
-5536
-7296
-3456
2496
6320
4880
-480
-5696
-7008
-2096
5232
7360
3376
-2000
-6080
-7776
-6960
-5312
-2976
800
2560
-1024
-6016
-7040
-3584
2640
6672
2624
-5136
-6560
-2960
-2256
-2640
1728
6304
3744
-1552
-1712
1632
3760
2896
-1696
-6112
-4656
976
5712
6896
3216
-1584
-1360
1696
1648
-1392
-4864
-6624
-4272
928
4960
6560
6112
3248
-1472
-5728
-7472
-6992
-5664
-3040
1408
5760
8096
7232
2464
-1856
512
5952
5952
2640
3280
6144
6112
3104
-912
-2592
1184
6016
4704
-1040
-4784
-6160
-7856
-7408
-1328
5712
6624
3024
816
1536
4000
6352
6112
3168
112
-1776
-3136
-2624
2064
6448
3728
-1440
0
5600
8080
7072
4928
2496
1120
1728
3808
6112
6944
6608
7280
7232
2800
-1872
288
5856
6752
3232
-368
-2384
-2368
-1952
-3904
-6352
-5712
-3056
-1504
-1984
-3824
-6064
-7696
-7200
-3344
1520
3248
2512
3072
3136
-1424
-6160
-3648
1840
1296
-2176
-496
2512
-1056
-6080
-3504
1792
224
-5408
-7808
-6976
-4976
-2800
-2560
-2640
928
5840
6832
3424
-1504
-5808
-8448
-7488
-1456
5472
6912
3248
-912
-2512
-432
2160
784
-2096
-1504
1632
4080
5936
8096
7536
688
-6224
-3024
5440
6496
2736
4064
6736
2496
-5088
-8768
-7520
-3120
1520
2816
2144
3728
6288
6048
3232
-80
-2176
-2272
-2160
-3632
-5936
-8080
-7536
-1248
5632
4896
-1168
-5232
-6400
-6624
-6480
-6640
-6768
-6096
-3536
2304
6576
2016
-5472
-4464
1328
2080
-1552
-5664
-7024
-1248
5904
2656
-5472
-4368
1696
976
-2464
-112
5360
8624
7552
1520
-5456
-7520
-3904
2240
6304
4656
-1008
-6128
-7136
-2032
5296
7424
3584
-1696
-5920
-7888
-7152
-5472
-3072
880
2848
-784
-6000
-7184
-3808
2464
6656
2544
-5440
-6848
-3072
-2368
-2768
1728
6464
3952
-1456
-1712
1664
3808
2848
-1872
-6368
-4848
832
5504
6720
3232
-1376
-1136
1776
1568
-1440
-4864
-6672
-4320
880
4912
6512
6016
3088
-1616
-5872
-7600
-7024
-5520
-3856
416
5072
7440
6272
1184
-3104
-448
5120
5792
3712
4112
5552
5712
3952
-480
-3536
48
5152
3456
-2512
-5520
-5920
-7008
-6400
-976
5056
6160
3840
2496
3088
4528
5744
5696
3776
384
-3008
-5040
-3952
1264
5472
2272
-3040
-1152
4800
6992
5872
4768
3824
3200
3504
4464
5440
5632
5472
6352
5936
1024
-3488
-944
4848
6672
4288
288
-3312
-4304
-3808
-4624
-5808
-5328
-4032
-3392
-3712
-4544
-5600
-6704
-6144
-2016
3056
4608
3808
4320
3984
-1056
-5568
-2304
3168
1232
-3344
-928
3264
-224
-5456
-2576
2800
784
-5120
-7328
-6272
-4688
-3536
-3968
-3840
112
5248
6736
4096
-544
-5104
-7856
-6688
-1088
4928
6672
4032
-624
-3456
-800
3008
928
-3344
-2112
2672
5120
5568
6848
6256
192
-5504
-2384
4784
6000
3728
4896
5936
1456
-4928
-7840
-6464
-1872
2944
4368
3696
4368
5616
5600
3952
352
-3344
-4288
-3760
-4288
-5696
-7344
-6528
-528
5248
3392
-2704
-5792
-5984
-5936
-5904
-5888
-5904
-5904
-4176
1440
5712
1232
-5360
-3088
2848
2384
-2592
-6528
-6544
-480
5440
1600
-5440
-3072
2976
1200
-3104
-880
4752
7776
6432
912
-5184
-7296
-4416
1520
5632
3472
-2512
-6800
-6560
-1408
4976
7024
4112
-800
-5264
-7024
-6208
-5648
-4352
192
3456
384
-5152
-7104
-4528
1328
5456
1920
-5024
-6464
-4032
-4128
-4144
928
5584
2384
-3200
-2320
2608
5456
4256
-1056
-5664
-3456
2720
6672
6224
1184
-3536
-1472
3056
2064
-2784
-6192
-6352
-2672
2672
5584
5904
5728
4112
-464
-5408
-7040
-6224
-5680
-4128
256
5136
7632
6368
1056
-3328
-624
5104
5872
3776
4176
5760
6032
4224
-416
-3680
-64
5248
3552
-2640
-5648
-5792
-6880
-6544
-1168
5088
6256
3920
2704
3392
4736
5856
5856
4016
592
-2896
-5088
-4176
1200
5664
2384
-3136
-1264
4816
7184
6192
4864
3632
3040
3520
4624
5776
6064
5808
6672
6288
1264
-3344
-704
5152
6784
4192
208
-3264
-4192
-3728
-4672
-5936
-5392
-3952
-3280
-3696
-4672
-5824
-6992
-6352
-2112
3024
4704
3952
4544
4288
-816
-5552
-2336
3312
1376
-3440
-1152
3200
-256
-5600
-2464
3296
1200
-5072
-7456
-6448
-4816
-3664
-4208
-4128
-96
5200
6880
4208
-640
-5344
-7984
-6656
-816
5296
6960
4256
-496
-3472
-800
3168
1120
-3120
-1872
2800
5184
5744
7120
6432
96
-5680
-2304
5056
6224
3856
5040
6144
1584
-4928
-7888
-6496
-1856
3008
4464
3760
4384
5696
5808
4192
480
-3376
-4528
-4096
-4512
-5728
-7312
-6656
-672
5312
3408
-2896
-5936
-5904
-5824
-5888
-5872
-5904
-6016
-4384
1344
5808
1376
-5264
-2960
2880
2192
-2832
-6672
-6576
-416
5568
1744
-5328
-2912
3216
1248
-3440
-1184
4880
8016
6464
976
-5008
-7344
-4816
1136
5440
3168
-3056
-7120
-6512
-1408
4832
7184
4656
-384
-5216
-7008
-6192
-5744
-4432
304
3712
624
-5056
-7264
-4704
1392
5728
2144
-5024
-6576
-4032
-4096
-4144
1008
5760
2544
-3008
-2112
2752
5568
4304
-1088
-5728
-3632
2464
6576
6480
1680
-3104
-1360
2944
2000
-2688
-6112
-6368
-2720
2720
5760
6112
5808
4032
-528
-5424
-7136
-6320
-480
5088
6768
5584
4784
4880
5072
5504
6528
5584
-176
-5040
-1152
4720
1520
-4752
-2384
4752
6880
5440
5888
5840
1584
-3952
-6752
-5200
608
5008
2096
-4272
-7488
-5888
80
4768
1120
-4816
-2416
4464
6896
5872
5392
5248
5136
5504
5488
5360
6128
5536
1216
-4240
-6976
-5616
-624
4656
6448
5648
5216
5408
5168
5216
6512
5904
272
-4736
-2160
4368
7728
5936
32
-4608
-2016
4464
7632
6016
1104
-4176
-6016
-5120
-4624
-4752
-4816
-4864
-4784
-5008
-5264
-5168
-5872
-5392
-144
5008
2448
-4160
-6608
-5296
-4656
-5104
-5040
-4816
-5520
-5088
-592
4960
6576
5824
6288
5616
864
-4688
-6208
-4992
-5232
-4896
384
5120
1040
-5008
-1456
5104
1792
-4768
-1472
4928
1776
-4544
-2416
4368
7536
5728
-80
-4544
-656
5024
1392
-4640
-1312
4672
2224
-4048
-5808
-4800
-4560
-4896
-6032
-5648
16
4976
1248
-4576
-2400
4416
7824
6272
1456
-3984
-6688
-5184
-560
4528
7168
6032
1200
-4208
-5808
-4896
-5456
-5216
-832
4816
7616
6016
928
-4256
-6816
-5600
304
5312
1600
-4208
-976
4896
2496
-4032
-6976
-5744
-992
4976
6992
5744
6048
5648
272
-4576
-1664
4832
6816
5456
6064
6064
576
-4432
-800
4896
2336
-4512
-6544
-5168
-5744
-5472
48
5328
2848
-4000
-7504
-5744
-624
4912
7840
6080
-48
-4656
-1584
4848
6944
5952
5488
5392
5968
5808
1504
-4272
-6208
-5408
-4864
-4896
-5744
-5408
-1024
4576
7312
5984
112
-4832
-1280
4752
2688
-3984
-7328
-5776
-32
4976
2288
-4416
-6480
-5104
-5408
-5088
-400
5200
6848
5680
5024
5232
5408
5808
6800
5824
-48
-4992
-1008
4992
1744
-4608
-2336
4704
6976
5776
6144
5840
1488
-4208
-7120
-5488
544
5104
2144
-4464
-7760
-5952
320
5120
1232
-4864
-2288
4736
7120
6128
5696
5408
5168
5632
5744
5552
6240
5664
1296
-4288
-7072
-5680
-592
4864
6656
5600
4896
5120
5184
5520
6848
6112
192
-5056
-2256
4672
8240
6448
304
-4640
-2032
4720
8048
6304
1088
-4416
-6224
-5264
-4880
-5168
-5248
-5184
-5040
-5088
-5056
-4864
-5792
-5552
-224
5120
2528
-4240
-6720
-5312
-4560
-4960
-5072
-5056
-5776
-5296
-752
4976
6768
6064
6560
5920
976
-4784
-6336
-5120
-5584
-5360
208
5248
1232
-4880
-1424
5008
1696
-4720
-1280
5136
1824
-4544
-2272
4544
7696
5968
16
-4704
-784
5056
1376
-4800
-1360
4848
2384
-4128
-6112
-5136
-4800
-5056
-6080
-5520
256
5296
1392
-4768
-2640
4320
7744
6112
1168
-4432
-7168
-5472
-464
4864
7392
5920
960
-4352
-5952
-5120
-5712
-5472
-896
4992
7744
6048
896
-4432
-7024
-5664
288
5152
1312
-4528
-1168
4880
2528
-4064
-7008
-5760
-1104
4704
6816
5888
6336
5792
160
-4928
-2128
4576
7040
5968
6240
5680
-48
-4928
-944
5296
2992
-4080
-6544
-5424
-5936
-5536
16
5232
2784
-4032
-7680
-6032
-848
4880
7920
6176
-32
-4784
-1760
4784
7040
6016
5408
5392
6240
6064
1456
-4496
-6496
-5712
-5008
-4880
-5792
-5632
-1424
4400
7696
6528
208
-5088
-1328
5120
3200
-3712
-7344
-5968
-176
4976
2320
-4544
-6688
-5264
-5584
-5312
