6048
5808
1568
-4032
-7088
-5888
-192
4816
2336
-4128
-6432
-5184
-4688
-5072
-6016
-5584
-320
4848
1728
-4400
-2816
3712
6352
5648
6240
6112
1616
-4208
-6288
-5168
-4368
-4704
-4928
-5152
-6000
-5328
-1152
4096
7040
6000
208
-4960
-1792
4496
2816
-3936
-6416
-5296
-4960
-5184
-5088
-5072
-5056
-5072
-4960
-4848
-5840
-5568
-448
4832
2816
-3648
-7200
-5904
-1008
4416
6384
5552
5184
5472
5424
5312
5360
5456
5232
5104
5984
5744
1456
-4144
-6096
-5344
-5920
-5792
-464
4896
1600
-4576
-1728
4672
1808
-4592
-1600
4784
2048
-4208
-2240
4368
6752
5728
5072
5136
5952
5648
1504
-4208
-7104
-5728
-960
4608
7648
6448
1536
-4160
-7216
-5776
112
4976
1712
-4192
-1760
4384
2752
-3824
-6256
-5360
-6064
-5920
-576
5008
2800
-3952
-6432
-5280
-5696
-5664
-1472
4160
7104
6064
1184
-4368
-6320
-5344
-4688
-4976
-5936
-5728
-1408
4416
6480
5664
5120
5312
6448
6128
736
-4784
-2464
4160
6768
5664
5056
5280
5248
5376
6464
6032
528
-4928
-1552
4768
2048
-4432
-2864
3840
7520
6384
576
-4912
-1728
4736
2032
-4368
-1696
4496
2800
-3728
-7264
-6064
-1280
4448
7696
6272
272
-4848
-2704
3840
7488
6304
1600
-4256
-7376
-5824
-832
4560
6560
5728
6096
5792
432
-4752
-2368
4160
7776
6352
512
-4640
-2432
4192
6816
5728
6160
6064
560
-4864
-1584
4576
2880
-3776
-7488
-6208
-320
4928
2544
-4032
-7440
-6064
-160
5072
1904
-4416
-2864
3920
7456
6192
1472
-4032
-6016
-5264
-5728
-5696
-1328
4512
6496
5680
6048
5760
1504
-4144
-7200
-6032
-288
4912
2528
-4160
-6656
-5392
-4816
-5184
-6128
-5600
-112
5216
1920
-4416
-2592
4288
6720
5504
5888
5920
1648
-4112
-6336
-5440
-4768
-5008
-4992
-5120
-6176
-5712
-1328
4224
7280
6192
288
-4928
-1728
4592
2848
-4032
-6768
-5744
-5264
-5280
-5056
-5024
-5120
-5280
-5248
-5216
-6224
-5904
-560
4976
2848
-3968
-7472
-5888
-896
4544
6592
5712
5200
5440
5552
5584
5632
5680
5504
5376
6160
5856
1440
-4352
-6304
-5472
-6128
-6016
-496
4976
1456
-4864
-1744
4976
2048
-4592
-1664
4784
1872
-4720
-2816
4064
6640
5696
5120
5280
6176
5968
1872
-3968
-7104
-5856
-1136
4256
7216
6224
1536
-4112
-7248
-5952
32
5120
1648
-4544
-1792
4768
2944
-3968
-6400
-5424
-6112
-5984
-640
4976
2720
-4064
-6512
-5376
-5856
-5792
-1424
4464
7520
6272
1248
-4272
-6288
-5472
-4864
-5184
-6080
-5632
-1216
4528
6560
5760
5168
5232
6272
6000
720
-4672
-2176
4480
6832
5536
5088
5456
5296
5280
6448
6256
848
-4704
-1472
4736
1872
-4656
-2736
4320
7792
6240
464
-4688
-1456
4752
1648
-4928
-1792
5104
3424
-3552
-7168
-5872
-1360
4112
7696
6832
832
-4624
-2528
4208
7744
6272
1664
-3840
-7072
-6016
-1136
4432
6528
5712
6272
6144
640
-4992
-2848
3904
7760
6448
656
-4624
-2656
4000
6848
5856
6368
6304
656
-4864
-1424
4880
3072
-3872
-7616
-6128
-144
5168
2880
-3904
-7680
-6320
-336
4944
1936
-4224
-2672
4032
7504
6272
1552
-4064
-6160
-5456
-5920
-5760
-1200
4704
6544
5680
1184
6112
6240
3136
1344
1904
4112
6368
6464
3424
-2336
-6464
-3392
1824
-800
-6256
-2704
5424
6336
2736
3664
6400
3968
-1200
-3520
-2464
544
2336
-560
-5712
-8480
-7440
-2400
2048
-1040
-6320
-3120
5056
8640
7408
4704
2512
3520
6288
5744
2880
2464
2736
-560
-5568
-8224
-7312
-3200
1520
3472
2816
1888
2240
4256
6368
6656
3760
-2464
-6704
-2912
5008
9104
7616
2368
-1984
-144
5456
8448
7328
3200
-1584
-3136
-2416
-3568
-6080
-6992
-6624
-6752
-6912
-4960
-2656
-4480
-6736
-1392
5904
3120
-5248
-6608
-2928
-3328
-6288
-5536
-2688
-2352
-2528
944
5952
7952
7184
5904
3296
-1840
-6352
-6032
-2768
-1776
-2176
288
2448
-1776
-6672
-1824
6016
2416
-5936
-2576
5840
2960
-5424
-5040
1072
3808
2704
-128
-2272
-160
2496
-1120
-6272
-3984
1648
1616
-2032
-2880
-2320
-3840
-6208
-7920
-7488
-2544
2208
-848
-6240
-3296
4912
8976
7504
3344
-1328
-3664
-2832
-768
1728
5024
6832
3920
-1328
-3312
-2528
-2912
-2768
1312
6176
6576
3168
224
-1760
-5184
-7040
-1600
5744
4496
-1312
-1328
1904
1600
-1472
-5344
-7056
-2016
5616
6784
3216
2176
2512
-112
-2400
992
6272
6000
2688
3808
6624
3616
-1552
-800
2160
-688
-6192
-6288
-2768
-2320
-2640
2176
6848
2736
-5424
-7712
-3616
2208
6464
6848
3472
-880
-2560
640
5776
8176
7424
4848
2656
4448
6832
2592
-5136
-8464
-7280
-4592
-2640
-4080
-6400
-4368
1008
6096
7424
1168
-6016
-2672
5616
5632
-816
-5824
-6944
-2976
1920
-64
-5872
-6336
-2976
-2352
-2528
1360
6192
6352
3232
1296
1888
4272
6544
6576
3520
-2368
-6672
-3456
2016
-704
-6480
-3024
5328
6544
3136
4080
6640
3984
-1456
-4096
-2992
560
2784
-272
-5840
-8720
-7504
-2240
2272
-1008
-6512
-3296
5056
8768
7504
4688
2384
3472
6400
5936
3072
2544
2592
-912
-5888
-8416
-7424
-3296
1392
3296
2656
1696
1968
4080
6432
6704
3648
-2592
-6768
-2864
5152
9280
7744
2416
-2080
-224
5648
8800
7552
3200
-1648
-3184
-2496
-3712
-6192
-7088
-6768
-6880
-6928
-5040
-2928
-4768
-6848
-1344
6000
3216
-5200
-6752
-3328
-3712
-6432
-5712
-3072
-2736
-2832
688
5856
7968
7184
6064
3664
-1552
-6304
-6224
-3168
-2288
-2656
144
2768
-1456
-6784
-2096
6000
2528
-5920
-2608
5888
3088
-5440
-5168
1152
3984
2784
-112
-2320
-288
2512
-1072
-6400
-4208
1504
1568
-1872
-2608
-2144
-3824
-6304
-8000
-7456
-2416
2240
-1056
-6512
-3392
5008
9152
7648
3264
-1648
-3904
-2832
-688
1952
5376
6896
3600
-1680
-3536
-2656
-3104
-3104
928
6016
6752
3472
288
-2016
-5568
-7280
-1600
5840
4400
-1600
-1408
2192
1728
-1856
-5648
-6992
-2096
5376
6880
3568
2544
2864
-32
-2704
656
6208
6320
3248
4256
6640
3232
-1952
-720
2720
-144
-6016
-6560
-3360
-2880
-3056
1840
6704
2784
-5424
-7904
-3968
1840
6288
6928
3712
-832
-2864
288
5696
8288
7488
4768
2576
4576
7104
2736
-5184
-8608
-7472
-4624
-2464
-4032
-6560
-4512
976
6224
7632
1280
-6112
-2912
5456
5712
-672
-5888
-7104
-3088
1856
-160
-6032
-6448
-2928
-2400
-2800
672
5456
5936
3728
2624
3280
4672
5888
6192
4256
-1136
-5312
-1952
3200
336
-4976
-1872
5072
6064
3856
4960
6208
2768
-2368
-4832
-3680
496
3504
880
-4512
-7440
-6240
-976
3184
-176
-5200
-2160
4848
7456
6288
4640
3600
4352
5856
5232
3728
4080
4032
464
-4496
-7088
-5984
-1584
3136
4864
4128
3392
3680
4688
5680
6176
4432
-1040
-5216
-2016
4784
8160
6528
1232
-3008
-848
4864
7680
6320
2016
-2704
-4288
-3696
-4128
-5200
-5392
-5312
-5600
-5600
-4384
-3440
-5184
-5904
-304
5536
2480
-4544
-5888
-3632
-4048
-5616
-4752
-3232
-3648
-3488
496
5504
7072
6160
5568
3888
-688
-5168
-5552
-3440
-3168
-3312
272
3488
-432
-5296
-960
5600
1712
-5168
-1408
5424
1952
-4944
-3328
2768
5424
4208
288
-2992
-464
3344
64
-5008
-2352
3136
2128
-2432
-3824
-3376
-4224
-5488
-6592
-5984
-944
3520
144
-4992
-2224
4832
8032
6496
2304
-2416
-4688
-3648
-752
2832
6000
6336
2448
-2480
-3968
-3248
-3824
-3568
544
5392
6544
4144
752
-2576
-5792
-6048
-304
5536
2976
-2608
-1232
3136
2192
-2480
-6112
-6080
-944
5312
6416
4064
3824
3968
352
-2960
0
5408
6000
3856
4928
6240
2016
-2864
-848
3184
640
-4976
-5728
-3456
-3712
-3696
1312
5760
2336
-4592
-6928
-4016
1040
5456
6800
4464
-256
-3216
-336
5232
7440
6400
4672
3808
5392
6224
1632
-4784
-7056
-5920
-4048
-3136
-4704
-5760
-2464
3008
6928
6576
272
-5328
-1504
5312
4128
-2208
-6304
-6032
-1120
3616
1184
-4784
-5776
-3504
-3568
-3552
640
5536
6160
3968
2832
3552
4960
5984
6160
4192
-1264
-5456
-1968
3328
384
-5088
-1968
5168
6208
3936
5040
6304
2768
-2512
-5056
-3904
352
3456
736
-4752
-7600
-6304
-912
3440
0
-5280
-2240
5024
7728
6480
4736
3600
4432
6064
5408
3728
4096
4080
272
-4832
-7328
-6176
-1792
2976
4688
3904
3184
3552
4768
5984
6480
4496
-1280
-5520
-2096
4928
8400
6784
1360
-3024
-800
5008
7872
6512
2080
-2752
-4208
-3472
-4112
-5536
-5840
-5584
-5664
-5616
-4416
-3424
-5168
-5920
-304
5584
2448
-4736
-6128
-3744
-3920
-5424
-4784
-3440
-3776
-3552
304
5376
7152
6368
5840
4272
-464
-5168
-5520
-3456
-3456
-3552
352
3680
-320
-5264
-928
5696
1856
-5120
-1376
5616
2160
-4960
-3456
2864
5600
4192
128
-3136
-464
3472
96
-5200
-2496
3152
2080
-2624
-4016
-3472
-4208
-5504
-6720
-6032
-800
3584
-48
-5280
-2352
4880
8176
6624
2192
-2896
-5184
-3760
-528
3232
6384
6560
2432
-2752
-4352
-3568
-4096
-3840
400
5440
6736
4400
816
-2752
-6000
-6224
-384
5536
2832
-2928
-1296
3360
2288
-2608
-6208
-6096
-1040
5168
6432
4336
4256
4240
160
-3520
-560
5056
6032
4288
5440
6352
1584
-3424
-912
3680
1264
-4672
-5840
-3872
-4192
-4032
1200
5840
2512
-4480
-6976
-4256
800
5472
7008
4512
-384
-3248
-160
5440
7600
6528
4688
3680
5376
6528
1936
-4800
-7296
-6160
-4192
-3120
-4624
-5904
-2832
2688
6880
6864
432
-5488
-1520
5664
4416
-2240
-6496
-6272
-1392
3312
880
-4928
-5824
-3600
-3728
-3648
5968
5472
1024
-4528
-7376
-5856
80
4864
1936
-4720
-6960
-5520
-4640
-5008
-6288
-5600
256
5120
1248
-4704
-2432
4080
6128
5200
5968
5888
1296
-4544
-6608
-5504
-4736
-4960
-4992
-5280
-6368
-5552
-832
4576
7200
5776
-128
-4880
-1280
4688
2400
-4304
-6416
-5344
-5216
-5504
-5408
-5296
-5104
-5056
-4960
-4928
-5952
-5376
128
5136
2592
-4032
-7536
-6064
-720
4912
6656
5552
4896
5056
5376
5632
5568
5392
5056
4944
5808
5392
864
-4752
-6416
-5520
-6128
-5712
0
4912
832
-4960
-1168
5040
1344
-4880
-1296
4784
1408
-4656
-2064
4608
6736
5792
5312
5376
6112
5600
1184
-4640
-7472
-5824
-720
4816
7536
6144
1232
-4432
-7584
-5952
544
5248
1040
-4752
-1232
4880
2288
-4400
-6208
-5168
-6080
-5824
-272
4992
2320
-4400
-6608
-5392
-5696
-5424
-1200
4384
7280
5968
864
-4560
-6464
-5568
-4768
-5136
-6400
-5856
-912
4816
6400
5440
5024
5360
6496
5920
336
-4800
-2048
4320
6480
5472
5200
5472
5264
5376
6576
6032
240
-4992
-1136
4848
1504
-4640
-2352
4192
7328
6032
320
-4800
-1264
4832
1424
-4784
-1424
4736
2432
-4304
-7536
-6032
-1120
4720
7968
6208
-304
-5264
-2512
4128
7392
5968
1264
-4544
-7648
-6032
-768
4688
6336
5536
6400
5888
-160
-5248
-2240
4496
7984
6352
256
-4880
-2320
4448
6928
5808
6400
5984
-80
-5152
-976
5136
2656
-4256
-7648
-6032
32
5056
2320
-4368
-7584
-5680
608
5264
1152
-4864
-2320
4528
7408
5760
928
-4416
-6080
-5376
-6112
-5856
-960
4880
6416
5632
6320
5760
912
-4848
-7536
-5824
240
5072
2000
-4784
-7008
-5568
-4768
-5184
-6560
-5856
304
5360
1296
-4880
-2464
4400
6560
5408
5936
5792
1200
-4624
-6640
-5664
-5024
-5136
-5024
-5392
-6592
-5696
-848
4688
7392
5904
-256
-5040
-1136
4944
2384
-4512
-6656
-5552
-5408
-5600
-5424
-5216
-4960
-5056
-5216
-5408
-6576
-5952
-176
5104
2416
-4496
-7856
-6048
-672
4880
6656
5552
5056
5456
5680
5600
5488
5440
5216
5152
6064
5632
1072
-4576
-6368
-5648
-6352
-5968
-128
5088
1104
-4896
-1152
5168
1408
-4944
-1248
5024
1440
-4976
-2400
4448
6656
5760
5392
5584
6368
5872
1456
-4544
-7568
-5904
-704
4752
7360
5936
1008
-4688
-7760
-6048
496
5216
928
-5024
-1504
4784
2224
-4560
-6352
-5248
-6160
-5952
-400
4992
2480
-4272
-6640
-5504
-5808
-5504
-1168
4576
7536
6048
656
-4848
-6512
-5520
-4848
-5264
-6448
-5872
-944
4880
6688
5824
5072
5008
6224
6000
544
-4704
-1904
4656
6704
5328
4960
5328
5184
5456
6784
6048
0
-5232
-1248
4816
1408
-4720
-2176
4624
7552
5856
48
-4880
-1280
4736
1296
-4864
-1280
5088
2768
-4096
-7376
-5904
-1248
4304
7712
6448
272
-4736
-2016
4608
7472
5696
1248
-4192
-7504
-6272
-992
4624
6240
5376
6384
6048
-48
-5424
-2528
4336
7920
6272
112
-5104
-2512
4352
6784
5632
6368
6128
128
-5072
-1088
4912
2400
-4512
-7712
-5808
336
5264
2480
-4192
-7488
-5840
192
4896
1104
-4864
-2496
4416
7568
6048
1120
-4336
-6144
-5584
-6256
-5824
-912
4864
6448
5696
