-4528
-4624
-1872
2464
5184
4816
896
-3488
-2608
2272
4688
4064
3696
3888
4352
4272
816
-3488
-1936
3024
2704
-2416
-5104
-4608
-4816
-4912
-1760
2816
4704
3920
3248
3520
3808
3920
4416
4160
1408
-2624
-5264
-4912
-816
3568
1968
-3040
-2656
2464
5040
4384
3824
3664
3424
3504
3776
4032
4016
3888
4624
4768
1168
-3344
-2544
2320
5264
4496
1184
-2880
-4864
-4464
-4112
-4336
-4288
-4080
-4048
-4160
-4192
-4224
-4864
-4912
-2016
2464
4464
3888
4080
4352
832
-3744
-2240
2784
1824
-3184
-2160
2848
1632
-3504
-2432
2672
2256
-2784
-5232
-4624
-3984
-3968
-4592
-4624
-1792
2624
5200
4544
1184
-3056
-5712
-5216
-1664
2672
5168
4624
640
-3584
-2016
2848
1936
-3104
-2928
2096
4672
4224
4592
4704
912
-3776
-2704
2560
4768
3728
4096
4688
1696
-3120
-5872
-5360
-1920
2368
4256
3856
3584
3936
4416
4160
1344
-2800
-4608
-4240
-4016
-4256
-5056
-5072
-1360
3344
2528
-2512
-5232
-4768
-4176
-4224
-4208
-4208
-4816
-4736
-1056
3456
1680
-3616
-2704
2496
2528
-2224
-5616
-5424
-1200
3568
1872
-3632
-2656
2640
1840
-2928
-2480
2448
5648
5056
1408
-3136
-5792
-5056
-816
3456
2608
-2400
-5872
-5360
-1840
2592
5200
4576
1168
-3136
-5120
-4512
-4608
-4768
-1264
3040
2080
-2720
-5824
-5056
-800
3504
2384
-2832
-5280
-4240
-4224
-4512
-896
3648
2144
-2832
-2800
1808
4992
4512
464
-3936
-3200
1760
5344
5264
1312
-3248
-2160
2560
2496
-2288
-5584
-5344
-2144
2368
4704
4384
4272
4064
1104
-3264
-5168
-4640
-4656
-4496
-1552
2784
5456
5024
976
-3424
-2464
2528
4848
4000
3616
3968
4464
4256
736
-3504
-1872
3104
2736
-2432
-5136
-4608
-4784
-4912
-1776
2816
4720
3984
3344
3616
3888
4032
4496
4176
1360
-2672
-5232
-4800
-672
3648
2048
-2912
-2496
2576
5120
4480
3904
3696
3456
3568
3840
4112
4160
4000
4672
4816
1248
-3248
-2352
2544
5376
4496
1184
-2784
-4624
-4240
-4096
-4464
-4352
-4000
-3856
-3984
-4176
-4416
-5072
-5040
-2112
2352
4336
3760
4016
4256
640
-3936
-2320
2768
1904
-3072
-2112
2848
1648
-3520
-2512
2576
2112
-2992
-5520
-4928
-4128
-3840
-4368
-4448
-1600
2832
5312
4496
1040
-3248
-5936
-5440
-1744
2848
5376
4640
592
-3504
-1984
2736
1888
-2976
-2800
2112
4704
4288
4672
4832
1008
-3792
-2784
2544
4832
3856
4208
4672
1632
-3184
-5952
-5424
-1936
2368
4272
3872
3664
4080
4544
4224
1360
-2832
-4672
-4272
-4080
-4448
-5312
-5312
-1472
3456
2768
-2416
-5296
-4880
-4352
-4448
-4448
-4416
-4944
-4768
-1056
3488
1712
-3616
-2640
2608
2528
-2384
-5760
-5456
-1248
3504
1840
-3600
-2576
2768
1872
-3072
-2608
2448
5712
5104
1392
-3216
-5840
-4992
-720
3584
2768
-2288
-5888
-5456
-1872
2704
5280
4512
1072
-3216
-5280
-4736
-4752
-4784
-1200
3072
1984
-2864
-5888
-5168
-960
3424
2448
-2768
-5280
-4288
-4352
-4704
-1072
3552
1984
-3072
-2896
1968
5232
4736
672
-3792
-3056
1952
5488
5184
1024
-3472
-2144
2704
2544
-2352
-5632
-5344
-2160
2272
4608
4384
4352
4144
1168
-3248
-5184
-4656
3168
464
-2128
-3760
-4544
-4432
-2752
-800
-1616
-3872
-2768
352
-304
-3472
-3216
-32
1424
128
-2192
-3872
-3792
-1824
960
3504
5360
5216
1440
-3152
-3424
-112
2176
1776
-848
-3664
-3088
128
1184
-304
-960
-752
-2080
-3856
-3200
-1248
-1376
-3360
-4752
-4560
-2688
64
1904
1696
-432
-3216
-4544
-4224
-4160
-4336
-2880
-992
-1824
-3936
-2928
240
1232
-112
-1392
-1312
1024
3888
3504
368
-1696
-1296
784
3472
5056
4800
3280
1472
640
864
800
672
2112
4000
3776
1792
96
-656
-688
256
2464
4256
3376
1344
1536
3600
4976
4784
2816
16
-1008
-640
-1904
-3920
-3264
-176
2464
3840
5040
5072
1520
-3168
-3360
0
1120
-336
-528
672
544
-560
-112
960
-208
-3072
-5232
-5024
-1024
3680
2400
-2880
-3232
416
-192
-3600
-2272
2736
5376
4784
3120
1488
1184
1456
-656
-3696
-3024
224
1328
-112
-1504
-1344
576
3328
5376
5168
1632
-2944
-4256
-1968
1200
3696
4704
4400
4464
4624
3232
448
-2784
-4416
-1664
3120
4400
2176
-304
-1248
960
4080
1968
-3152
-2480
2800
4432
2048
384
-416
-1936
-3600
-4992
-4928
-1312
3376
4016
656
-2672
-4000
-3744
-1952
1664
4416
2176
-2864
-3936
-448
2704
4016
4912
4880
2800
0
-1120
112
2640
4336
3472
448
-3056
-4544
-1520
3344
3760
208
-1440
-960
-2016
-3840
-3600
-1744
-32
1008
1088
1008
2256
3984
4064
2208
-832
-3504
-3760
-1888
144
1120
304
-928
432
3440
4304
2240
-1120
-3760
-3344
-176
2672
4032
4800
4704
2960
160
-2336
-3840
-4576
-4480
-2848
-1008
-1856
-4000
-2752
512
-192
-3488
-3184
128
1520
96
-2208
-3872
-3824
-1840
1024
3584
5424
5248
1488
-3184
-3584
-304
2048
1728
-832
-3664
-3088
160
1232
-352
-1088
-912
-2192
-3904
-3232
-1328
-1456
-3360
-4752
-4576
-2688
96
1936
1680
-512
-3296
-4560
-4240
-4208
-4384
-2992
-1184
-2016
-4000
-2880
320
1248
-224
-1616
-1520
944
3888
3456
256
-1872
-1552
608
3440
5072
4768
3296
1616
848
1104
1008
880
2304
4096
3840
1904
112
-816
-800
368
2576
4288
3488
1520
1648
3632
4992
4800
2768
-128
-1264
-928
-2080
-3936
-3200
-64
2608
3936
5056
5056
1472
-3232
-3344
128
1216
-448
-592
800
592
-784
-336
976
-112
-3088
-5344
-5136
-1072
3696
2384
-2976
-3328
368
-224
-3648
-2272
2768
5408
4832
3200
1552
1216
1504
-624
-3728
-3088
224
1360
-128
-1568
-1408
528
3296
5344
5136
1664
-2944
-4400
-2160
1104
3696
4752
4464
4544
4688
3216
336
-2960
-4560
-1696
3168
4432
2144
-320
-1168
1104
4176
1952
-3232
-2496
2896
4480
2000
352
-352
-1888
-3600
-5024
-4960
-1328
3392
3968
512
-2832
-4096
-3824
-2016
1600
4320
2048
-2928
-3920
-384
2768
4064
4960
4912
2752
-80
-1168
128
2688
4384
3552
528
-3024
-4608
-1616
3328
3840
304
-1344
-816
-1920
-3888
-3584
-1568
96
928
928
880
2224
4064
4160
2176
-992
-3616
-3712
-1728
208
1104
336
-928
400
3504
4448
2352
-1088
-3808
-3376
-160
2688
4064
4896
4832
4592
3184
32
-3600
-5760
-5504
-2080
1776
752
-3632
-4592
-2432
-2432
-4320
-4624
-2864
272
2368
80
-4048
-3744
624
3728
4656
5792
5888
1968
-3488
-4992
-2752
-1040
-1376
-2864
-4448
-4560
-2688
-208
1632
2864
2720
-608
-4368
-2960
1312
960
-3360
-5744
-5280
-3984
-2416
-1248
-1360
-2624
-4288
-5040
-4816
-5248
-5376
-2288
1552
528
-3728
-5040
-2768
-64
1760
2192
1952
3072
4832
4624
2816
1616
1824
2960
4480
5776
5664
2960
-912
-2592
-2032
-2256
-2512
576
4544
3376
-928
-1120
1696
880
-1856
208
4528
3392
-960
-592
3712
6032
5584
4112
2512
2336
2528
80
-3792
-5120
-3088
544
4032
6352
6080
1920
-3520
-5312
-3040
304
2176
896
-1600
-944
1712
1696
-976
-3120
-4272
-5696
-5760
-1248
4304
3024
-3200
-4912
-2352
-2800
-4912
-2368
3296
6480
5920
2800
-928
-2448
-2016
-2736
-4448
-4544
-2784
-208
1936
2416
2144
2880
4384
5984
5952
1744
-3648
-3776
704
4016
4928
5120
5040
5024
5120
4864
3408
-784
-4704
-2080
3936
3920
-688
-1824
928
4192
5600
1808
-3984
-2576
3760
3920
-816
-960
1872
672
-3488
-6272
-5856
-1648
3760
5872
3632
-928
-4416
-3696
432
4496
5664
2304
-3216
-5504
-3216
672
4128
5904
5552
4496
3040
64
-2112
-64
4048
5632
3600
-1040
-4720
-2464
3552
5424
2928
2144
2608
-416
-4384
-3104
1200
1840
-896
-2944
-2592
736
4576
4080
-192
-4016
-5168
-2576
1360
1472
-1264
-1488
1168
3936
5200
3472
-528
-3632
-4736
-4608
-2960
512
4160
5808
5456
4656
3136
-160
-3824
-5968
-5664
-2192
1664
592
-3824
-4688
-2336
-2336
-4368
-4704
-2800
352
2272
-144
-4208
-3888
432
3616
4768
6048
6096
1968
-3600
-5040
-2752
-1040
-1344
-2880
-4544
-4640
-2672
-192
1584
2896
2816
-592
-4480
-3024
1360
1024
-3376
-5792
-5328
-4064
-2560
-1408
-1488
-2720
-4352
-5088
-4832
-5248
-5424
-2320
1600
560
-3792
-5152
-2864
-112
1824
2304
2048
3104
4848
4672
2896
1696
1856
2992
4528
5808
5712
3040
-816
-2528
-2032
-2288
-2528
656
4656
3472
-880
-1136
1696
912
-1840
208
4560
3360
-1056
-576
3824
6128
5648
4176
2592
2352
2512
32
-3888
-5248
-3200
496
4048
6432
6144
1952
-3520
-5392
-3168
208
2128
896
-1504
-880
1648
1616
-960
-3056
-4272
-5792
-5872
-1264
4416
3104
-3264
-5040
-2416
-2816
-4944
-2368
3376
6592
5984
2832
-944
-2416
-1904
-2672
-4496
-4640
-2832
-224
1904
2336
2048
2848
4480
6144
6112
1824
-3760
-3968
576
4016
5008
5248
5168
5136
5232
4960
3424
-832
-4784
-2112
3952
3984
-640
-1776
960
4256
5696
1840
-4048
-2608
3824
4000
-784
-976
1856
656
-3536
-6384
-6000
-1728
3792
5920
3600
-1008
-4528
-3808
400
4576
5792
2352
-3312
-5680
-3328
704
4224
5936
5536
4528
3072
48
-2096
48
4160
5728
3712
-928
-4736
-2560
3488
5488
3104
2336
2800
-272
-4368
-3104
1280
1872
-1040
-3232
-2896
576
4512
3968
-368
-4176
-5248
-2496
1504
1488
-1344
-1488
1232
4016
5264
3536
-480
-3600
-4752
-4672
-3040
448
4128
5776
5456
4512
3328
208
-3392
-5472
-5072
-1616
2048
912
-3360
-4384
-2448
-2400
-4000
-4400
-2816
400
2560
192
-3776
-3248
1008
3760
4480
5520
5584
1856
-3232
-4656
-2704
-1248
-1520
-2736
-4096
-4304
-2672
-160
1856
3136
2880
-480
-4048
-2496
1584
1008
-3216
-5360
-4832
-3696
-2400
-1392
-1488
-2560
-3952
-4592
-4480
-4944
-4944
-1824
1824
688
-3488
-4816
-2688
48
2032
2544
2192
3040
4560
4480
2960
1936
2080
3024
4304
5504
5376
2672
-1072
-2624
-2096
-2304
-2448
656
4384
3040
-1040
-912
1904
880
-1856
272
4368
3072
-1104
-544
3648
5776
5312
4000
2672
2576
2672
192
-3600
-4944
-2976
560
3920
6080
5696
1744
-3264
-4992
-2912
464
2384
880
-1648
-752
1936
1648
-1120
-3040
-3936
-5248
-5248
-976
4128
2816
-2976
-4608
-2352
-2768
-4496
-1968
3296
6208
5568
2480
-1104
-2560
-2128
-2656
-4080
-4288
-2768
-176
2128
2656
2336
2880
4176
5632
5552
1584
-3376
-3264
1008
4000
4704
4848
4816
4768
4848
4768
3472
-544
-4240
-1744
3728
3408
-896
-1552
1296
4224
5232
1600
-3600
-2112
3632
3440
-960
-752
2096
848
-3264
-5856
-5344
-1392
3648
5728
3680
-736
-4080
-3248
784
4480
5344
2128
-3040
-5248
-3184
640
4032
5600
5232
4464
3168
112
-2144
-160
3888
5520
3600
-880
-4352
-2192
3424
5232
3072
2384
2656
-400
-4096
-2640
1456
1744
-1136
-3072
-2560
800
4400
3712
-448
-3936
-4736
-2048
1616
1360
-1392
-1296
1472
3984
4880
3040
-736
-3488
-4384
-4320
-2848
496
4032
5504
5152
4544
3184
-16
-3584
-5584
-5152
-1712
1920
736
-3536
-4464
-2352
-2288
-4048
-4496
-2800
448
2464
32
-3920
-3424
720
3584
4544
5744
5728
1824
-3360
-4752
-2704
-1168
-1440
-2736
-4160
-4400
-2704
-128
1920
3200
2880
-544
-4096
-2496
1648
1088
-3216
-5376
-4848
-3776
-2528
-1568
-1632
-2640
-3984
-4624
-4464
-4896
-4928
-1856
1808
704
-3472
-4880
-2800
16
2128
2640
2256
3104
4656
4544
3008
1920
2016
2992
4352
5568
5408
2704
-1008
-2544
-2048
-2336
-2480
688
4448
3072
-1040
-896
1936
896
-1888
208
4336
3008
-1184
-544
3728
5872
5360
4080
2768
2624
2704
208
-3584
-4960
-3056
464
3936
6144
5744
1792
-3280
-5088
-2976
432
2336
864
-1600
-736
1872
1568
-1136
-3024
-3968
-5328
-5360
-1040
4144
2848
-3040
-4736
-2432
-2768
-4464
-1904
3360
6272
5616
2496
-1088
-2432
-1952
-2592
-4176
-4400
-2816
-208
2096
2640
2320
2928
4320
5824
5728
1632
-3472
-3360
992
4000
4704
4880
4896
4864
4912
4784
3456
-624
-4368
-1824
3808
3568
-800
-1552
1280
4320
5392
1648
-3664
-2128
3728
3536
-944
-752
2064
752
-3376
-5984
-5488
-1456
3680
5728
3584
-864
-4192
-3312
800
4560
5408
2112
-3104
-5312
-3200
640
4064
5664
5280
4496
3184
96
-2112
-16
4000
5600
3712
-752
-4304
-2176
3472
5312
3168
2528
2864
-208
-4000
-2576
1552
1792
-1216
-3312
-2832
624
4320
3584
-640
-4080
-4752
-1936
1776
1376
-1456
-1312
1568
4112
4992
3104
-704
-3456
-4336
-4352
-2944
432
4016
5536
5168
