1616
-2672
-4608
-4112
-3600
-3792
-3888
-3840
-4432
-4464
-960
3440
1936
-2912
-1904
3072
2640
-2464
-4752
-3920
-4240
-4624
-1872
2448
5088
4736
992
-3040
-2112
2592
5696
5168
1152
-3104
-1632
3200
2704
-2544
-5248
-4560
-3792
-3616
-3776
-4160
-3968
-3536
-4080
-4176
-1456
2800
5456
5088
1760
-2496
-4464
-3968
-3392
-3600
-3872
-4016
-4656
-4496
-848
3504
2560
-2368
-5584
-5040
-1104
3168
2496
-2304
-5456
-4880
-1536
2688
4624
4096
3776
4080
4128
4128
4192
4128
3904
3712
4528
4832
1232
-3392
-2432
2640
5040
4256
3824
4128
3936
3712
4304
4368
1568
-2800
-4784
-4256
-4272
-4240
-1408
2880
4720
4064
4176
4448
1152
-3136
-1520
3312
2032
-3152
-2032
3200
2000
-3168
-2000
3152
2832
-2080
-5136
-4624
-880
3184
1776
-2832
-1696
3312
2464
-2512
-2416
2160
4352
3808
3712
4128
4832
4880
1328
-3152
-1632
3296
2848
-2384
-5664
-5008
-1744
2432
5024
4592
1600
-2336
-5056
-4928
-1696
2640
4592
4064
4192
4368
1600
-2768
-5184
-4528
-1392
2496
5232
5216
1120
-3680
-2336
2736
2176
-2528
-2528
2048
5280
5088
1696
-2928
-4816
-3856
-3888
-4240
-1088
3088
2144
-2608
-4816
-3968
-4240
-4752
-1280
3296
1984
-2768
-2432
2512
4928
4080
4256
4528
1024
-3376
-2432
2560
5632
4768
1248
-2912
-5360
-4672
-784
3152
2144
-2672
-5248
-4672
-3776
-3504
-4272
-4800
-1856
3040
5232
4672
3776
3456
4256
4832
2352
-2080
-5264
-5312
-1072
3712
2096
-3184
-3072
1936
5392
5104
1312
-2976
-2144
2768
4992
3984
3984
4208
1344
-2944
-4736
-4032
-3408
-3632
-3936
-4048
-4560
-4368
-752
3648
2064
-2864
-1856
3152
2672
-2528
-4800
-3920
-4272
-4704
-1888
2528
5168
4752
944
-3152
-2240
2512
5696
5216
1168
-3168
-1712
3200
2688
-2608
-5344
-4688
-3888
-3632
-3760
-4224
-4080
-3616
-4144
-4192
-1408
2864
5456
5040
1712
-2464
-4416
-3984
-3408
-3552
-3840
-4080
-4704
-4368
-608
3680
2576
-2528
-5824
-5216
-1168
3072
2320
-2496
-5680
-5136
-1744
2496
4432
3952
3760
4256
4384
4304
4304
4320
4016
3680
4528
4944
1264
-3536
-2544
2656
5056
4176
3808
4256
4032
3600
4064
4176
1440
-2992
-5072
-4528
-4384
-4160
-1184
3120
4768
3872
3904
4288
1104
-3136
-1472
3424
2096
-3280
-2112
3376
2160
-3328
-2208
3216
2992
-2032
-5168
-4608
-864
3216
1824
-2880
-1792
3280
2448
-2592
-2448
2208
4448
3936
3824
4224
4944
4960
1360
-3088
-1536
3328
2816
-2416
-5728
-5104
-1856
2304
4912
4480
1552
-2320
-5072
-5040
-1824
2512
4416
3904
4080
4288
1472
-2912
-5296
-4576
-1424
2496
5248
5200
1040
-3664
-2144
2944
2176
-2720
-2624
2144
5408
5136
1712
-2912
-4832
-3952
-3984
-4272
-1072
3056
2080
-2704
-4880
-3936
-4224
-4864
-1456
3152
1904
-2784
-2368
2640
5008
4064
4208
4480
896
-3552
-2512
2592
5680
4800
1344
-2800
-5376
-4784
-800
3248
2208
-2672
-5232
-4640
-3840
-3680
-4384
-4704
-1760
2992
5168
4656
3856
3696
4480
4816
2176
-2272
-5328
-5216
-976
3712
2080
-3216
-3136
1920
5504
5280
1440
-2960
-2192
2720
5024
4080
4080
4288
2192
4240
3344
320
-1680
-1440
1056
3856
3648
544
-2608
-4112
-3120
-1104
-1936
-4160
-1776
3344
3440
-176
80
3536
4080
1888
864
1152
880
-304
-2064
-3680
-4544
-4480
-2896
-1088
-2112
-4112
-2080
2832
5664
5184
2304
-624
320
3696
3504
96
-1392
-976
-1824
-3568
-4560
-4432
-3136
-1456
-624
-768
-1440
-1456
912
3920
3840
592
-3056
-4512
-1904
2912
5584
5040
3088
1408
1728
3680
5008
4816
3376
1520
1088
1424
-208
-3264
-4656
-4288
-4352
-4560
-2320
736
-432
-3776
-1728
3552
2560
-2976
-3392
320
16
-3424
-3184
144
1536
1120
1888
3792
5040
4896
3184
336
-2672
-4272
-2944
128
1840
1456
672
-288
-2720
-4512
-1360
3664
2240
-3216
-2192
3360
2848
-2624
-4176
-1712
-592
-992
-320
944
1072
-272
-2320
-3840
-3584
-1824
-128
928
1856
1872
-256
-3232
-4800
-4544
-2800
-1104
-2112
-4128
-2160
2800
5488
4976
3344
1616
1008
1312
352
-1008
544
3680
4080
1888
672
976
896
784
2400
4336
3104
-176
-592
1120
-496
-3808
-2112
2992
4576
2352
64
-1056
-208
1392
-448
-3824
-1984
3152
3856
320
-1824
-1408
-512
608
2816
4480
2720
-448
144
3536
4256
2032
464
-320
-2224
-4048
-2976
128
1392
976
2576
4608
1952
-3056
-3840
-368
3200
4608
3008
-144
-1280
336
2496
3984
5088
5088
2416
-768
416
3856
2640
-2448
-5472
-4992
-2064
976
288
-3072
-4336
-2416
1440
4384
1904
-3216
-2544
2816
4880
2592
-864
-3616
-3520
-1488
-1760
-3824
-2944
304
1616
1232
2496
4304
3232
128
-1936
-1680
944
3936
3712
416
-2800
-4160
-3136
-1200
-2048
-4208
-1744
3408
3504
-144
112
3536
4080
1808
752
1088
880
-320
-2064
-3696
-4640
-4576
-2944
-1136
-2176
-4176
-2128
2784
5680
5264
2368
-672
192
3584
3456
32
-1472
-1072
-1872
-3600
-4608
-4496
-3200
-1520
-688
-768
-1424
-1520
800
3872
3744
448
-3184
-4576
-1936
2896
5568
5024
3088
1472
1808
3728
4992
4800
3440
1712
1312
1568
-176
-3312
-4656
-4208
-4368
-4656
-2288
928
-288
-3792
-1792
3504
2560
-2992
-3376
416
32
-3536
-3248
272
1760
1344
2080
3872
5040
4864
3072
128
-2864
-4272
-2800
304
2000
1616
800
-256
-2752
-4528
-1344
3728
2272
-3232
-2224
3376
2848
-2688
-4272
-1792
-656
-1104
-416
960
1104
-256
-2336
-3920
-3664
-1808
-32
976
1792
1776
-336
-3280
-4880
-4640
-2896
-1200
-2224
-4192
-2128
2880
5536
4976
3392
1792
1248
1536
448
-1088
400
3632
4128
2000
880
1248
1152
992
2592
4448
3120
-224
-560
1216
-464
-3840
-2112
3088
4624
2304
64
-944
-144
1328
-560
-3888
-1984
3232
3920
320
-1856
-1456
-592
576
2880
4576
2784
-480
48
3504
4320
2144
528
-368
-2320
-4064
-2912
224
1568
1168
2720
4736
2032
-3072
-3856
-320
3264
4704
3168
16
-1232
320
2512
4016
5088
5104
2528
-576
592
3984
2672
-2528
-5584
-5040
-2144
848
128
-3184
-4320
-2288
1568
4496
1968
-3232
-2560
2896
5008
2656
-912
-3696
-3520
-1424
-1792
-3904
-3008
288
1552
1136
160
4096
4944
3040
1648
1856
3168
4624
4976
3360
-688
-4448
-2880
1472
368
-4208
-2656
3504
5120
2640
2912
4928
3328
-752
-3024
-2512
0
2080
464
-3568
-6096
-5680
-2096
1744
144
-4288
-2912
3152
6384
5696
3808
2224
2736
4720
4576
2544
2144
2400
80
-3680
-5904
-5552
-2656
1008
2688
2288
1552
1616
3008
4720
5136
3312
-1072
-4720
-2656
3216
6768
6080
2320
-1392
-640
3632
6352
5792
2768
-1008
-2512
-1968
-2544
-4288
-5072
-4896
-4992
-5120
-3840
-2064
-3120
-5072
-1680
4192
3088
-3232
-5072
-2480
-2336
-4496
-4352
-2368
-1920
-2128
144
4000
5888
5424
4592
3104
-448
-4208
-4672
-2544
-1680
-2064
-256
2128
-304
-4576
-2064
4128
2592
-3856
-2480
3984
2928
-3408
-3952
672
3280
2672
384
-1728
-544
2000
16
-4224
-3312
1040
1600
-1168
-2224
-1808
-2672
-4304
-5584
-5520
-2128
1840
192
-4240
-2960
3088
6592
5856
2784
-944
-3024
-2496
-768
1360
3904
5216
3152
-848
-2704
-2160
-2336
-2528
192
4160
5216
3104
720
-1088
-3712
-5360
-1712
4096
3824
-768
-1344
1408
1680
-784
-3824
-5312
-2096
3632
5248
2848
1824
2240
416
-1856
64
4240
4768
2432
2896
5024
3056
-1152
-960
1856
528
-3840
-4864
-2640
-2096
-2496
736
4784
2784
-3200
-5744
-3424
848
4448
5296
3184
-144
-2048
-208
3856
6112
5712
3856
2144
3216
5216
2592
-3200
-6128
-5552
-3648
-2000
-2800
-4704
-3488
512
4384
5760
1712
-4080
-2656
3600
4512
-64
-4112
-5248
-2512
1552
752
-3760
-4880
-2576
-1952
-2336
320
4304
5008
2880
1328
1568
3088
4752
5120
3344
-848
-4624
-2944
1456
240
-4352
-2688
3616
5152
2512
2800
4992
3520
-528
-2768
-2304
64
2000
320
-3696
-6176
-5776
-2192
1648
48
-4352
-2896
3280
6560
5856
3936
2288
2736
4688
4576
2656
2320
2544
176
-3664
-5968
-5632
-2640
1120
2880
2480
1728
1760
3104
4832
5248
3392
-1072
-4800
-2720
3216
6800
6128
2336
-1424
-656
3664
6384
5872
2912
-928
-2496
-1936
-2560
-4416
-5200
-4944
-5008
-5200
-3888
-2032
-3200
-5280
-1776
4256
3120
-3280
-5136
-2576
-2448
-4576
-4384
-2400
-1984
-2272
0
3952
5952
5536
4688
3152
-432
-4224
-4752
-2672
-1824
-2128
-192
2240
-256
-4640
-2096
4224
2688
-3888
-2512
4080
2992
-3536
-4112
640
3280
2608
320
-1744
-544
2048
64
-4304
-3424
1040
1680
-1152
-2256
-1792
-2640
-4336
-5680
-5616
-2224
1728
96
-4336
-2976
3152
6752
6016
2896
-832
-2864
-2336
-752
1216
3760
5232
3248
-768
-2640
-2144
-2368
-2576
224
4288
5360
3120
640
-1136
-3744
-5408
-1760
4080
3824
-816
-1360
1440
1680
-768
-3808
-5328
-2128
3712
5392
2912
1824
2192
336
-1888
128
4352
4848
2464
2896
5056
3152
-992
-864
1872
480
-3888
-4880
-2576
-2048
-2560
720
4880
2832
-3264
-5808
-3440
768
4368
5360
3312
-128
-2160
-272
3888
6128
5696
3936
2320
3344
5232
2576
-3216
-6144
-5568
-3744
-2224
-3056
-4800
-3408
704
4544
5776
1600
-4144
-2608
3664
4496
-192
-4256
-5360
-2560
1568
784
-3776
-4992
-2752
-2160
-2496
80
3952
4848
3152
1920
2048
3088
4416
4944
3472
-624
-4288
-2560
1680
400
-4048
-2496
3392
5008
2800
3024
4688
2960
-992
-3200
-2640
48
2224
544
-3520
-5888
-5344
-1744
1904
192
-4112
-2704
3120
6128
5504
3904
2480
2800
4512
4432
2736
2416
2528
144
-3568
-5744
-5344
-2384
1264
2864
2416
1744
1824
3008
4544
5024
3328
-1008
-4544
-2480
3184
6576
5792
2000
-1568
-656
3584
6208
5520
2432
-1232
-2640
-2112
-2624
-4192
-4896
-4736
-4736
-4848
-3792
-2288
-3248
-4848
-1456
4016
2832
-3184
-5024
-2704
-2432
-4240
-4176
-2544
-2192
-2272
128
3936
5648
5200
4528
3152
-352
-4064
-4608
-2704
-1952
-2160
-128
2256
-224
-4368
-1888
3936
2368
-3680
-2256
3792
2656
-3248
-3536
960
3488
2784
256
-1936
-512
2144
64
-4064
-2944
1312
1536
-1408
-2432
-1952
-2704
-4192
-5376
-5216
-1808
2000
224
-4096
-2800
3008
6352
5584
2496
-1168
-3232
-2656
-704
1600
3968
4944
2736
-1120
-2816
-2288
-2496
-2640
80
3984
5184
3200
608
-1408
-3808
-5072
-1472
3872
3328
-1040
-1184
1664
1600
-1104
-3904
-5040
-1904
3536
5136
2976
2096
2384
320
-2048
-112
4080
4736
2624
2992
4736
2576
-1408
-896
1984
592
-3712
-4768
-2768
-2304
-2544
688
4544
2608
-3120
-5632
-3440
720
4288
5248
3232
-224
-2240
-272
3824
5888
5440
3840
2384
3248
4864
2272
-3120
-5808
-5296
-3632
-2176
-2912
-4512
-3120
816
4400
5424
1424
-3904
-2352
3488
4064
-464
-4160
-4912
-2080
1744
800
-3664
-4832
-2688
-2096
-2336
320
4176
4928
2992
1584
1760
3072
4560
4992
3360
-784
-4400
-2592
1648
304
-4176
-2512
3520
5056
2624
2864
4736
3136
-816
-3040
-2464
128
2160
416
-3600
-5984
-5456
-1856
1808
112
-4128
-2656
3232
6256
5584
3904
2448
2752
4432
4432
2800
2528
2608
176
-3600
-5792
-5344
-2352
1360
3024
2608
1920
2000
3120
4576
5088
3408
-976
-4576
-2544
3120
6496
5760
1984
-1632
-720
3568
6208
5600
2560
-1184
-2656
-2112
-2624
-4272
-4992
-4784
-4784
-4912
-3808
-2224
-3232
-4928
-1488
4080
2912
-3168
-5040
-2752
-2512
-4336
-4272
-2608
-2240
-2320
64
3920
5744
5312
4624
3200
-352
-4096
-4640
-2784
-2112
-2272
-80
2384
-128
-4384
-1936
3984
2416
-3696
-2224
3904
2672
-3392
-3680
928
3488
2720
192
-1952
-496
2192
96
-4128
-3040
1280
1584
-1376
-2448
-1968
-2672
-4192
-5456
-5328
-1888
1904
128
-4160
-2784
3088
6464
5696
2592
-1136
-3168
-2544
-640
1536
3888
4992
2864
-1056
-2816
-2320
-2544
-2688
112
4112
5280
3232
624
-1392
-3808
-5072
-1456
3872
3296
-1120
-1264
1632
1584
-1104
-3920
-5104
-1936
3600
5248
3008
2048
2272
208
-2016
48
4208
4784
2592
2960
4768
2672
-1248
-784
2048
608
-3744
-4816
-2768
-2336
-2608
720
4672
2624
-3200
-5664
-3456
608
4192
5312
3392
-144
-2288
-384
3744
5840
5408
3888
2496
3360
4928
2352
-3072
-5776
-5232
-3664
-2416
-3152
-4544
-2960
1024
4528
5424
1376
-3952
-2416
3440
4032
-528
-4304
-5072
-2192
1712
800
-3664
-4896
-2880
-2368
-2560
