-768
2128
3472
3440
3216
2944
2320
2240
3296
3232
64
-2288
160
2976
976
-2032
-912
2144
3312
3280
3392
2416
-256
-2976
-4352
-3264
528
3216
1424
-2176
-3744
-2608
608
2800
784
-1984
-752
2048
2576
2160
2720
3264
2960
2512
2512
3040
3776
3296
784
-2128
-3392
-2400
256
2848
3600
3184
3136
3328
2816
2400
3184
3184
384
-2096
-896
1968
3328
2208
-1088
-3264
-1312
2192
3568
2544
-160
-3024
-3952
-3344
-2784
-2432
-2176
-2144
-2128
-2432
-2976
-3152
-3088
-2240
240
2160
880
-1936
-3392
-3264
-2656
-2336
-2640
-3296
-3872
-3376
-848
1984
2656
2288
2976
3232
1152
-1664
-3008
-3408
-4112
-3408
288
3088
816
-2416
-848
1968
368
-2176
-400
2048
352
-1952
-432
2752
4256
3120
-608
-3008
-96
3200
896
-2256
-160
2752
816
-2960
-4064
-3424
-2768
-2336
-2768
-2448
736
3120
880
-1904
-752
2048
3232
2432
48
-2848
-4384
-3280
16
3136
3824
2160
-624
-2992
-3520
-3248
-3696
-3408
-992
2000
3792
3232
160
-2992
-3968
-2624
416
2032
-560
-2928
-224
2864
928
-2720
-3584
-2288
-240
1984
3072
3120
3552
2912
-416
-3072
-1424
2080
3424
3104
3088
2016
-1312
-3008
64
3280
1632
-2048
-3424
-3408
-3920
-3408
-480
2048
1104
-2096
-4272
-3632
-736
2336
3968
3056
-432
-2896
-944
2352
2976
2320
2528
3008
3232
2624
288
-2336
-3184
-2752
-2528
-2848
-3280
-2496
112
2768
3744
2624
-384
-2272
-160
2304
608
-2848
-4064
-2384
1184
3472
1600
-1920
-3344
-3408
-3808
-3280
-720
2176
3312
3152
3248
3328
2592
2240
3376
3488
416
-1936
352
3024
1024
-2048
-1136
1856
3248
3360
3312
2160
-368
-2992
-4496
-3456
304
2848
1024
-2272
-3520
-2304
976
3280
1072
-2096
-976
2096
2912
2496
2848
3216
2848
2480
2608
3168
3760
3184
800
-1968
-3248
-2368
320
2992
3696
3232
3216
3296
2576
2096
2976
3008
128
-2416
-1104
1840
3280
2384
-704
-3072
-1472
2048
3600
2464
-368
-3152
-4016
-3312
-2496
-2064
-2080
-2256
-2176
-2192
-2576
-3008
-3312
-2416
288
2160
736
-2080
-3456
-3216
-2480
-2208
-2624
-3264
-3808
-3328
-800
2016
2688
2464
3296
3488
1136
-1968
-3312
-3424
-3792
-3072
288
2880
768
-2352
-1024
1600
128
-2128
-128
2256
304
-2016
-256
3008
4416
3232
-432
-2944
-208
3152
1024
-2048
64
2992
992
-2864
-4080
-3328
-2464
-2096
-2752
-2544
576
2992
816
-2112
-960
2096
3280
2256
-80
-2720
-4144
-3200
-144
2896
3792
2400
-336
-2864
-3536
-3296
-3632
-3216
-800
2096
3776
3088
0
-3024
-3840
-2480
432
1984
-640
-3072
-224
3072
912
-3088
-3840
-2240
-64
2128
3168
3280
3872
3200
-368
-3120
-1472
2064
3600
3472
3456
2336
-1088
-3008
-128
3152
1728
-1888
-3280
-3280
-3824
-3248
-288
1952
816
-1952
-3696
-3424
-1200
1904
3984
3216
-368
-2992
-1344
1856
2784
2384
2736
3216
3120
2272
112
-2176
-2704
-2304
-2576
-3120
-3248
-2288
336
3072
3840
2336
-624
-2192
-48
2144
288
-2976
-3936
-2272
1024
3184
1392
-2096
-3472
-3280
-3584
-3232
-3056
-2192
64
2368
3488
2704
-64
-2000
-320
2544
2992
2032
2048
2784
2976
1776
-720
-1936
160
2368
1104
-1568
-2544
-2688
-3248
-2800
-272
2368
2864
1808
1232
1584
2048
2384
2576
1920
96
-1824
-2768
-1888
800
2528
656
-1712
-352
2672
3632
3056
2448
1920
1632
1664
1792
2160
2512
2784
3376
2912
208
-1888
-480
2352
3328
2080
-256
-2032
-2176
-1808
-2304
-2880
-2528
-1856
-1664
-1776
-2032
-2752
-3504
-2912
-672
1472
2016
1792
2224
2000
-560
-2624
-816
1584
160
-1840
-96
1888
-176
-2544
-768
1696
384
-2272
-3040
-2880
-2752
-2448
-2464
-2192
-256
2320
3360
2208
-144
-2336
-3600
-3248
-784
2272
3552
2256
-656
-2192
-224
1808
304
-1616
-368
1792
2288
2240
2944
2672
-144
-2528
-944
2224
2784
1936
2336
2480
432
-2336
-3584
-2832
-512
1776
2240
1696
2000
2816
2992
1968
-272
-2128
-2208
-1744
-2032
-2752
-3456
-2864
-16
2256
1040
-1632
-2640
-2576
-2704
-2832
-2912
-3136
-3344
-2384
576
2656
624
-2080
-784
1536
720
-1712
-3328
-3040
-48
2544
544
-2560
-1152
1504
240
-1808
-512
2240
3616
2896
336
-2560
-3744
-2336
752
2560
1088
-1792
-3392
-2832
-480
2112
3008
1840
-544
-2752
-3408
-3136
-3120
-2128
528
1840
-96
-2704
-3472
-2032
1120
3120
1088
-2448
-3216
-2160
-2144
-1888
640
2512
704
-1552
-672
1504
2480
1808
-688
-2704
-1408
1456
3088
2784
464
-1472
-224
1696
752
-1568
-2944
-2976
-1136
1600
2912
2896
2768
1984
-208
-2512
-3248
-2992
-3056
-2368
16
2480
3504
2688
-16
-1952
-272
2624
3072
2064
1904
2496
2896
2000
-656
-2192
0
2528
1248
-1712
-2688
-2736
-3408
-2992
-256
2512
2960
2080
1712
1856
2096
2608
2832
1856
48
-1600
-2592
-1952
720
2608
832
-1520
-304
2384
3056
2576
2416
2112
1696
1600
1824
2384
2672
2576
3024
2832
256
-2032
-848
1952
3136
2176
64
-1712
-2048
-1792
-2112
-2656
-2624
-2224
-2000
-1968
-2048
-2592
-3296
-2704
-496
1616
2192
2080
2592
2336
-304
-2384
-544
1728
240
-1664
48
1776
-464
-2784
-944
1600
368
-2320
-3168
-3024
-2800
-2352
-2224
-1808
80
2368
3248
2192
-224
-2576
-3744
-3136
-544
2400
3408
2064
-608
-1952
32
2016
320
-1920
-688
1840
2464
2416
3232
2896
-160
-2640
-928
2512
3152
1936
2128
2432
304
-2640
-3776
-2912
-704
1600
2256
1792
1968
2704
2976
2000
-304
-2224
-2336
-1872
-2032
-2560
-3184
-2768
-64
2304
1104
-1616
-2544
-2400
-2640
-2768
-2592
-2704
-3024
-2160
688
2576
320
-2416
-1024
1328
448
-1936
-3248
-2704
160
2416
336
-2544
-1024
1488
80
-2032
-624
2256
3520
2704
160
-2704
-3760
-2080
1072
2736
1344
-1328
-3072
-2992
-736
2144
3120
1776
-704
-2832
-3232
-2688
-2832
-2224
400
1808
-272
-3120
-3920
-2368
592
2400
720
-2352
-3152
-2336
-2336
-2160
256
2256
544
-1808
-816
1632
2784
2032
-720
-2848
-1408
1552
3040
2608
272
-1648
-256
1792
704
-2016
-3424
-2880
-624
1696
2464
2640
3120
2256
-528
-2896
-3280
-2992
-2960
-2448
80
2800
3872
2640
-384
-2128
-128
2848
3360
2464
2272
2848
3408
2384
-768
-2336
176
2480
656
-2288
-2928
-2656
-3008
-2448
96
2752
3472
2816
2416
2480
2480
2768
3280
2448
-160
-2624
-3472
-2192
1008
2688
160
-2272
-352
2816
3504
2848
2544
2512
2544
2496
2496
2640
2640
2800
3392
2544
-544
-2384
-464
2608
3648
2352
-208
-2400
-2848
-2320
-2192
-2528
-2720
-2576
-2448
-2464
-2480
-2800
-3376
-2672
-80
2336
2816
2576
2960
2320
-672
-2448
0
2256
32
-2080
400
2592
32
-2240
128
2480
528
-2464
-3104
-2704
-2576
-2688
-3040
-2448
80
2784
3648
2464
-16
-2480
-3600
-2704
-64
2800
4016
2544
-848
-2400
240
2512
272
-2208
-416
2640
3152
2672
3200
2640
-464
-2624
-624
2544
3136
2560
2992
2704
304
-2448
-3584
-2576
80
2560
3152
2576
2336
2688
3168
2496
-64
-2464
-2816
-2272
-2128
-2448
-3136
-2544
496
2544
624
-2336
-3072
-2576
-2480
-2512
-2416
-2656
-3200
-2256
1104
2912
96
-2320
144
2528
512
-2560
-3648
-2544
704
2736
128
-2416
-32
2320
96
-2096
-320
2688
3808
2688
96
-2528
-3712
-2368
896
2592
544
-2496
-3504
-2432
-16
2640
3760
2608
-112
-2544
-3120
-2848
-3280
-2560
544
2448
416
-2848
-3952
-2240
1040
2640
432
-2752
-3296
-2464
-2800
-2400
656
2512
-96
-2448
-368
2896
3856
2480
-608
-2512
-576
2608
3728
2400
-608
-2112
320
2512
608
-2352
-3264
-2368
64
2592
3120
2768
3200
2720
16
-2560
-2944
-2656
-3088
-2512
112
2672
3504
2384
-432
-2144
-160
2848
3328
2432
2256
2720
3232
2304
-736
-2320
144
2512
784
-2208
-2960
-2688
-3088
-2608
0
2672
3296
2736
2560
2640
2576
2864
3296
2288
-336
-2672
-3488
-2256
960
2672
208
-2096
-192
2752
3328
2832
2688
2624
2480
2352
2560
2976
2912
2784
3392
2752
-384
-2336
-352
2784
3824
2576
-80
-2416
-2800
-2272
-2320
-2656
-2688
-2512
-2288
-2208
-2272
-2512
-2976
-2368
112
2528
2992
2688
3088
2544
-416
-2240
144
2288
-176
-2368
336
2624
-80
-2272
400
2704
464
-2496
-2992
-2656
-2560
-2704
-3152
-2576
-112
2544
3616
2560
-192
-2864
-3792
-2688
-96
2624
3840
2496
-816
-2336
272
2320
-64
-2288
-336
2512
2960
2592
3120
2608
-368
-2480
-512
2576
3168
2736
3152
2784
336
-2528
-3664
-2400
432
2672
2912
2240
2144
2720
3296
2464
-288
-2624
-2768
-2256
-2288
-2592
-3056
-2384
496
2384
448
-2384
-2960
-2464
-2416
-2576
-2672
-2928
-3344
-2480
640
2480
-96
-2400
0
2496
624
-2432
-3552
-2528
560
2544
112
-2272
160
2416
-32
-2320
-416
2640
3792
2848
288
-2608
-3984
-2576
816
2672
816
-2272
-3600
-2688
-64
2832
3856
2480
-240
-2496
-2992
-2896
-3392
-2448
800
2528
416
-2672
-3712
-2240
864
2640
736
-2336
-3152
-2768
-3104
-2320
848
2496
-16
-2352
-656
2416
3776
2688
-448
-2336
-448
2496
3600
2432
-656
-2240
272
2464
448
-2624
-3456
-2288
144
2336
2880
2896
3312
2560
-128
-2560
-2944
-2688
96
2656
3520
3168
3008
3072
2640
2304
3040
2848
-160
-2048
608
2960
704
-1744
-192
2640
3488
3392
3408
2256
-400
-2768
-3632
-2320
1056
3056
1136
-1904
-2960
-1696
1232
2768
400
-2016
-304
2544
2928
2480
2944
3184
2656
2480
2832
3328
3808
3200
672
-2032
-2944
-1728
992
3248
3456
2864
2960
3104
2672
2784
3776
3168
32
-2016
-448
2320
3584
2368
-752
-2480
-560
2416
3552
2496
-192
-2672
-3200
-2496
-1968
-1824
-1936
-1968
-1808
-2032
-2480
-2624
-2640
-1680
896
2480
752
-2048
-3056
-2752
-2272
-1920
-2064
-2720
-3216
-2400
128
2496
2864
2624
3440
3360
672
-2160
-2800
-2688
-3216
-2256
1200
2992
432
-1824
192
2256
320
-1456
704
2416
80
-1856
208
3168
4192
2976
-416
-2304
528
3088
672
-1616
704
2832
592
-2608
-3296
-2592
-2048
-2000
-2592
-1888
1408
3232
560
-2048
-512
2448
3504
2336
-208
-2736
-3792
-2592
400
3136
3808
2288
-544
-2752
-2944
-2688
-3136
-2400
112
2576
3856
3008
-64
-2848
-3344
-1792
1104
2352
-304
-2256
544
3088
768
-2592
-3088
-1648
528
2720
3520
3456
3824
2896
-496
-2640
-720
2496
3568
3280
3296
2240
-752
-2112
592
3072
1264
-2096
-3152
-2928
-3232
-2512
368
2352
976
-1664
-3024
-2496
-208
2704
4256
3008
-528
-2576
-416
2624
3008
2560
3024
3376
3232
2304
16
-2048
-2400
-2176
-2384
-2576
-2512
-1552
816
3136
3824
2368
-656
-1952
416
2320
384
-2528
-3424
-1904
1280
3072
928
-2144
-2848
-2592
-3024
-2432
160
2672
3440
3296
3232
3056
2640
2672
3456
3056
0
-1936
640
3008
720
-1872
-272
2656
3440
3168
3088
2160
-160
-2576
-3776
-2448
1152
3184
1200
-1872
-3072
-1840
1360
3056
448
-2208
-416
2624
3136
2624
2912
3008
2592
2544
2800
3120
3520
2976
592
-1984
-2800
-1600
880
3056
3664
3360
3280
3168
2608
2608
3584
3104
96
-1920
-352
2512
3792
2480
-704
-2496
-704
2304
3552
2416
-352
-2832
-3296
-2512
-1936
-1840
-1968
-2096
-2032
-2064
-2336
-2784
-2976
-1664
1136
2464
528
-2096
-2864
-2400
-1936
-1856
-2288
-2960
-3232
-2320
96
2352
2704
2448
3216
3216
736
-2112
-2896
-2752
-3232
-2304
1232
3168
560
-1792
176
2128
48
-1840
400
2400
288
-1760
32
3072
4320
2944
-592
-2368
512
3008
544
-1824
544
2832
592
-2640
-3216
-2432
-1872
-1856
-2448
-1696
1472
3056
576
-1728
-336
2496
3648
2544
-80
-2656
-3712
-2496
496
3088
3648
2336
-208
-2480
-2928
-2592
-2832
-2352
-192
2464
4080
3296
208
-2592
-3232
-1760
1088
2272
-352
-2240
560
3072
768
-2592
-3168
-1792
368
2576
3312
3328
3888
2976
-400
-2448
-496
2592
3552
3280
3408
2384
-848
-2352
576
3328
1472
-1920
-2832
-2672
-3232
-2512
464
2320
832
-1872
-3264
-2560
-128
2640
4112
2976
-432
-2432
-480
2448
3168
2848
2912
3088
3168
2432
176
-1824
-2032
-1744
-2128
-2720
-2848
-1632
944
3056
3584
2464
-192
-1584
496
2320
432
-2496
-3264
-1712
1264
2960
1152
-1696
-2624
-2672
-3152
-2496
