-2672
-2656
-496
2144
3344
2352
-624
-2736
-1200
1968
3456
3264
2560
2256
3200
3120
-352
-2992
-560
2336
608
-2576
-3008
-2224
-2368
-2000
80
2304
3232
3376
3504
3392
2688
2352
3168
3312
848
-2528
-4192
-3184
48
2144
48
-2640
-1136
2144
3024
2512
2800
3392
3520
3264
2848
2528
2256
2272
2928
2560
-240
-2544
-1088
2288
4128
3344
368
-2720
-3664
-2896
-2080
-1888
-2368
-3104
-3376
-3008
-2272
-1920
-2304
-1968
416
3088
3776
3424
3760
3312
384
-1600
768
3120
384
-2640
-64
3216
1168
-1680
272
2928
1216
-1888
-2544
-2064
-2160
-2768
-3504
-3136
-736
2272
3952
3376
848
-1856
-2992
-2128
-160
2000
3760
3376
-256
-2720
288
3328
496
-2848
-656
3184
3744
2736
2816
2448
0
-1952
-512
2368
3504
3392
3424
2672
464
-1840
-2864
-1968
640
3280
4064
3360
2528
2480
3328
3232
448
-2880
-3856
-3136
-2336
-1952
-2304
-2048
400
2304
400
-2704
-3184
-2144
-1904
-2144
-2064
-2144
-2960
-2944
-144
2368
480
-1920
352
3024
944
-2640
-3648
-2336
384
2224
400
-1824
272
2864
576
-2528
-1120
2272
3664
2768
512
-2112
-3808
-3136
-32
2208
592
-2592
-3712
-2544
-176
2432
3984
3328
640
-2048
-2704
-2496
-3312
-2960
464
3168
1600
-1840
-3744
-3120
-192
2192
928
-2048
-3056
-2832
-3360
-2960
96
2240
0
-2560
-784
2784
4304
3296
192
-2112
-432
3008
4400
2912
-608
-2640
-64
2912
1168
-2400
-3520
-2240
448
3040
3216
2320
3040
3488
1072
-1840
-2400
-2160
-2992
-2992
-576
2448
3872
2736
-608
-2928
-1152
2304
3776
3552
2880
2448
3360
3488
0
-3072
-896
2256
672
-2704
-3152
-2160
-2320
-2192
-192
2160
3056
3120
3424
3440
2656
2432
3408
3312
592
-2688
-4272
-3328
-32
2240
96
-2672
-1024
2336
3120
2528
2608
3024
3392
3360
2816
2400
2368
2592
3088
2384
-592
-2832
-1248
2176
4192
3584
544
-2704
-3696
-3008
-2288
-1920
-2176
-2928
-3344
-3120
-2480
-2032
-2272
-1904
384
3024
3776
3440
3696
3280
432
-1680
576
3104
448
-2816
-336
3200
1264
-1648
400
3264
1552
-1728
-2576
-2240
-2464
-3136
-3776
-3248
-704
2512
4256
3472
672
-2144
-3280
-2432
-224
2368
4240
3664
0
-2544
32
2992
560
-2576
-496
3168
3472
2432
2832
2656
80
-1984
-576
2384
3680
3520
3312
2528
496
-1760
-2912
-2096
480
3056
3888
3232
2336
2384
3504
3440
544
-2688
-3632
-3024
-2320
-2112
-2576
-2112
512
2336
320
-2736
-3120
-2048
-1808
-2000
-1824
-1968
-2928
-2832
-48
2192
368
-1712
576
3184
1024
-2752
-3680
-2032
688
2240
192
-1920
512
3136
496
-2784
-1152
2400
3536
2464
560
-1632
-3264
-2848
32
2256
688
-2496
-3520
-2256
-80
2320
3840
3376
912
-1648
-2256
-2064
-3200
-3168
400
3504
2000
-1744
-3888
-3216
-176
2320
1168
-1856
-3136
-3024
-3504
-3152
-80
2240
-16
-2720
-768
3056
4576
3440
320
-1968
-256
3024
4064
2464
-928
-2880
-176
2976
1120
-2704
-3728
-2128
688
3136
3328
2608
3136
3168
752
-1936
-2480
-2304
-176
-2576
-3040
-2112
-1536
-1792
-2304
-2848
-3280
-2384
656
2688
400
-2208
-192
2544
704
-2624
-2976
-2016
-2400
-2576
-688
1776
2816
1936
-368
-1776
-192
2592
3936
3072
144
-2080
-128
2720
1200
-2400
-3536
-2912
-2432
-2112
-2208
-2640
-2448
-2096
-2432
-2096
32
2496
3696
2976
480
-1824
-2320
-1920
-1696
-1744
-2160
-2832
-3232
-2256
640
2624
944
-2304
-3824
-2816
-16
1776
256
-2512
-3712
-2944
-528
2000
2496
1808
1936
2560
2720
2560
2640
2944
2640
2032
2528
2720
48
-2592
-880
2608
3216
1984
1984
2768
2528
1856
2016
1920
-112
-2640
-3408
-3152
-3088
-2224
192
2480
2848
2144
2096
1648
-480
-1760
304
2416
384
-2432
-720
2128
304
-2544
-704
2320
1312
-1584
-2736
-1920
160
1440
-192
-1760
272
2480
784
-1568
-480
1904
2416
2032
2224
2656
3152
2608
-240
-2256
-144
2432
992
-2416
-3920
-2944
-496
1904
2784
1968
272
-1520
-2944
-3088
-1072
1552
2336
1872
2032
1792
-240
-2656
-3344
-1984
128
1904
3120
2832
-48
-2592
-1120
1344
272
-1776
-784
1664
2928
2496
368
-2176
-2880
-2256
-2320
-2016
288
1952
48
-2928
-3136
-1824
-2048
-2464
-432
1552
192
-1728
-320
2464
3056
2288
2336
1792
-1040
-3072
-1056
2432
3472
1936
-672
-2896
-3520
-2176
432
1824
112
-2656
-3680
-3264
-2464
-2000
-2688
-3008
-736
2416
3600
3072
2128
1680
2368
2784
1120
-1632
-3424
-2848
336
2624
496
-2528
-1600
1472
3136
2512
-48
-1952
-272
2720
3168
2112
2064
1760
-432
-2688
-2960
-2160
-1808
-1920
-2240
-2752
-3264
-2496
544
2832
864
-1840
-304
2224
592
-2768
-3264
-2256
-2624
-2816
-848
1632
2736
1968
-464
-2032
-400
2480
3776
2784
-128
-1904
208
2592
816
-2608
-3728
-3168
-2528
-2016
-2048
-2528
-2496
-2160
-2400
-2208
-304
2208
3504
2832
448
-1888
-2592
-2224
-2000
-2032
-2224
-2640
-3056
-2112
672
2432
736
-2368
-3920
-2928
16
1968
336
-2672
-3888
-3056
-752
1728
2480
1936
1824
2208
2624
2928
2896
2688
2336
2080
2800
2848
32
-2672
-960
2608
3280
1920
1696
2480
2496
2016
2176
1936
-80
-2592
-3440
-3136
-2976
-2256
128
2656
3040
2272
2336
1920
-512
-1920
480
2784
448
-2688
-912
2208
480
-2480
-640
2608
1520
-1856
-3216
-1968
480
1552
-464
-2112
176
2624
944
-1472
-480
1728
2096
1824
2208
2816
3376
2912
192
-1856
112
2704
1296
-2208
-3904
-3056
-672
1728
2608
1680
-160
-1904
-3056
-2896
-896
1552
2320
2000
2224
2032
-64
-2704
-3504
-2096
176
2032
3216
2784
-160
-2512
-768
1600
192
-1808
-624
1808
3232
2992
432
-2592
-3072
-2016
-1968
-1808
224
1776
0
-2832
-3184
-2256
-2608
-2640
-320
1456
-144
-1952
-272
2496
2832
1936
2208
1984
-720
-2784
-928
2544
3776
2320
-368
-2688
-3472
-2304
256
1744
32
-2704
-3456
-2928
-2448
-2112
-2384
-2544
-752
1984
3184
2928
2288
1840
2208
2400
800
-1696
-3408
-3072
0
2480
544
-2448
-1616
1392
3088
2624
128
-1856
-352
2592
3056
2000
2064
1856
-48
-2496
-3008
-2464
-2224
-2352
-2432
-2608
-3104
-2400
768
2752
224
-2208
96
2704
752
-2624
-3248
-2560
-2736
-2288
48
2640
3744
2528
-544
-2176
-64
2928
3888
2592
-496
-2160
320
2784
800
-2464
-3200
-2720
-2640
-2448
-2240
-2400
-2416
-2400
-2704
-2176
80
2672
3744
2688
48
-2224
-2752
-2432
-2336
-2352
-2272
-2608
-3200
-2208
1024
2896
784
-2480
-3728
-2432
624
2400
496
-2640
-3776
-2656
48
2704
3296
2592
2464
2800
2816
2768
2912
3008
2736
2640
3264
2784
-224
-2352
-336
2880
3456
2576
2496
2800
2704
2720
3136
2544
-32
-2480
-2912
-2656
-2944
-2256
288
2672
3104
2752
3168
2624
-448
-2256
320
2640
192
-2336
48
2496
0
-2384
96
2624
816
-2352
-3552
-2352
688
2208
-272
-2224
352
2576
128
-2192
-192
2704
3232
2784
2688
2976
3680
3008
-208
-2112
240
2656
1056
-2288
-3760
-2608
128
2688
3520
2288
-192
-2352
-3040
-2176
112
2464
3088
2864
3136
2496
16
-2480
-3328
-2128
480
2768
3632
2528
-544
-2272
208
2464
208
-2256
-544
2448
3504
2656
176
-2384
-2896
-2560
-3040
-2288
832
2560
400
-2464
-2800
-2240
-2880
-2384
816
2560
-96
-2560
-624
2576
3216
2768
3136
2464
-352
-2176
-448
2672
4016
2832
64
-2672
-3696
-2160
1024
2560
480
-2400
-3056
-2512
-2288
-2464
-3008
-2560
-16
2624
3280
2864
2592
2736
3216
2688
320
-2192
-3296
-2320
800
2624
144
-2432
-672
2624
3872
2672
-352
-2224
-240
2784
3296
2768
3072
2560
-48
-2592
-3024
-2416
-2336
-2432
-2304
-2592
-3248
-2304
928
2592
16
-2096
320
2768
704
-2512
-2912
-2304
-2752
-2416
16
2784
3952
2608
-592
-2192
-128
2800
3840
2544
-608
-2240
320
2784
848
-2336
-3072
-2576
-2448
-2336
-2320
-2608
-2656
-2544
-2736
-2112
256
2896
3952
2832
112
-2256
-2736
-2288
-2160
-2272
-2256
-2512
-3072
-2208
768
2544
720
-2352
-3808
-2656
688
2704
640
-2720
-3824
-2576
96
2624
3200
2608
2576
2880
2896
2816
2912
3072
2848
2576
3024
2640
-80
-2160
-432
2656
3520
2864
2592
2736
2640
2656
3168
2800
272
-2448
-3008
-2624
-2912
-2336
352
3040
3488
2864
2960
2272
-720
-2304
448
2640
-16
-2432
192
2720
112
-2464
-64
2496
608
-2480
-3408
-2208
672
2208
-288
-2256
448
2672
176
-2192
-304
2576
3104
2624
2592
2944
3504
2672
-480
-2080
528
2864
896
-2432
-3536
-2320
160
2656
3584
2400
-64
-2336
-3328
-2464
80
2416
2832
2640
3168
2656
48
-2704
-3616
-2224
592
2944
3792
2768
-224
-2016
256
2320
96
-2048
-144
2816
3824
2832
96
-2624
-3024
-2464
-2912
-2352
688
2592
400
-2704
-3136
-2480
-2912
-2304
880
2576
-64
-2448
-384
2864
3408
2880
3328
2624
-480
-2480
-608
2640
3808
2416
-304
-2704
-3584
-2240
816
2384
320
-2496
-3136
-2688
-2400
-2432
-2928
-2528
144
2944
3600
3056
2688
2832
3264
2528
16
-2480
-3584
-2592
704
2672
256
-2304
-672
2560
3984
2864
-416
-2368
-224
2768
3104
2672
3200
2704
-3136
-2672
32
2704
3616
2384
-656
-2448
-560
2320
3232
2880
2464
2592
3456
2752
-704
-2688
-176
2256
368
-2672
-3024
-2240
-2416
-2144
32
2560
3504
3200
2944
2752
2368
2576
3408
2928
208
-2864
-4256
-2880
720
2464
-304
-2752
-608
2512
2912
2400
2672
3040
3088
2864
2624
2592
2448
2416
2928
2288
-656
-2672
-896
2448
4000
2832
-256
-2944
-3392
-2608
-2224
-2368
-2736
-3040
-3120
-2928
-2448
-2288
-2752
-2256
304
2976
3536
3008
3296
2832
-208
-2048
624
2768
-128
-2576
208
2752
256
-2080
256
2608
608
-2384
-2864
-2320
-2416
-2944
-3456
-2864
-448
2368
3808
2944
208
-2400
-3088
-1904
176
2240
3536
2624
-816
-2592
304
2640
-80
-2688
-432
2720
3072
2672
3088
2272
-544
-2272
-528
2336
3216
2832
2880
2304
160
-2288
-3440
-2352
656
3152
3504
2848
2304
2368
3296
3040
32
-2928
-3376
-2832
-2576
-2464
-2800
-2256
432
2208
240
-2624
-3168
-2416
-2096
-2176
-2224
-2432
-3056
-2480
560
2352
-96
-2064
544
2800
480
-2736
-3520
-2176
704
2336
-48
-2080
576
2800
48
-2576
-800
2288
3280
2256
128
-2192
-3664
-2816
272
2048
128
-2816
-3600
-2240
16
2192
3504
2960
240
-2432
-2624
-2160
-3184
-2976
432
2864
1040
-2320
-3856
-2736
336
2240
512
-2336
-3152
-3088
-3664
-2976
192
1984
-480
-2704
-432
3200
4400
2896
-464
-2336
-192
2912
3696
2064
-1120
-2480
336
2592
256
-3040
-3616
-1856
1008
3104
3120
2672
3168
2912
528
-1952
-2368
-2160
-3056
-2880
-112
2768
3488
1888
-1264
-2864
-704
2400
3344
2896
2336
2336
3328
2992
-432
-2768
-448
2080
320
-2560
-2848
-2240
-2560
-2208
-128
2096
2912
2832
2912
2960
2464
2288
3072
2848
240
-2896
-4144
-2608
880
2432
-240
-2672
-784
2192
2800
2544
2800
3040
3088
2976
2640
2416
2256
2336
2960
2256
-832
-2784
-816
2512
4016
2864
-272
-3056
-3504
-2688
-2256
-2304
-2496
-2752
-2976
-3008
-2688
-2544
-2896
-2272
368
3024
3504
2960
3216
2544
-560
-2128
736
2720
-448
-2912
208
2944
304
-2160
272
2704
816
-2032
-2640
-2400
-2560
-2848
-3232
-2720
-304
2560
3712
2672
224
-2192
-3088
-2032
208
2432
3696
2736
-752
-2656
288
2896
144
-2720
-432
2992
3120
2272
2768
2320
-384
-2112
-432
2224
3024
2816
2896
2224
112
-2272
-3392
-2368
448
2992
3616
3008
2288
2256
3072
2848
0
-2896
-3360
-2720
-2288
-2192
-2704
-2336
352
2128
192
-2624
-3136
-2560
-2512
-2528
-2176
-2336
-3216
-2688
352
2160
-160
-2064
384
2608
416
-2800
-3552
-2112
720
2208
-112
-2064
512
2624
-176
-2848
-912
2304
3120
1920
-80
-2256
-3680
-2752
336
2032
16
-3024
-3792
-2288
176
2512
3616
2784
224
-2160
-2528
-2176
-3008
-2688
624
2864
832
-2416
-3712
-2624
320
2272
528
-2416
-3232
-2976
-3344
-2512
688
2288
-480
-2848
-496
3248
4384
2768
-400
-2096
-160
2816
3712
2128
-1184
-2608
368
2880
560
-2928
-3584
-1952
816
3024
2912
2272
2976
2800
144
-2304
-2480
-2288
