-192
832
1600
2176
2576
2032
1312
2000
2784
1616
-160
0
1872
2976
1904
176
288
1936
2816
2560
2176
1280
-352
-1408
-1184
-64
1536
2384
1520
64
-672
-272
1504
3024
2288
704
576
1136
1280
1616
2224
2096
1152
832
1696
2400
2256
1888
1280
672
736
1168
1872
2864
2848
1904
1920
2512
2160
1760
2336
2624
1648
304
-160
592
1728
1424
-336
-1040
128
1248
1584
1568
832
-608
-1664
-1600
-560
-16
-640
-912
-96
208
-432
-912
-784
-400
176
944
1040
-144
-1264
-976
-432
-704
-752
-416
-784
-1136
-144
1200
1632
1968
2848
2864
1152
-688
-1120
-800
-736
-464
672
1648
1024
160
928
1760
928
400
1456
2064
1232
496
736
1600
2736
2736
880
-144
1168
1728
352
304
2144
2720
1168
-448
-1040
-960
-512
-384
-1024
-768
1184
2080
1104
832
1328
1280
1296
1200
336
-320
-400
48
1488
2864
2688
1344
-256
-1120
-704
-256
-544
-720
-352
544
1696
1696
352
-272
48
208
864
1440
32
-1040
848
2256
336
-1904
-1904
-480
1056
1888
1984
2128
2336
1808
480
-608
-144
1824
3296
3184
2608
1472
-864
-1856
48
1568
512
-944
-1104
-704
-960
-1408
-624
736
880
-144
-1120
-1168
-112
1344
2448
2256
512
-448
624
1520
1376
1712
2192
2048
1792
1152
80
-224
304
480
-96
-960
-1184
0
1744
2576
2400
1696
576
0
800
1376
368
-896
-960
16
1440
2240
1584
208
-736
-960
-480
240
768
1536
2256
2128
1936
2048
1408
944
1808
2160
832
-64
752
1472
608
-384
0
928
1600
2384
2528
1600
448
-512
-912
240
2352
3232
2032
368
-288
32
1168
2048
1280
288
816
1648
1616
1408
1520
1872
2032
1984
2272
2496
2336
2224
1536
224
-352
144
1008
1712
1936
2064
2400
2368
1552
1184
2464
3456
2096
448
544
1184
1472
1216
48
-704
80
1008
1104
1056
656
-688
-1824
-1296
-240
-96
-112
416
592
96
-256
-336
-480
0
1360
1936
688
-816
-1008
-560
-528
-640
-592
-592
-336
336
1120
1712
1648
1296
1936
2736
1792
48
-768
-1056
-1248
-544
1152
2208
1312
256
1200
2016
512
-464
976
1568
16
-400
1232
2816
3312
2224
48
-480
1360
2464
1072
-160
976
2208
1152
-432
-656
-240
112
112
-704
-880
880
2224
1152
16
640
1456
1376
992
432
-144
-160
320
1056
1936
2352
1696
384
-336
-352
-800
-1504
-1136
64
1232
2096
1808
400
-560
-736
-432
640
1184
-224
-1008
816
2112
608
-1104
-1328
-1200
-608
1136
2512
2448
1888
1024
-464
-1120
208
2272
3120
2720
2160
1136
-560
-704
1408
2560
1200
-480
-832
-544
-784
-1088
112
1856
1664
80
-896
-800
368
2112
2816
1920
464
-368
176
1440
1840
1744
2496
3168
2352
1008
288
112
32
-464
-944
-512
160
576
1440
2368
2640
2128
560
-544
496
1440
96
-1440
-1280
32
1632
2080
576
-880
-688
-272
-880
-1200
-2368
-2640
-1456
32
336
-496
-1680
-2368
-2000
-848
320
448
-720
-1344
-288
192
-1376
-2416
-960
592
-400
-2352
-2464
-1696
-1904
-1824
-960
-720
-528
672
1376
560
-528
-512
480
768
-720
-2304
-2400
-1632
-896
-736
-1472
-1952
-1264
-528
-464
-352
-32
288
912
1312
720
-400
-1216
-1232
-592
-464
-1584
-2672
-2304
-880
128
32
-800
-1968
-2832
-2496
-1376
-1088
-1856
-2576
-2784
-2480
-1728
-1232
-1296
-1200
-544
320
688
560
976
1344
0
-1728
-1664
-1040
-1552
-1744
-160
1328
528
-1024
-624
736
608
-784
-1664
-1808
-2288
-2864
-2752
-2448
-1792
0
1344
832
32
-384
-1072
-1296
-768
-192
544
608
-912
-1824
-496
256
-1440
-2752
-1472
384
624
-112
-224
224
-208
-1408
-1520
-496
160
272
144
-416
-768
-672
-880
-896
-64
624
960
1152
496
-352
48
704
-64
-1744
-2720
-2256
-1152
-752
-928
-848
-848
-1296
-1984
-2432
-1936
-1152
-1232
-1296
-864
-1408
-2384
-2112
-1120
-608
-784
-656
576
944
-1088
-2688
-2064
-1344
-1232
-864
-896
-1328
-880
-176
-816
-1872
-1616
-688
-928
-1920
-1840
-1136
-1840
-2880
-2064
-1024
-1728
-2352
-1776
-1376
-1296
-576
656
1152
-32
-1760
-2272
-2128
-2192
-1840
-880
144
736
-64
-1968
-2528
-1008
400
224
-624
-1328
-2240
-3040
-2784
-1584
-1344
-2704
-3248
-1664
16
560
368
-496
-960
-144
624
496
-352
-1888
-2464
-928
272
-720
-2048
-2000
-1296
-704
-320
-416
-560
-16
688
384
-608
-1344
-1728
-2288
-2432
-1104
400
32
-1200
-1648
-1936
-2080
-1040
432
608
-352
-768
64
448
-1040
-2464
-1728
-544
-1136
-2208
-2032
-1648
-2064
-2096
-1040
0
208
144
480
320
-784
-896
480
720
-896
-2464
-3056
-2496
-1232
-960
-1904
-2224
-1456
-912
-672
-32
464
416
432
320
-272
-864
-1072
-752
-80
-304
-1376
-1760
-1200
-512
176
528
-272
-1840
-2800
-2528
-1888
-1600
-1552
-1744
-2096
-1952
-1200
-1040
-1840
-2000
-704
560
704
480
608
464
-384
-800
-16
160
-1536
-2752
-1472
-64
-832
-1776
-528
1072
384
-1440
-1840
-944
-944
-2064
-2576
-2304
-1936
-800
720
544
-816
-1104
-624
-1072
-1696
-656
1184
848
-2000
-3584
-1520
576
-848
-2448
-816
784
-512
-2224
-2016
-624
80
-896
-1792
-912
208
48
-688
-1104
-1088
-1376
-1968
-1296
96
528
512
80
-1296
-1360
464
832
-1120
-2576
-2304
-1584
-1232
-912
-720
-1088
-1456
-1664
-2304
-2496
-1360
-480
-832
-1184
-1216
-1584
-1920
-1840
-1424
-800
-784
-1168
-656
-256
-1648
-2752
-1648
-400
-768
-1488
-1568
-1216
-576
-240
-784
-1440
-1216
-432
16
-160
-720
-1568
-2448
-2704
-1744
-800
-1424
-2304
-1584
-656
-736
-48
1440
1520
208
-832
-1040
-1040
-1744
-2208
-816
784
176
-1536
-2688
-2912
-1888
-624
-416
-1024
-2144
-3264
-3296
-2320
-1072
-608
-1664
-2288
-944
272
128
-64
-240
-480
96
800
496
-768
-2352
-2432
-128
1040
-1104
-2864
-1856
-480
-16
80
-368
-448
768
1664
640
-1056
-1616
-1392
-416
-1584
-2112
-2272
-1696
-928
-704
-496
-304
-272
144
64
-1168
-1424
336
1312
-48
-1664
-1856
-1328
-1248
-1344
-640
448
704
112
-624
-1024
-256
1488
2288
1232
-320
-912
-496
16
-304
-1152
-1552
-1536
-1440
-1264
-1456
-1952
-1840
-1504
-1616
-1168
240
1456
1808
1072
-432
-1296
-800
48
176
-336
-976
-1696
-2144
-1312
448
1120
32
-1344
-1872
-1216
512
1680
704
-1264
-2160
-1680
-384
736
560
-32
432
1344
1664
1616
1312
864
960
1776
2320
1600
-48
-912
-208
832
864
384
592
1200
1232
992
752
16
-832
-1248
-1552
-1840
-1664
-928
224
1024
768
640
1280
992
-640
-1232
240
1184
-384
-1760
-288
1232
-112
-1456
-80
1408
528
-1232
-2048
-1600
-288
512
-96
-512
576
1248
-80
-1296
-368
912
992
928
1040
944
1472
1856
560
-304
928
1584
64
-1472
-1440
-528
352
800
784
416
-240
-1104
-1696
-1168
352
1488
1568
1216
768
96
-864
-1776
-1600
-192
560
80
288
992
48
-1152
-128
944
-384
-1696
-736
944
1472
672
-784
-1552
-1136
-960
-1648
-1792
-416
752
-64
-1488
-1408
-720
-896
-1168
-544
0
-480
-752
352
1648
1504
560
240
352
-192
-896
-112
1648
2016
624
-896
-1984
-2576
-1584
512
1088
-288
-1584
-2224
-2320
-1472
-800
-1408
-1616
64
1808
1792
960
688
880
1088
912
32
-1136
-1952
-1568
304
1200
-352
-1440
-448
544
672
352
-592
-880
304
1184
1008
1184
1760
1344
-80
-1088
-1152
-880
-704
-528
-640
-1344
-1872
-960
992
1680
336
-608
304
944
-240
-1648
-1664
-1008
-832
-656
-16
352
144
-688
-1840
-1696
96
1504
1776
1184
-176
-512
976
1440
-192
-1632
-1824
-1472
-1232
-1584
-2112
-1728
-592
-144
-848
-1296
-352
1008
1680
1392
192
-1120
-1552
-1216
-816
-992
-1808
-2272
-1744
-656
528
704
-768
-2032
-1680
-800
-128
352
-32
-992
-1312
-672
496
1152
656
48
304
768
864
1072
1280
1008
608
672
1040
672
-848
-1728
-816
384
672
896
1632
1792
944
544
912
176
-1568
-2192
-1888
-1808
-1472
-448
656
1088
816
736
944
496
-464
-352
1152
1472
-576
-1600
128
1040
-400
-1216
-112
848
288
-800
-896
128
1056
800
-432
-1088
-320
464
32
-416
240
944
784
400
528
1248
1904
1168
-480
-992
-144
224
-608
-1616
-1680
-816
288
1024
1232
864
32
-880
-1536
-1456
-272
1136
1472
1040
768
208
-1136
-2240
-2016
-976
-240
176
704
528
-704
-1280
-272
592
80
-624
-448
224
816
912
16
-1056
-1152
-960
-1152
-816
272
560
-640
-1696
-1360
-912
-1360
-1328
-352
-48
-816
-928
336
1264
784
192
304
-160
-1440
-1680
-128
1680
2000
736
-928
-1808
-1808
-1040
288
752
-416
-1536
-1264
-672
-960
-1712
-1760
-896
64
912
1840
2288
1728
880
752
880
208
-976
-1632
-1088
672
1312
-608
-1904
-544
1040
1360
688
-528
-832
192
912
832
864
1152
896
-1056
-1856
-1584
-400
1056
1280
-272
-1440
-464
1200
1808
1472
864
800
1616
1584
-176
-1152
-96
640
-432
-1680
-1200
400
864
192
80
576
1184
1840
1680
688
304
1120
2432
2656
944
-1168
-1872
-1264
-416
-400
-1280
-1536
-320
880
768
400
960
1984
2704
2560
1232
-192
-560
-256
96
-96
-960
-1344
-704
464
1744
1712
-176
-1872
-2080
-1424
-528
-176
-608
-1248
-1872
-1840
-640
288
32
80
1136
1904
1856
1792
2064
1856
688
-96
672
880
-960
-1440
1088
2176
304
-288
1264
1792
656
-144
48
144
-352
-1024
-1904
-2560
-1808
32
1344
1504
960
384
224
272
208
624
1744
1632
-528
-1616
176
1360
-368
-1648
-16
1728
1168
352
704
576
-272
-400
256
1232
2176
2064
800
-64
208
336
-400
-352
1376
3008
3216
1984
256
64
1216
944
-640
-1568
-1648
-1248
-656
-544
-752
-624
-144
-32
-896
-1728
-1104
128
720
1104
1328
272
-1456
-1776
-416
720
736
912
1712
1344
-448
-1200
-176
896
1296
1040
256
336
1520
1520
-80
-816
160
1072
848
496
672
160
-1168
-1104
848
1696
0
-1488
-928
-144
48
752
1568
1472
640
-304
-720
-1168
-2096
-1424
1024
1888
672
-400
-1088
-1552
-1040
16
384
-112
-592
-816
-1344
-1248
80
272
-1344
-1600
192
1712
2320
1856
336
112
1600
2048
992
80
-384
64
1584
1920
224
-1200
-880
432
1280
800
-16
496
1648
1696
768
64
-176
-544
-1152
-1264
-496
592
912
-144
-1424
-1504
-832
64
1664
2464
992
-16
1312
1456
-1040
-2304
-944
-96
-736
-960
-368
-128
-560
-720
144
1648
2816
2928
2368
1744
896
512
1344
1568
-128
-1792
-2128
-1424
32
416
-1280
-2048
-432
592
256
848
2016
2336
2112
1504
704
416
336
96
-304
-1344
-2320
-2080
-1088
416
2096
2016
-112
-1920
-1856
-480
384
-320
-1296
-1264
-976
-864
-608
-368
-544
-288
1056
2368
2432
1696
1424
1360
576
144
1296
1552
-640
-1440
768
1904
592
176
1280
1536
704
448
832
640
-384
-1584
-2128
-1728
-832
256
1488
1808
736
-176
96
464
144
128
1184
1568
-112
-1136
512
1408
-496
-1456
496
2224
1856
656
-80
-224
-128
-16
272
576
848
1104
896
160
-320
-400
-256
128
496
1056
1856
1776
752
560
1520
1600
-32
-1952
-2672
-2000
-672
-112
-368
128
800
-480
-2384
-2000
-192
480
240
320
144
-1008
-1776
-672
1088
1040
-528
-640
1328
2128
80
-1952
-1616
-288
368
304
-96
464
2432
2832
480
-880
144
752
352
384
384
-400
-1616
-1968
-480
704
-304
-896
32
-48
-704
176
1328
1232
336
-448
-480
-768
-2192
-2256
432
2720
2288
320
-1584
-2064
-528
1072
848
-240
-832
-1312
-2064
-1968
-640
112
-400
-448
576
1568
2096
1776
592
416
1552
2000
1328
128
-1376
-1376
688
1632
-16
-1264
-368
1088
1712
1184
32
-256
720
1232
368
-304
0
-176
