-1792
-1888
-672
480
1040
688
-864
-1952
-1136
496
1536
1392
720
1200
2432
1648
-944
-1744
-80
688
-400
-1088
-864
-896
-1216
-1392
-784
800
1952
1696
976
384
112
688
1344
704
-720
-1792
-2240
-1664
-128
560
-640
-1840
-1280
-144
320
656
816
400
288
800
1008
688
352
304
736
688
-768
-1808
-816
576
944
512
-720
-2064
-2240
-1696
-1376
-1408
-1760
-2000
-1712
-1280
-1120
-1472
-1968
-1344
416
1536
1424
1296
1552
1088
-192
-240
1456
1616
-960
-2064
368
2016
416
-832
288
1072
64
-944
-992
-1008
-1392
-1440
-1008
-608
-144
560
928
544
-352
-1296
-1600
-896
80
784
1344
1264
-80
-1024
-16
368
-1632
-2592
-384
1376
688
240
960
640
-704
-1200
-448
768
1520
1424
1136
560
-784
-1856
-1888
-1216
112
1296
1200
768
1008
1104
768
416
-480
-2016
-2560
-1616
-656
-512
-896
-1056
-512
-304
-1408
-2752
-2992
-2176
-1328
-1072
-912
-992
-1840
-1712
-144
224
-736
-480
720
608
-752
-1808
-2128
-1648
-112
816
-144
-720
432
704
-1136
-2560
-1712
192
1216
944
16
-1184
-2048
-1552
-192
160
-672
-1280
-1296
-1152
-352
1248
2208
1504
-32
-1184
-1728
-1968
-2128
-1488
304
1504
896
-16
-848
-1648
-832
864
768
-608
-1456
-1792
-1936
-1456
-176
384
-896
-1776
-384
1424
1904
848
-1216
-2064
-432
1216
1152
336
-688
-1152
112
1136
-208
-1824
-1728
-944
112
880
368
144
1152
1040
-656
-1632
-1488
-1296
-1312
-1536
-1408
-96
1408
1104
-1024
-2416
-1360
416
880
720
816
848
1104
912
-1056
-2560
-1056
480
-688
-2000
-1536
-944
-1024
-912
-352
608
1584
1824
1312
432
-304
144
1504
1696
240
-1408
-2448
-2160
-432
416
-912
-1872
-784
320
208
256
1088
1584
1520
1472
1248
704
256
96
144
-80
-1056
-1712
-784
1024
2096
1712
384
-832
-1520
-1664
-1392
-1504
-2224
-2752
-2672
-2096
-1136
-592
-864
-704
400
1168
1152
1424
2048
1856
752
192
896
896
-1120
-2144
-160
1184
-256
-976
560
864
-800
-1248
-432
-928
-2000
-1920
-1616
-1552
-624
880
1456
832
-256
-1360
-1952
-1456
-416
512
1584
1872
272
-880
352
976
-1040
-2240
-320
1584
1024
-320
-432
16
-336
-1136
-960
0
624
592
144
-432
-656
-736
-1008
-752
384
1472
1520
832
560
992
1376
960
-320
-1376
-1632
-1904
-2224
-2240
-2336
-1456
640
848
-1296
-2432
-1808
-1168
-800
-656
-976
-1552
-2048
-1728
32
1216
-16
-944
736
2176
1040
-992
-2208
-1968
-448
608
224
-112
496
720
-384
-1536
-1120
192
704
320
-96
-880
-2256
-2640
-1232
16
-368
-1488
-1968
-1408
-368
528
1392
1856
928
-656
-1520
-1760
-2048
-1760
-208
1248
816
-832
-1968
-2016
-1024
0
-240
-1152
-1472
-1632
-2144
-1936
-544
80
-1264
-2144
-464
1760
2064
800
-624
-1072
-112
1296
1440
-176
-2176
-2448
-832
256
-864
-2448
-2096
-576
448
752
576
416
640
416
-672
-1392
-1184
-992
32
-1600
-2304
-2032
-1440
-864
-448
-576
-1376
-1632
-576
336
-272
-1392
-1376
-480
16
-192
-768
-1312
-832
656
1648
1520
960
240
-560
-784
-288
592
1072
368
-1168
-1584
-112
1152
736
-48
-256
-736
-1440
-1456
-1088
-1216
-1600
-1600
-1616
-1744
-1216
-352
-48
64
-224
-1248
-1808
-1824
-2288
-1936
128
1120
-704
-2272
-1216
288
352
-272
-816
-496
512
592
-272
-576
-512
-352
560
1776
2160
1568
528
-208
-288
-64
224
704
1456
1792
912
-688
-1312
-656
144
688
1392
1696
864
-240
-224
704
1488
1440
480
-656
-800
-224
-512
-1248
-736
432
992
1760
2432
1264
-864
-1584
-768
336
704
-96
-832
-512
-368
-720
-160
496
-320
-1600
-2048
-1456
48
640
-1008
-2000
-272
1040
-464
-1728
-80
2096
2160
1168
656
560
576
224
-944
-1744
-784
560
224
-944
-1088
-400
592
1968
2656
1488
-432
-1440
-1456
-1136
-288
992
1760
1808
1952
1968
1056
-400
-1216
-784
624
1744
1424
336
-112
288
944
880
-400
-1024
528
1792
720
-448
-96
240
-384
-1264
-1568
-1024
432
1616
704
-1440
-2032
-1072
-336
480
1616
1584
-48
-1504
-976
1008
2240
2096
1696
1200
336
-320
-576
-256
960
1904
1248
-544
-2176
-1840
784
2192
560
-624
16
-336
-1680
-1648
-864
-544
-16
448
160
288
1376
1872
928
-336
-832
-832
-976
-688
352
656
-192
-80
1184
1632
720
-752
-1856
-1552
-208
864
1472
1760
1504
1232
928
-80
-1232
-1504
-1216
-1040
-752
-560
-1120
-1728
-1088
-80
-576
-1600
-1024
400
592
-224
-1136
-1760
-1168
176
752
1216
1888
1040
-800
-1376
-720
0
432
336
-256
-560
-288
-160
-176
304
480
-544
-1808
-1744
-464
240
-464
-1312
-1504
-1360
-736
224
848
592
-784
-2048
-2064
-1872
-1904
-1376
-768
-816
-1376
-1712
-1232
-528
-288
16
144
48
768
1504
544
-784
-736
-256
48
944
1952
2128
1696
1104
288
-480
-528
432
1584
1728
768
-512
-1264
-1120
-576
208
1232
1440
464
16
768
1504
1536
736
-672
-1248
-512
-352
-1392
-1920
-1104
160
928
1472
2096
1488
-752
-1872
-704
144
-272
-240
336
304
-160
-400
-192
96
-528
-1872
-2400
-1120
848
1296
-512
-2224
-1760
-592
-816
-1376
-288
1600
2112
1264
640
688
688
64
-944
-1536
-1168
-144
400
-240
-912
-608
0
656
1392
912
-832
-1808
-1376
-512
416
1296
1472
1040
864
1152
928
-336
-1488
-1184
80
832
704
304
-192
-80
1200
1808
128
-1216
192
1712
992
208
272
-640
-1984
-2096
-1632
-800
944
1616
0
-1648
-1792
-1264
-960
-640
192
672
-288
-1328
-672
752
1568
1952
1952
1344
528
-288
-704
80
1360
1456
336
-1024
-1920
-1392
464
1440
464
-960
-1344
-944
-1008
-1760
-2048
-1248
64
800
192
-480
432
1616
1424
352
-784
-1232
-672
-224
-144
128
160
320
1184
1440
640
-240
-1168
-1856
-1520
-288
1008
1536
1424
1312
1216
976
-288
-1616
-1776
-1008
224
1136
304
-1328
-1552
-1344
-1840
-1872
-1392
-592
784
1120
-192
-896
-288
464
1056
1680
2144
1712
48
-1472
-1376
-400
-144
-768
-1248
-1216
-832
0
800
832
528
-16
-1040
-1008
416
816
-224
-720
-480
-560
-736
-592
-496
-560
-656
-784
-896
-1104
-1504
-1168
256
976
128
-720
-864
-544
368
1088
800
608
1088
1376
1280
1280
1440
1600
1552
1376
1248
1024
512
-160
-864
-1344
-1168
-64
1040
912
-192
-544
384
800
-256
-768
592
1440
320
-272
880
1792
1792
1584
944
432
800
976
-16
-1312
-1552
-720
32
704
1760
1568
-464
-1792
-1232
-112
816
688
-544
-592
1088
1712
512
-512
-896
-1392
-1648
-800
896
1808
832
-496
-640
-688
-1248
-1056
32
1200
2080
1744
-64
-1296
-736
-48
-416
-1088
-1408
-944
336
1408
1472
1056
1008
1312
1216
224
-992
-1200
-272
784
1632
2144
1680
976
1296
1728
1344
448
-880
-1168
720
1728
384
-224
784
1648
2368
2176
-64
-1840
-688
928
416
-176
896
1488
144
-1600
-2016
-736
880
1200
784
304
-848
-1712
-864
912
2240
2032
48
-1584
-1296
-64
1088
1824
1680
1312
1408
1184
224
-352
336
1696
2080
688
-1040
-1248
32
1168
1152
768
1056
1152
-80
-1088
-192
784
-16
-1376
-1600
-368
1392
1584
-272
-1856
-1824
-944
288
992
176
-480
288
928
976
1040
64
-1328
-1056
-560
-1360
-1424
80
1344
1664
1568
1184
496
-544
-1440
-1328
-384
576
736
-320
-1344
-1072
-416
-320
-880
-1760
-1424
352
928
-560
-1632
-928
384
1232
1712
2080
1632
160
-1088
-1424
-1328
-944
-624
-832
-1072
-800
-352
112
1008
1872
1264
-592
-1280
80
1376
576
-1344
-2096
-1520
-928
-736
-832
-1248
-1568
-1552
-1408
-1264
-1376
-1216
-112
400
-736
-1616
-1104
-256
288
496
336
448
1152
1536
1136
896
1264
1232
752
1232
2160
1424
-272
-656
-144
-480
-1184
-800
464
976
80
-576
272
880
-112
-736
304
912
128
144
1472
2128
1792
1584
1568
1632
1520
672
-608
-1552
-1696
-848
448
1536
2224
1824
224
-1104
-1216
-496
816
1392
128
-688
336
624
-704
-1168
-368
-192
-912
-848
592
1216
-208
-1344
-848
-768
-1728
-1872
-496
1088
1712
1104
-80
-736
-640
-816
-1488
-1440
-752
-384
32
816
992
656
768
1328
1616
896
-560
-944
272
1216
1312
1376
1360
1408
1808
2048
1840
864
-912
-1200
592
1280
-192
-1216
-464
1008
1632
560
-928
-704
896
1472
384
-208
656
1168
48
-1504
-1824
-944
144
1200
1968
1136
-1152
-2112
-464
1472
1824
1104
-128
-1424
-1616
-384
1216
2096
2032
1808
1536
480
-624
-384
960
2368
2752
1216
-736
-848
368
1232
1216
816
992
1088
-240
-1216
80
1344
464
-944
-1184
-208
1184
1344
-96
-1280
-1216
-496
400
864
400
-128
-96
160
848
1504
832
-448
-896
-896
-992
-576
496
1520
1904
1728
1232
-448
-1312
-1024
-1056
-1088
-368
-304
-1136
-1040
304
1040
208
-464
352
1072
752
384
16
-336
16
544
1088
2208
2784
1728
-80
-1040
-320
1168
1696
864
-288
-448
464
992
576
400
800
704
-112
-448
-48
-16
-400
-752
-1328
-1440
-208
1456
2384
2016
384
-976
-1088
-976
-1152
-784
320
928
16
-1088
-608
752
1424
1152
560
464
976
1344
1184
528
-224
-80
1312
2784
3088
2224
992
416
704
832
384
496
1568
2128
1488
688
720
848
368
496
1920
2768
2080
1568
2128
2928
2976
2016
832
576
864
288
-992
-1280
-304
544
1072
1776
2080
1264
-64
-704
-240
480
672
800
1248
1248
672
256
112
-32
-144
-832
-1872
-1072
1424
2128
288
-768
320
896
-368
-832
976
2544
2224
1264
656
464
576
160
-1088
-1648
-640
768
1360
1008
288
160
1136
2560
3104
1696
-880
-1936
-624
800
1168
1472
1952
2224
2160
1632
1008
80
-1184
-832
1552
2832
2000
976
320
256
1344
1792
112
-1040
400
2048
1792
1136
1120
528
-784
-1760
-1728
-176
1936
2464
1520
464
-336
-592
64
1216
2256
1936
-80
-1520
-864
608
1440
1504
1408
1472
1104
176
-160
592
1408
1408
800
32
-560
-272
1104
1968
1120
-32
32
176
-624
-912
-48
432
256
368
704
1072
1504
1456
864
368
-32
-624
-992
-384
576
528
-128
224
1664
2528
1920
848
176
-224
208
1408
1808
1776
2448
2240
528
-432
-224
-384
-688
-288
144
-368
-1296
-1088
320
800
-256
-736
208
880
608
80
-384
-592
-32
1056
1856
2352
2816
2304
512
-608
-176
656
1008
352
-880
-1008
-224
-16
96
448
320
0
-192
-176
288
496
-16
-480
-784
-560
752
1584
912
256
-48
-592
-624
-272
-592
-752
0
144
-768
-928
256
1184
960
32
-672
-112
1200
1616
1168
640
16
-256
480
1712
2448
2000
768
352
896
960
480
640
1520
1984
1568
848
416
272
240
640
1616
1888
912
672
1840
2480
2160
1552
544
80
640
400
-752
-864
16
864
1664
2272
2224
1360
256
144
1120
1568
752
160
704
1280
944
320
176
80
-688
-1616
-1568
-256
1472
1744
-208
-1568
-240
944
-16
-384
1232
2608
2480
1728
1312
1296
864
-352
-1456
-1232
-112
352
128
112
208
320
1104
1968
2160
1648
192
-1392
-1248
448
1984
2624
2288
1712
1728
1568
688
-224
-864
-848
384
1728
1712
544
-448
416
2608
2672
0
-1152
1104
3136
2480
912
224
320
320
-608
-1728
-1264
544
1680
1328
96
-640
-64
896
1648
2592
2416
192
-1248
-48
1520
1888
1904
1840
1232
368
-112
16
768
1648
1984
1648
912
112
288
1664
2208
1216
608
912
624
-528
-976
176
1488
1600
1344
1248
896
1008
1632
1360
304
-256
-144
144
416
656
704
720
1344
2160
2128
1472
528
-928
-1712
-672
960
1776
2176
2576
2320
