3536
3872
1760
-1872
-4240
-4016
-816
2912
2432
-1680
-4048
-3664
-3152
-3120
-3664
-3936
-1088
2912
1968
-2240
-2144
2000
4032
3344
3376
3664
1568
-1984
-3904
-3680
-3264
-3392
-3264
-3024
-3616
-3808
-1472
2160
4448
4304
1136
-2624
-1680
2512
2544
-1648
-3920
-3440
-3152
-3360
-3376
-3376
-3280
-3088
-2976
-2960
-3600
-3776
-944
2864
2464
-1552
-4352
-4112
-1392
2272
4096
3680
3168
3264
3376
3488
3552
3536
3328
3088
3488
3664
1456
-2240
-4016
-3584
-3728
-4016
-1232
2672
1632
-2640
-1952
2624
2112
-2512
-2048
2416
1952
-2432
-2432
1744
3952
3520
3168
3328
3856
3952
1872
-1808
-4352
-4224
-1584
1984
4256
4032
1520
-1888
-4304
-4288
-960
2976
1888
-2480
-1968
2496
2560
-1824
-4096
-3440
-3456
-3744
-1168
2560
2240
-1696
-3968
-3552
-3536
-3648
-1488
1968
4128
3920
1232
-2336
-4048
-3696
-3072
-2992
-3632
-3984
-1680
2256
4128
3712
3168
3056
3600
3904
1280
-2512
-2032
2016
4192
3632
3104
3216
3184
3136
3792
4048
1280
-2672
-1760
2432
1840
-2480
-2448
1776
4544
4176
1024
-2720
-1808
2432
1872
-2512
-1920
2496
2528
-1584
-4272
-3872
-1392
1888
4368
4432
1232
-2512
-2016
2048
4672
4048
1488
-1808
-4192
-4208
-1648
1968
3712
3264
3616
4224
1360
-2768
-2432
1616
4608
4480
1248
-2560
-2288
1728
4112
3696
3824
4208
1312
-2704
-1680
2560
2480
-1824
-4752
-4448
-1184
2608
2208
-1840
-4624
-4240
-864
3008
1984
-2416
-2528
1776
4576
4128
1392
-2240
-3904
-3392
-3504
-3856
-1632
2128
3776
3376
3664
4000
1776
-1888
-4208
-4000
-832
2928
2432
-1760
-4208
-3840
-3168
-2992
-3680
-4112
-1168
3072
2224
-2128
-2144
2096
4224
3440
3376
3712
1616
-2000
-3952
-3776
-3360
-3456
-3328
-3120
-3744
-4000
-1616
2208
4624
4400
1104
-2736
-1760
2544
2560
-1744
-4032
-3488
-3232
-3440
-3408
-3408
-3376
-3232
-3072
-3024
-3648
-3824
-960
2912
2576
-1504
-4496
-4304
-1424
2352
4208
3824
3312
3328
3440
3568
3584
3536
3408
3200
3584
3776
1536
-2288
-4128
-3680
-3824
-4096
-1184
2848
1712
-2736
-2032
2608
2080
-2560
-2112
2352
1888
-2480
-2448
1824
4048
3568
3184
3392
3936
4016
1888
-1808
-4368
-4224
-1536
2032
4256
4064
1536
-1920
-4432
-4464
-1024
3056
1936
-2512
-1968
2544
2512
-1952
-4192
-3472
-3552
-3920
-1264
2624
2304
-1808
-4112
-3568
-3552
-3792
-1584
2048
4368
4192
1424
-2320
-4144
-3760
-3104
-3056
-3760
-4048
-1632
2352
4208
3824
3328
3184
3664
3920
1232
-2608
-2112
2064
4288
3696
3168
3344
3344
3264
3920
4208
1344
-2720
-1808
2512
1920
-2512
-2512
1808
4640
4256
1072
-2704
-1776
2512
1936
-2496
-1888
2560
2544
-1664
-4400
-4080
-1552
2000
4640
4576
1168
-2640
-2176
1888
4576
4112
1552
-1904
-4400
-4304
-1600
2096
3888
3440
3712
4192
1248
-2864
-2448
1648
4576
4400
1168
-2624
-2336
1728
4160
3776
3888
4224
1328
-2672
-1616
2640
2528
-1792
-4720
-4400
-1136
2640
2240
-1824
-4672
-4304
-784
3136
1968
-2528
-2528
1904
4704
4128
1280
-2400
-4016
-3392
-3488
-3968
-1776
2064
3744
3296
16
3312
4176
2496
1104
1248
2464
3808
4192
2896
-480
-3744
-2640
1088
464
-3504
-2672
2512
4224
2208
2208
3936
2880
-384
-2400
-2176
-160
1728
576
-2752
-4928
-4688
-1856
1424
384
-3360
-2640
2288
5152
4784
3408
2064
2128
3632
3824
2304
1824
2112
384
-2816
-4832
-4640
-2320
752
2304
2064
1456
1456
2416
3744
4272
3008
-560
-3840
-2480
2304
5392
5040
2112
-1024
-672
2784
5168
4848
2448
-672
-2048
-1648
-2080
-3504
-4160
-4000
-4000
-4160
-3296
-1824
-2464
-4112
-1696
3168
2768
-2320
-4240
-2256
-1840
-3520
-3584
-2000
-1584
-1888
-176
3088
4800
4496
3888
2784
-64
-3312
-3984
-2288
-1440
-1744
-320
1808
64
-3696
-2160
3088
2464
-2944
-2464
2944
2624
-2656
-3488
352
2704
2272
400
-1472
-592
1760
352
-3440
-3008
768
1488
-928
-2000
-1616
-2160
-3440
-4480
-4592
-2000
1424
432
-3328
-2736
2128
5344
4992
2576
-544
-2368
-1968
-608
944
2928
4240
2896
-304
-2016
-1696
-1824
-2048
48
3424
4464
2640
480
-944
-2880
-4304
-1680
3056
3184
-528
-1152
1136
1424
-592
-2992
-4320
-1984
2752
4496
2640
1616
1936
528
-1584
-384
3168
4080
2288
2336
4000
2544
-960
-928
1600
768
-2976
-4176
-2448
-1840
-2192
256
3776
2608
-2288
-4768
-3072
400
3472
4448
2896
80
-1776
-416
3040
4992
4688
3296
1856
2480
4192
2432
-2256
-4928
-4624
-3152
-1776
-2272
-3792
-2944
240
3408
4688
1696
-3152
-2480
2640
3824
176
-3296
-4368
-2240
1152
768
-2960
-4160
-2272
-1584
-1936
32
3312
4208
2656
1344
1424
2544
3856
4288
3008
-400
-3728
-2592
1216
608
-3328
-2544
2576
4400
2480
2384
3952
2816
-512
-2560
-2288
-176
1856
736
-2752
-5072
-4864
-1968
1456
448
-3392
-2688
2336
5296
4880
3376
1984
2192
3856
3936
2240
1696
1984
288
-2912
-4976
-4800
-2416
784
2368
2080
1424
1424
2448
3824
4304
3040
-512
-3840
-2544
2256
5456
5168
2176
-1088
-720
2816
5264
4960
2528
-688
-2064
-1600
-2016
-3504
-4272
-4176
-4144
-4208
-3312
-1840
-2464
-4128
-1664
3264
2800
-2432
-4400
-2432
-2032
-3664
-3664
-2096
-1664
-1952
-160
3184
4928
4624
4032
2896
-96
-3424
-4016
-2304
-1504
-1792
-272
1872
64
-3712
-2064
3264
2544
-2928
-2384
3088
2768
-2576
-3520
272
2640
2272
416
-1472
-656
1600
144
-3568
-3072
672
1440
-816
-1808
-1424
-2064
-3520
-4704
-4800
-2080
1424
384
-3472
-2784
2240
5456
5024
2576
-528
-2368
-2048
-704
960
3056
4320
2784
-528
-2224
-1792
-1824
-2064
48
3408
4464
2688
576
-864
-2864
-4416
-1808
3072
3312
-448
-1104
1248
1488
-608
-3056
-4368
-2000
2800
4512
2592
1600
1952
448
-1696
-336
3344
4256
2384
2448
4160
2688
-896
-880
1600
672
-3104
-4192
-2320
-1712
-2160
336
3920
2672
-2352
-4832
-3072
448
3504
4480
2912
32
-1840
-448
3024
5024
4800
3488
2080
2608
4224
2400
-2336
-4976
-4640
-3216
-1888
-2352
-3824
-2960
256
3504
4800
1696
-3232
-2480
2736
3840
80
-3408
-4496
-2368
1152
848
-2944
-4288
-2432
-1696
-2064
-592
2784
3904
2896
2064
2224
2912
3504
3856
3232
176
-3216
-1968
1808
976
-2912
-2144
2352
3936
2704
2976
3904
2096
-1360
-3408
-3104
-464
2192
1232
-2368
-4672
-4256
-1152
2112
880
-2864
-2160
2288
4560
4000
3088
2560
2768
3520
3392
2592
2736
2864
768
-2528
-4512
-4208
-1680
1552
3072
2720
2208
2384
2960
3488
3872
3232
80
-3248
-2128
2224
4992
4560
1424
-1936
-1408
2320
4736
4304
1728
-1488
-2896
-2528
-2704
-3472
-3712
-3616
-3648
-3600
-3024
-2384
-3200
-4032
-1168
2992
2144
-2352
-4096
-2848
-2624
-3552
-3360
-2448
-2544
-2752
-704
2736
4320
3888
3632
3104
512
-2832
-3824
-2704
-2416
-2736
-640
2208
688
-3088
-1680
2912
1872
-2848
-1792
2928
1984
-2704
-2736
1184
3520
3136
672
-2096
-1104
2112
1008
-2896
-2176
1808
1840
-1536
-3072
-2704
-2880
-3456
-4064
-4096
-1328
2192
992
-2832
-2304
2080
4768
4272
1728
-1536
-3504
-3136
-1120
1584
3808
4128
1840
-1520
-2992
-2544
-2704
-2848
-608
2720
4144
3216
1024
-1536
-3776
-4176
-944
3088
2176
-1808
-1648
1728
1888
-1296
-3920
-4128
-1440
2512
4000
2960
2736
3056
832
-2160
-1248
2464
3872
2800
3072
3904
1488
-2160
-1408
2000
1536
-2336
-3968
-2992
-2992
-3248
-432
3056
2064
-2144
-4464
-3456
-512
2688
4336
3552
576
-2224
-1296
2416
4416
3968
3040
2560
3264
3952
1680
-2400
-4304
-3856
-2944
-2432
-3136
-3904
-2160
1376
4096
4352
912
-3168
-1856
2640
2816
-1136
-4080
-4176
-1296
2144
1440
-2480
-4016
-2864
-2736
-2976
-656
2800
3952
2992
2288
2512
3056
3488
3808
3248
176
-3248
-1904
2000
1072
-2944
-2224
2320
4000
2864
3168
3968
2064
-1408
-3520
-3232
-528
2224
1280
-2416
-4864
-4544
-1344
2160
928
-2992
-2304
2320
4688
4128
3184
2560
2736
3552
3440
2576
2720
2880
752
-2640
-4672
-4368
-1792
1536
3152
2768
2160
2320
2944
3504
3936
3312
80
-3280
-2160
2192
4960
4544
1376
-2032
-1488
2352
4864
4416
1776
-1552
-3024
-2624
-2704
-3456
-3728
-3680
-3680
-3632
-3104
-2512
-3344
-4096
-1136
3024
2160
-2304
-4064
-2912
-2704
-3520
-3344
-2592
-2784
-2960
-832
2640
4208
3760
3600
3248
656
-2832
-3952
-2880
-2656
-3040
-848
2208
752
-3120
-1776
2880
1856
-2912
-1888
2912
2016
-2704
-2752
1232
3632
3232
640
-2208
-1200
2080
944
-3040
-2320
1744
1888
-1440
-2944
-2544
-2816
-3536
-4224
-4240
-1408
2176
896
-3024
-2400
2160
4960
4480
1936
-1328
-3280
-2960
-1040
1568
3824
4256
2016
-1392
-2992
-2656
-2800
-2960
-752
2688
4256
3280
992
-1600
-3888
-4336
-1072
3088
2256
-1776
-1600
1840
1984
-1248
-3904
-4208
-1488
2624
4112
2880
2576
2944
800
-2128
-1152
2608
3968
2816
3152
4144
1696
-2048
-1296
2048
1392
-2560
-4080
-2848
-2704
-3008
-176
3424
2272
-2288
-4656
-3424
-352
2800
4336
3424
432
-2192
-1136
2592
4576
4096
3088
2528
3296
4112
1760
-2512
-4480
-3968
-3024
-2496
-3200
-4000
-2240
1360
4160
4496
1056
-3104
-1808
2800
2976
-1088
-4192
-4368
-1504
2080
1488
-2480
-4064
-2864
-2704
-2976
3760
4176
1840
-1904
-4144
-3776
-496
3104
2368
-1760
-4048
-3696
-3040
-2912
-3664
-3904
-672
3280
1936
-2256
-1856
2336
4192
3376
3344
3616
1520
-1968
-3824
-3696
-3360
-3440
-3104
-2848
-3728
-3952
-1232
2592
4688
4272
928
-2720
-1392
2800
2432
-1792
-3744
-3248
-3184
-3472
-3440
-3408
-3232
-3024
-2960
-2944
-3520
-3552
-576
3136
2448
-1728
-4576
-4192
-1104
2656
4336
3840
3216
3136
3344
3696
3824
3712
3408
3200
3648
3680
1264
-2400
-4000
-3536
-3760
-4016
-1040
2832
1440
-2752
-1536
2960
1808
-2752
-1696
2704
1680
-2640
-2128
2144
4064
3520
3248
3504
4016
4032
1776
-2000
-4496
-4192
-1328
2304
4416
4032
1536
-1840
-4400
-4352
-640
3280
1600
-2816
-1616
2928
2288
-2304
-4064
-3136
-3328
-3600
-912
2688
2256
-1632
-3968
-3712
-3568
-3344
-1136
2128
4192
3824
976
-2560
-4192
-3856
-3056
-2816
-3664
-4112
-1440
2784
4576
4032
3328
3024
3472
3712
1072
-2416
-1536
2512
4272
3456
2992
3216
3152
3184
4048
4256
1200
-2688
-1456
2560
1456
-2752
-2048
2464
4784
3984
864
-2560
-1440
2528
1440
-2832
-1536
3104
2752
-1568
-4112
-3600
-1216
2000
4576
4640
1264
-2432
-1616
2496
4816
3984
1488
-1744
-4272
-4384
-1680
2016
3568
3168
3904
4496
1152
-3104
-2432
1856
4832
4640
1360
-2400
-2096
1792
4224
4048
4240
4368
1248
-2608
-1184
2992
2336
-2224
-4992
-4384
-864
2800
1952
-2176
-4592
-3888
-320
3280
1616
-2832
-2224
2384
4752
3792
816
-2704
-3920
-3136
-3488
-4064
-1680
2176
3696
3360
3904
4288
1872
-1840
-4048
-3696
-352
3328
2480
-1888
-4272
-3840
-3056
-2880
-3760
-4144
-784
3408
2064
-2208
-1728
2544
4288
3392
3408
3712
1568
-2032
-3984
-3840
-3440
-3424
-3168
-3024
-3840
-3984
-1280
2640
4864
4416
992
-2656
-1344
2848
2464
-1840
-3840
-3328
-3296
-3600
-3504
-3424
-3264
-3072
-2992
-3072
-3712
-3680
-560
3200
2528
-1680
-4640
-4336
-1168
2800
4592
4032
3312
3248
3536
3840
3824
3680
3472
3232
3664
3776
1344
-2480
-4192
-3696
-3904
-4176
-1152
2784
1328
-2960
-1600
3136
1952
-2896
-2000
2448
1536
-2752
-2272
1984
3904
3456
3360
3712
4336
4368
2064
-1792
-4480
-4368
-1488
2240
4336
3952
1488
-1904
-4480
-4416
-640
3328
1664
-2832
-1664
3024
2448
-2288
-4128
-3168
-3328
-3600
-864
2704
2160
-1776
-4080
-3792
-3600
-3344
-1168
2128
4304
4080
1200
-2512
-4256
-3856
-3040
-2896
-3760
-4064
-1296
2832
4480
3952
3408
3184
3632
3872
1168
-2512
-1728
2448
4368
3632
3168
3360
3232
3216
4080
4400
1376
-2624
-1504
2544
1456
-2784
-2080
2464
4816
4048
928
-2512
-1408
2560
1472
-2848
-1616
3008
2640
-1760
-4384
-3872
-1296
2176
4800
4704
1120
-2688
-1856
2368
4832
4112
1520
-1904
-4448
-4336
-1392
2352
3936
3520
4000
4304
992
-3088
-2272
2080
5040
4720
1216
-2672
-2192
2016
4416
3984
4112
4272
1088
-2752
-1216
3008
2368
-2192
-5008
-4480
-976
2784
2016
-2208
-4736
-3936
-240
3344
1632
-2816
-2224
2464
4896
3904
864
-2640
-3920
-3248
-3552
-4016
-1600
2288
3808
3376
