1744
-1888
-3856
-3696
-3264
-3328
-3264
-3040
-3600
-4000
-1312
2592
1664
-2528
-2080
2224
2464
-1600
-3920
-3568
-3648
-3648
-1328
2240
4544
4352
1024
-2848
-2416
1600
4384
4016
688
-3040
-2080
2208
2400
-1600
-3776
-3328
-3184
-3504
-3328
-3088
-3056
-3168
-3760
-3936
-1824
1760
4128
3952
1232
-2368
-4128
-3776
-3312
-3408
-3248
-2960
-3648
-4064
-1344
2496
2192
-1664
-4368
-4048
-752
2960
2528
-1504
-4288
-3920
-1184
2384
4176
3792
3280
3184
3040
3024
3088
3152
3264
3376
3856
3824
1104
-2432
-1968
1792
4032
3824
3344
3232
3136
3248
3888
4064
1856
-1856
-3600
-3200
-3456
-3904
-1824
1952
3968
3712
3808
4064
1232
-2864
-2032
2272
1984
-2208
-1856
2384
1936
-2224
-1728
2336
2192
-1888
-4608
-4304
-992
2912
1872
-2608
-2096
2352
1808
-2592
-2416
1984
4336
3904
3328
3056
3424
3728
960
-3008
-2080
2208
2480
-1440
-4224
-3920
-1344
2208
4592
4304
1488
-2112
-4288
-3936
-1232
2400
4112
3616
3648
3952
1824
-1872
-4320
-4224
-1440
2320
4544
4144
896
-2672
-1424
2832
2144
-2352
-2400
1920
4592
4048
1488
-1968
-3872
-3648
-3840
-4096
-1216
2848
2608
-1488
-4000
-3728
-3680
-3680
-608
3248
1984
-2560
-2816
1456
4080
3824
4016
4240
1488
-2288
-2144
1552
4416
4352
1824
-1760
-4416
-4448
-1088
2960
2608
-1520
-3824
-3424
-3152
-3360
-3712
-3696
-1504
2064
3664
3328
3120
3328
3792
3760
1424
-2240
-4400
-4032
-928
2640
1712
-2192
-2112
1952
4672
4144
800
-2944
-2496
1664
4080
3728
3808
4064
1808
-1952
-3968
-3808
-3392
-3456
-3328
-3056
-3648
-4064
-1328
2592
1536
-2816
-2336
2096
2448
-1504
-3872
-3712
-3840
-3664
-1168
2448
4800
4624
1200
-2832
-2496
1552
4400
4160
880
-2976
-2096
2224
2448
-1600
-3792
-3376
-3280
-3536
-3312
-3152
-3232
-3328
-3888
-4000
-1776
1920
4288
4000
1264
-2320
-4128
-3792
-3328
-3488
-3376
-3072
-3712
-4128
-1392
2528
2320
-1488
-4272
-4096
-864
2928
2560
-1504
-4320
-4000
-1232
2432
4304
3888
3328
3248
3152
3136
3072
3072
3264
3424
3856
3808
1088
-2512
-2096
1744
4096
3904
3360
3280
3280
3408
4000
4112
1808
-1952
-3680
-3296
-3616
-4080
-1872
2000
4048
3824
3984
4208
1264
-2912
-2032
2352
2000
-2320
-1904
2448
1952
-2352
-1824
2368
2240
-1936
-4768
-4512
-1056
3104
2032
-2624
-2112
2496
1984
-2512
-2432
1984
4304
3808
3312
3280
3728
3856
912
-3056
-2000
2240
2384
-1520
-4224
-3904
-1312
2288
4704
4400
1552
-2192
-4464
-4032
-1184
2464
4176
3760
3840
4080
1952
-1728
-4256
-4272
-1536
2240
4528
4256
992
-2768
-1552
2800
2064
-2544
-2544
1920
4672
4160
1552
-2032
-3984
-3664
-3808
-4096
-1200
2880
2528
-1648
-4128
-3792
-3840
-3968
-832
3184
1952
-2624
-2752
1632
4160
3744
3936
4304
1504
-2432
-2288
1600
4608
4528
1872
-1840
-4528
-4544
-1168
2896
2544
-1616
-3888
-3376
-3136
-3520
-3888
-3728
-1424
2192
3840
3472
3264
3568
4096
3968
1488
-2224
-4448
-4096
-880
2784
1760
-2256
-2112
2064
4816
4256
896
-2912
-2560
1664
4192
3872
3952
4224
3888
2656
0
-3056
-4928
-4864
-2096
1344
784
-3040
-4192
-2256
-2016
-3664
-4112
-2672
32
1984
208
-3392
-3312
352
3040
3792
4720
4928
1872
-2736
-4368
-2720
-1200
-1360
-2480
-3760
-4064
-2688
-464
1328
2464
2416
-320
-3712
-2816
960
976
-2736
-4928
-4608
-3584
-2320
-1376
-1440
-2368
-3616
-4272
-4144
-4512
-4736
-2176
1312
736
-3024
-4560
-2800
-320
1472
1952
1664
2416
3904
3920
2480
1392
1504
2384
3552
4672
4752
2592
-720
-2320
-1920
-2000
-2272
208
3728
3008
-752
-1168
1392
896
-1712
-256
3664
3008
-912
-928
2848
5072
4752
3584
2304
2048
2208
176
-3232
-4576
-2960
144
3152
5168
5120
1872
-2768
-4688
-3008
-64
1792
880
-1328
-1008
1280
1472
-720
-2608
-3616
-4816
-5024
-1520
3344
2800
-2416
-4384
-2320
-2384
-4160
-2352
2336
5312
5056
2448
-864
-2256
-1808
-2272
-3760
-4064
-2720
-448
1568
2032
1696
2272
3568
4896
5088
1808
-2976
-3536
144
3088
4000
4272
4256
4256
4368
4176
2960
-544
-4112
-2224
2992
3360
-576
-1728
608
3360
4624
1728
-3232
-2560
2800
3360
-720
-1168
1440
768
-2800
-5280
-5088
-1776
2784
4944
3392
-528
-3824
-3392
256
3760
4720
2064
-2544
-4848
-3264
64
3200
4864
4608
3792
2720
176
-2000
-480
3200
4848
3312
-576
-4016
-2576
2560
4656
2720
1840
2288
-96
-3712
-2960
784
1536
-848
-2688
-2448
320
3696
3456
-128
-3424
-4528
-2480
1024
1328
-1120
-1440
832
3184
4336
3024
-352
-3104
-4064
-4080
-2880
48
3328
4832
4560
3984
2768
16
-3136
-5040
-4928
-2064
1344
640
-3168
-4240
-2400
-2192
-3712
-4208
-2912
-80
2192
448
-3392
-3440
352
3136
3856
4720
4944
1872
-2816
-4448
-2784
-1264
-1360
-2448
-3776
-4144
-2752
-512
1328
2560
2544
-336
-3856
-2928
944
928
-2896
-5120
-4704
-3568
-2304
-1376
-1424
-2400
-3728
-4384
-4224
-4528
-4736
-2208
1264
704
-3072
-4608
-2848
-352
1424
1920
1680
2496
3984
4000
2544
1392
1488
2496
3760
4864
4912
2672
-768
-2416
-1984
-2096
-2400
192
3840
3024
-944
-1360
1376
976
-1696
-256
3696
3008
-928
-896
2880
5072
4768
3600
2288
2048
2224
224
-3248
-4688
-3056
144
3216
5264
5168
1856
-2832
-4752
-3056
-64
1808
816
-1440
-1024
1328
1424
-912
-2848
-3808
-4944
-5136
-1600
3376
2848
-2496
-4496
-2320
-2368
-4288
-2448
2480
5520
5232
2592
-736
-2224
-1872
-2400
-3856
-4096
-2656
-400
1600
2128
1840
2384
3648
5024
5168
1744
-3136
-3632
176
3216
4128
4384
4400
4336
4384
4192
3008
-512
-4128
-2272
3040
3456
-528
-1696
656
3424
4704
1744
-3328
-2656
2816
3472
-576
-992
1504
688
-2896
-5376
-5200
-1872
2832
5040
3408
-544
-3840
-3488
64
3696
4880
2224
-2592
-4992
-3296
160
3344
4960
4672
3872
2736
144
-1968
-384
3280
4928
3312
-672
-4112
-2576
2640
4752
2768
1856
2288
-112
-3712
-2880
944
1648
-832
-2768
-2592
240
3664
3472
-128
-3472
-4592
-2496
1024
1280
-1216
-1504
864
3264
4336
2976
-432
-3168
-4144
-4160
-2928
96
3424
4896
4560
3504
3024
736
-2464
-4416
-4128
-1200
2016
1280
-2336
-3648
-2576
-2576
-3360
-3520
-2816
-320
2272
848
-2752
-2608
1136
3488
3632
4064
4144
1424
-2480
-3792
-2656
-1872
-2208
-2816
-3264
-3520
-2896
-896
1616
3344
3184
176
-3136
-1936
1792
1472
-2336
-4256
-3776
-3104
-2496
-2000
-2128
-2736
-3344
-3520
-3392
-3904
-4048
-1392
1984
1344
-2272
-4064
-2992
-640
1776
2800
2576
2912
3648
3440
2640
2240
2464
2944
3456
4080
4096
1984
-1312
-2848
-2416
-2560
-2816
-208
3296
2320
-1488
-1312
1904
1312
-1792
-576
3200
2320
-1504
-1200
2608
4528
4064
3168
2480
2592
2752
784
-2496
-4096
-3056
-288
2848
4896
4560
1456
-2400
-4112
-3120
-272
2304
1328
-1744
-1296
1872
1952
-1200
-3232
-3472
-4064
-4096
-848
3120
2224
-2176
-3760
-2560
-2880
-3728
-1520
2448
4688
4304
1728
-1472
-2848
-2576
-2688
-3216
-3424
-2928
-912
1856
3024
2832
2960
3488
4256
4240
1200
-2816
-2560
1312
3776
3872
3664
3696
3680
3680
3792
3200
160
-3184
-1520
2928
2512
-1520
-1904
1312
4016
4336
1168
-2896
-1696
2880
2464
-1632
-1312
1984
1504
-2160
-4560
-4144
-1200
2560
4528
3600
224
-2992
-2384
1376
4240
4208
1488
-2256
-4224
-3312
-512
2656
4144
3696
3472
3232
672
-2192
-1168
2464
4576
3696
240
-3072
-1952
2352
4176
2992
2800
3152
480
-3104
-2032
1840
2016
-1232
-3456
-3072
-80
3248
2720
-992
-3840
-4128
-1424
2064
1632
-1632
-1776
1424
3920
4112
2016
-1376
-3456
-3552
-3440
-2944
-528
2784
4272
3872
3600
3072
688
-2512
-4416
-4128
-1104
2240
1440
-2400
-3840
-2752
-2624
-3344
-3584
-2960
-352
2400
960
-2800
-2624
1280
3664
3744
4176
4240
1440
-2512
-3856
-2752
-1872
-2144
-2832
-3440
-3632
-2864
-784
1664
3296
3152
176
-3200
-2064
1728
1504
-2352
-4384
-3904
-3152
-2512
-2016
-2112
-2720
-3408
-3632
-3488
-3968
-4080
-1344
2112
1408
-2304
-4144
-3088
-720
1808
2912
2736
3024
3760
3632
2848
2336
2496
3024
3600
4288
4256
2016
-1376
-2944
-2528
-2656
-2928
-288
3264
2160
-1808
-1472
2096
1520
-1952
-880
3088
2336
-1584
-1328
2496
4464
4064
3312
2768
2976
3056
928
-2448
-4160
-3216
-432
2720
4704
4368
1376
-2432
-4192
-3232
-320
2336
1344
-1792
-1344
1904
1952
-1312
-3344
-3504
-4096
-4224
-976
3136
2304
-2208
-3856
-2624
-2960
-3856
-1552
2560
4928
4512
1872
-1440
-2864
-2544
-2704
-3392
-3600
-2976
-880
1888
3008
2736
2896
3552
4448
4464
1312
-2848
-2640
1264
3824
4016
3824
3840
3808
3728
3872
3344
176
-3312
-1520
3072
2576
-1552
-1952
1312
4080
4464
1200
-3008
-1776
2976
2624
-1536
-1312
1904
1344
-2320
-4688
-4256
-1184
2656
4544
3520
96
-3104
-2560
1184
4272
4432
1584
-2384
-4336
-3232
-304
2880
4448
4064
3648
3136
544
-2064
-880
2704
4656
3648
96
-3248
-1984
2544
4304
2912
2640
3040
320
-3248
-2096
1776
2000
-1152
-3408
-3120
-80
3312
2768
-1024
-3936
-4192
-1328
2224
1664
-1680
-1840
1392
3968
4256
2112
-1376
-3536
-3680
-3472
-2848
-416
2864
4320
3936
1760
-1984
-4016
-3984
-3648
-3600
-3232
-2944
-3776
-4240
-1232
2672
1296
-2944
-2080
2288
2368
-1728
-4064
-3776
-3728
-3504
-1008
2592
4864
4480
800
-3104
-2352
1760
4352
3776
320
-3264
-1984
2240
2144
-1808
-3760
-3312
-3344
-3664
-3344
-3056
-3184
-3504
-4176
-4176
-1712
2032
4224
3760
864
-2704
-4304
-3888
-3568
-3696
-3312
-2944
-3856
-4288
-1296
2544
2032
-1776
-4384
-3984
-512
3200
2464
-1680
-4320
-3808
-960
2640
4352
3872
3264
3072
3040
3152
3120
3088
3392
3616
3888
3600
816
-2608
-2064
1776
4192
3952
3248
3152
3312
3504
4000
4016
1664
-2080
-3712
-3328
-3792
-4176
-1792
2112
4016
3776
3968
4080
928
-3152
-1936
2432
1824
-2336
-1664
2416
1632
-2384
-1616
2256
1792
-2336
-4960
-4416
-640
3312
1632
-3072
-2160
2304
1280
-3040
-2256
2480
4688
4064
3360
3056
3440
3520
416
-3440
-2128
2128
2224
-1552
-4112
-3600
-832
2672
4928
4464
1296
-2592
-4576
-3776
-784
2800
4320
3808
3904
4080
1808
-2000
-4608
-4464
-1280
2704
4528
3712
512
-2624
-1024
3056
1744
-2864
-2256
2448
4688
3664
1200
-1968
-3840
-3840
-4256
-4320
-960
3216
2656
-1664
-4272
-4096
-3952
-3552
-128
3568
1776
-2944
-2864
1600
4208
4080
4352
4400
1440
-2336
-2192
1440
4400
4512
1968
-1792
-4672
-4720
-1024
3232
2592
-1696
-3760
-3216
-3184
-3680
-3856
-3440
-1232
1984
3392
3136
3248
3712
4080
3600
912
-2688
-4496
-3840
-704
2592
1456
-2256
-1760
2384
4736
3744
176
-3392
-2624
1696
4176
3984
4176
4304
1808
-2064
-4080
-3984
-3776
-3856
-3392
-2928
-3760
-4352
-1344
2608
1104
-3280
-2320
2240
2336
-1760
-4128
-3952
-3936
-3584
-992
2656
4976
4592
832
-3232
-2496
1792
4464
3936
448
-3280
-2032
2288
2208
-1856
-3824
-3408
-3488
-3792
-3424
-3152
-3312
-3584
-4208
-4176
-1760
2016
4336
3872
928
-2704
-4352
-3952
-3568
-3680
-3376
-2992
-3840
-4336
-1376
2560
2064
-1776
-4400
-4016
-512
3312
2592
-1744
-4464
-3872
-864
2832
4528
3952
3264
3040
2912
2976
2896
2896
3344
3712
3920
3536
864
-2448
-2000
1760
4288
4160
3376
3088
3280
3680
4320
4272
1808
-1920
-3504
-3152
-3728
-4304
-2032
1984
4160
4112
4352
4352
928
-3296
-2064
2368
1792
-2352
-1728
2336
1584
-2416
-1600
2288
1760
-2480
-5136
-4560
-688
3328
1632
-3152
-2128
2496
1440
-3072
-2304
2496
4656
3968
3328
3120
3568
3664
544
-3344
-2016
2304
2288
-1712
-4336
-3840
-1056
2592
4928
4416
1184
-2720
-4688
-3856
-832
2752
4320
3904
4080
4288
1904
-1984
-4624
-4496
-1296
2736
4672
3888
528
-2768
-1040
3136
1696
-3056
-2416
2368
4656
3712
1216
-2128
-4080
-3952
-4256
-4384
-1040
3216
2560
-1920
-4416
-4016
-3952
-3792
-448
3296
1536
-3040
-2736
1872
4320
3936
4224
4352
1216
-2752
-2400
1680
4800
4656
1792
-2016
-4784
-4672
-880
3264
2432
-1920
-3968
-3440
-3376
-3728
-3936
-3616
-1264
2144
3568
3296
3312
3664
4048
3648
912
-2784
-4624
-3888
-640
2672
1440
-2320
-1824
2368
4864
3968
352
-3312
-2544
1840
4272
4016
4192
4320
