-608
-880
432
1888
1472
480
-32
-496
-144
1408
2736
2704
1664
1152
1936
1952
-304
-1776
0
2016
1104
-880
-1104
-384
-480
-800
-16
1440
2240
2048
1968
2592
2656
1952
2144
2416
816
-1264
-1808
-928
720
1552
288
-1072
-576
608
1328
1920
2352
2384
2352
2176
1632
1424
1888
2256
2464
2256
784
-640
-208
1072
1696
1552
624
-496
-928
-736
-304
-48
-384
-896
-992
-1008
-1024
-560
96
368
896
2144
3056
3136
2992
2416
864
-256
1040
2800
1472
-768
288
2256
1056
-656
736
3040
2816
1104
464
496
-80
-704
-576
-368
-416
336
2160
2928
1600
144
-128
336
1344
2320
2512
1792
16
-1344
-256
1584
960
-672
-128
1552
1616
960
1472
1872
784
-304
-144
704
1312
1392
1088
560
-32
-288
-432
-528
352
1968
2816
2912
2832
2576
2592
2544
1120
-672
-1072
-736
-448
192
640
288
-144
160
704
256
-752
-672
0
-16
-160
-112
-608
-880
240
1280
560
-208
976
2208
1344
-272
-1104
-1072
256
1728
1104
-160
768
2160
1152
-464
-112
1056
1568
1568
1040
176
-144
-16
112
48
-288
-688
-848
-672
-32
960
1856
2080
1152
-256
-464
240
0
-448
864
2544
2256
560
-976
-1200
336
1920
1696
528
-80
-448
-1264
-1616
-160
1424
704
-672
48
2048
3312
3088
1536
368
1120
2336
2144
992
-32
112
1904
3232
1840
-816
-1984
-736
1520
2544
2144
1968
2224
1936
832
-240
-288
-96
-576
-448
624
1248
1520
1344
80
-768
-48
1328
2576
3136
2752
2240
2080
1920
1328
464
208
512
-112
-1104
-608
400
384
224
768
1344
1808
2368
2768
2656
2176
2000
2336
2304
1216
-400
-1536
-1440
96
1632
992
-848
-1072
80
736
1360
2752
3728
3440
2560
1728
1024
672
928
1600
1824
960
-320
-672
240
1536
2336
2064
528
-1024
-1056
-16
304
-400
-1104
-1168
-704
-144
-128
-720
-560
1312
3248
3088
1952
2096
2480
912
-624
816
2720
1232
-1024
128
2432
2112
672
752
1264
624
-80
112
112
-384
-624
-992
-1152
144
1840
2192
1648
1008
624
512
208
128
1184
2352
2000
368
-576
656
2176
1168
-336
672
2368
2480
2288
2496
1680
64
-544
240
1536
2576
2656
2048
1776
1456
480
-128
160
1088
2400
3024
2272
1248
1024
1728
2368
1488
-336
-1200
-1200
-864
96
816
672
896
1344
512
-720
-736
-368
-752
-1024
-432
80
-176
-224
1040
2128
1120
-400
192
1456
976
32
352
992
1104
624
-448
-688
912
2160
1104
-528
-352
1168
1968
1344
384
-80
-448
-432
592
1568
736
-976
-1200
128
1360
1904
2240
2240
1392
448
320
-96
-1312
-1312
544
2016
1552
112
-816
-752
496
2256
2480
768
-752
-1056
-768
160
1824
2496
880
-768
96
2080
2864
2368
912
-192
624
1984
2064
1344
64
-1088
48
2096
1408
-848
-1232
-176
784
1728
2096
1808
1920
1872
608
-480
-240
-32
256
-352
-1312
-2400
-2800
-2352
-1696
-1680
-2384
-2544
-1408
-560
-1408
-2480
-2144
-1072
-656
-1136
-1888
-2368
-2320
-1792
-976
-32
736
176
-1824
-3312
-2960
-1904
-1344
-1456
-2016
-2240
-1376
-400
-528
-1120
-928
-672
-1744
-3008
-2480
-1248
-1504
-2656
-3024
-2512
-1760
-1056
-544
-544
-1248
-2208
-2544
-2224
-2272
-2560
-1872
-928
-1296
-2128
-1888
-1280
-1168
-1120
-1056
-1152
-944
-448
-480
-1088
-1456
-1120
-192
688
944
464
-496
-1104
-736
-288
-656
-752
64
832
864
112
-1168
-1888
-1792
-1344
-368
352
-368
-1072
-240
864
1264
1168
368
-880
-1344
-1168
-1696
-2560
-2224
-1200
-512
80
480
-96
-1344
-2336
-2464
-2160
-2176
-2064
-1264
-608
-656
-1040
-1280
-1200
-1488
-2400
-3168
-3008
-1664
-80
-448
-2128
-2416
-1792
-2048
-2320
-1440
48
880
672
128
-336
-736
-1264
-2144
-2720
-2192
-1248
-1024
-1472
-1792
-1296
-272
416
688
544
-624
-2288
-2768
-1776
-640
-336
-624
-880
-784
-352
-112
-848
-2416
-3168
-1856
64
480
-672
-1808
-1424
256
832
-976
-2912
-2240
-208
0
-1264
-1424
-960
-1568
-2736
-3232
-2624
-1168
-128
-128
-656
-1376
-2176
-2208
-1184
0
240
-848
-2352
-2560
-1264
-272
96
896
1008
-368
-1312
-1440
-1424
-608
624
704
-384
-2064
-2896
-1472
336
32
-1040
-1184
-1376
-2128
-2496
-2560
-2736
-2368
-1472
-1008
-400
784
992
-16
-944
-1856
-2848
-2672
-1376
-384
-640
-1696
-1936
-704
320
-64
-1104
-2000
-2368
-2032
-1344
-768
-240
352
816
560
-576
-1600
-2064
-2528
-2528
-1360
-528
-1616
-2816
-1760
-352
-1568
-3376
-2592
-704
-208
-912
-1632
-2000
-2208
-1984
-416
1440
1808
992
-608
-2480
-2688
-1280
-560
-1056
-2096
-2784
-2256
-1328
-1408
-1936
-1696
-1088
-1360
-2096
-2080
-2144
-3040
-3520
-3296
-3136
-2528
-1440
-992
-1248
-1824
-2752
-3184
-2816
-2688
-2672
-2032
-1808
-2736
-3232
-2224
-912
-528
-864
-1296
-1424
-736
128
-384
-1600
-1568
-816
-592
-400
-16
176
-96
-640
-624
-224
-656
-1200
-528
384
112
-864
-1296
-1104
-1392
-1664
-432
656
-192
-848
48
624
320
48
-288
-576
-480
-864
-1776
-2080
-1680
-1152
-480
208
768
688
-848
-2448
-2128
-1168
-1264
-1408
-1056
-896
-912
-784
-608
-576
-992
-1824
-2896
-3184
-1472
432
-368
-2064
-1728
-1312
-2704
-3168
-976
1424
1888
912
-560
-1760
-1648
-1056
-1840
-2800
-1968
-864
-832
-864
-1152
-1568
-816
-16
-144
-384
-1360
-3040
-2976
-1456
-704
-288
592
1024
624
176
-48
-896
-2256
-2304
-1008
-288
-608
-1248
-1648
-1024
304
496
-1184
-2704
-2096
-688
-432
-720
-576
-416
-704
-1808
-3008
-2624
-1200
-224
96
-512
-2048
-3088
-2848
-1584
112
864
-208
-1696
-1792
-896
-496
-336
432
816
-144
-1408
-1664
-1040
-288
-64
-512
-1312
-2128
-2224
-864
528
48
-992
-848
-752
-1792
-2480
-1776
-880
-944
-1648
-2080
-1744
-944
-448
-400
-672
-1616
-2448
-1952
-1216
-1104
-768
-656
-976
-352
512
192
-576
-1520
-2544
-2096
-560
272
560
800
528
1584
1440
-416
-1792
-1792
-1376
-576
640
704
-800
-1856
-1632
-1600
-1904
-1696
-1056
144
1168
368
-1056
-864
16
432
1120
1984
1664
128
-1424
-1936
-1360
-592
-560
-1136
-1392
-1216
-1040
-448
592
1280
1040
-160
-1264
-672
592
64
-1712
-2320
-1792
-1776
-1984
-1280
-576
-1104
-1760
-1824
-2112
-2208
-1168
192
928
656
-816
-1920
-1040
432
976
1248
1296
608
160
608
1168
1120
704
800
1568
1952
1344
256
-832
-1360
-1232
-1120
-912
160
1040
160
-1168
-832
32
-480
-1200
-448
544
304
-352
-256
592
1456
1712
1200
544
464
304
-736
-1760
-1728
-944
272
1344
1504
896
-224
-1392
-1488
-576
32
-192
-912
-1152
-208
800
400
-784
-1472
-1888
-2512
-2016
96
1200
-64
-1136
-768
-816
-1856
-1840
0
1568
1488
800
128
-864
-1488
-1328
-1360
-1776
-1648
-896
-32
736
992
816
960
1312
1584
1200
-576
-2176
-1296
544
1040
1008
1152
928
816
1232
1456
752
-608
-976
272
1072
208
-672
-240
816
1456
1088
-240
-928
448
1776
528
-992
144
1456
256
-1648
-2256
-1552
96
1296
1312
992
176
-1056
-944
480
1312
1328
640
-976
-2224
-1760
-208
1024
1264
960
816
336
-752
-1040
48
1056
1248
736
-384
-1056
-320
816
1040
960
1344
944
-896
-1792
-672
160
-272
-784
-1072
-848
176
784
336
-672
-1888
-2064
-464
672
0
-480
192
784
1024
1168
464
-784
-1264
-1104
-1136
-1104
-304
1008
1792
1824
1744
1168
-304
-1584
-1840
-1312
-128
768
128
-1264
-1696
-1040
-528
-1056
-1904
-1408
336
1088
-240
-1760
-1600
-576
-128
192
896
1040
-96
-1552
-2000
-1376
-832
-976
-1168
-1104
-1136
-1056
-576
112
800
528
-1024
-1600
-112
912
-32
-1440
-1888
-1552
-1120
-864
-752
-944
-1104
-848
-880
-1680
-2672
-2608
-896
624
-16
-1648
-2176
-1328
-48
464
32
-144
304
928
1472
1376
688
368
560
1136
1808
1280
-336
-976
-544
-640
-1264
-1360
-576
560
736
-64
-208
112
-416
-704
448
1120
-48
-1088
-336
1216
2048
1712
832
416
592
528
-320
-1440
-1680
-688
432
1072
1488
1088
-320
-1424
-1632
-1088
112
640
-608
-1408
-144
800
-208
-1424
-1408
-880
-1136
-1680
-832
480
-128
-1616
-1792
-1600
-1808
-1328
-400
400
1312
1568
384
-880
-1072
-1072
-1392
-1312
-1072
-944
-48
1120
1024
416
752
1360
1248
512
-496
-1248
-1072
240
1648
1616
672
528
1008
896
464
0
-944
-1216
256
1360
368
-624
16
1008
1536
1280
-272
-1344
-80
1216
144
-752
672
1600
-32
-1872
-2224
-1760
-560
992
1456
480
-976
-1792
-1232
240
1216
1008
96
-816
-1376
-1120
112
1232
1392
1536
1904
1376
-16
-688
144
1328
1648
992
-368
-1440
-752
848
1392
1200
1152
448
-880
-1104
80
720
-128
-1088
-1344
-992
48
768
-128
-1328
-1104
-32
800
688
-384
-1024
-560
96
400
368
-112
-544
-656
-1056
-1600
-1328
-128
1040
960
-96
1344
416
-128
-1008
-1856
-1760
-784
-64
-512
-1008
-144
608
-384
-1232
-240
816
400
-576
-1104
-1344
-1584
-1552
-544
1328
2640
2000
144
-768
-448
-192
80
272
-848
-2096
-1296
192
416
320
448
-240
-1248
-1216
-544
-240
-368
-1168
-2144
-1872
-544
304
336
-128
-848
-1504
-2000
-1984
-1344
-944
-1056
-960
-784
-880
-544
208
272
-336
-448
288
1376
1952
1440
400
-128
32
592
1360
1904
1760
928
112
32
416
512
784
1760
2352
1808
864
192
-384
-832
-256
1104
1360
432
496
1360
1664
2048
2080
768
-128
336
288
-736
-1392
-976
128
1216
2192
3040
2464
400
-752
-96
432
96
144
464
288
128
368
544
304
-640
-2032
-2624
-1472
848
2128
848
-864
-560
208
-336
-544
896
2304
2256
1648
1392
976
352
-384
-1776
-2480
-944
800
912
672
384
-160
400
1712
1840
1040
368
-400
-880
-96
1504
2384
2320
2160
2288
2528
2128
560
-1104
-1440
-320
944
1008
176
-336
-144
816
1568
512
-688
432
1840
1360
496
576
912
560
-752
-1888
-1456
80
1072
832
-144
-928
-896
-320
288
864
784
-576
-1664
-1024
288
1008
1600
2336
2352
1296
176
-16
592
1360
1552
944
0
-944
-1232
-80
1456
1584
320
-672
-720
-944
-1488
-720
576
384
-256
256
1264
2112
2560
1984
512
-896
-1296
-592
256
848
1120
544
-96
624
1504
1136
656
272
-1056
-1808
-176
2128
2448
1376
1136
1440
672
-656
-1632
-2256
-1744
-320
16
-1232
-2256
-1520
-256
-352
-1024
-800
-304
-112
-256
-624
-688
-432
144
1120
1600
1616
1728
816
-576
-416
416
576
496
-80
-912
-560
496
672
320
304
96
-560
-560
208
464
0
-672
-1424
-1664
-832
240
544
0
-1056
-2048
-1888
-976
-896
-1040
48
896
32
-896
-416
624
1136
800
-144
-640
384
1840
1680
256
-544
-496
48
1104
1872
1552
1120
1280
1104
304
-80
176
640
1264
1424
736
64
-48
-16
544
1984
2752
1488
48
864
2752
3296
2288
656
-368
128
688
-400
-1840
-1568
128
1488
1872
2016
1744
464
-768
-688
80
400
400
688
800
496
464
752
624
0
-1088
-2096
-1456
656
1696
416
-1200
-1232
-688
-976
-960
448
1968
2336
1776
848
320
640
544
-784
-1648
-912
144
416
16
-384
368
1648
1712
1296
1312
288
-1040
-496
832
1520
2000
1904
1136
768
912
1120
496
-1184
-1584
160
1312
928
320
-128
400
2048
2256
208
-1392
-976
272
1088
1008
336
-192
-800
-1872
-2352
-1072
912
1712
1120
208
-736
-1744
-1648
96
2096
2400
512
-1600
-1616
64
1216
1616
2288
2432
1168
-48
16
960
1984
2016
1056
192
-672
-1248
0
1488
800
-272
208
448
-640
-1344
-720
224
368
-240
-736
-240
1168
2048
1632
336
-1344
-2176
-1056
432
272
-816
-1200
-112
1680
2128
656
-848
-1504
-1824
-1552
-416
944
1872
2144
1856
