320
-1728
-2800
-2768
-2336
-2112
-1888
-1808
-2192
-1968
-528
288
-496
-1424
-1104
-80
48
-800
-1760
-2640
-2896
-1904
-384
928
1872
1424
-384
-1504
-848
336
912
448
-1056
-2112
-1040
608
304
-1360
-2160
-1616
-1136
-1344
-1072
-336
-608
-1616
-2272
-2256
-1088
848
2144
2000
288
-1664
-1888
-1344
-2000
-2480
-1456
-736
-1488
-2096
-1392
-656
-992
-1504
-1312
-752
96
720
32
-1168
-1376
-544
544
1200
1024
864
1040
736
208
160
368
816
1248
1168
1040
976
256
-544
-400
384
1328
1792
1024
96
496
1200
1328
1360
528
-1024
-1136
-656
-1456
-1984
-928
224
352
176
704
768
-1024
-2192
-528
1088
160
-1488
-1504
-448
-352
-1136
-864
128
-144
-1632
-2736
-2320
-512
848
16
-1600
-1104
320
-512
-2368
-1872
384
1840
1712
464
-544
32
912
0
-1424
-832
672
704
-304
-816
-800
-496
160
784
848
16
-1376
-2032
-1296
144
1280
1552
1424
1552
1536
720
-608
-1968
-2048
32
2064
2000
944
-192
-864
192
1616
768
-880
-640
528
608
0
-512
-976
-1008
-960
-1952
-2576
-768
1264
816
-640
-1184
-1456
-1792
-944
624
432
-1184
-1360
-80
640
592
608
1056
1184
16
-1104
-512
592
1168
1472
912
-800
-2336
-2384
-960
384
96
-848
-1008
-928
-1424
-1664
-1120
-688
-608
-240
128
80
400
1120
1072
-192
-1904
-2976
-2848
-1696
-16
848
-32
-1024
-240
1184
1648
944
-576
-1680
-1168
272
1152
1360
1728
1920
928
-768
-1984
-2496
-2496
-2112
-1568
-1296
-1696
-1936
-912
-48
-880
-1616
-784
128
-112
-1120
-2032
-2352
-2272
-1904
-784
992
2192
1648
-368
-1728
-880
784
1184
32
-1440
-1728
-416
704
32
-1232
-1552
-1584
-2208
-2384
-1408
-640
-944
-1520
-2032
-2272
-1472
-176
480
544
48
-1200
-2208
-2128
-1760
-1840
-1696
-1248
-1376
-1536
-816
-80
-256
-928
-1472
-1312
-48
1344
1152
-560
-1488
-640
272
768
1728
2032
848
-64
112
384
384
400
544
832
672
-16
-352
32
544
864
912
592
80
-64
496
1248
1344
1008
416
-640
-1408
-1392
-1536
-1936
-1376
128
1328
1584
1248
688
-320
-1376
-960
512
272
-1536
-1664
-448
-864
-1552
-80
1424
272
-2096
-2976
-1760
208
1184
272
-1184
-896
240
-576
-2272
-1696
128
864
912
784
320
288
128
-1456
-2688
-1552
48
0
-752
-1008
-928
-400
800
1664
1152
-80
-1120
-1760
-1712
-800
464
1392
1744
1760
1488
480
-960
-1872
-1744
-528
864
1168
480
-672
-1520
-432
1472
736
-1840
-2128
96
1616
1296
368
-608
-1408
-1488
-1536
-2000
-1216
688
736
-960
-1632
-1456
-1616
-1072
48
64
-1024
-1824
-1472
0
1376
1408
944
992
560
-688
-1152
-416
496
736
0
-992
-1552
-1584
-496
1168
944
-896
-1600
-1088
-1088
-1600
-1440
-416
192
-48
-176
-80
48
896
1760
1392
48
-1520
-2464
-1968
-416
640
48
-1200
-944
432
736
-96
-1024
-1488
-768
656
1456
1648
1568
960
656
1680
1264
192
-576
-736
-112
928
1152
64
-1360
-1792
-960
-400
-1296
-1808
-16
1952
1440
-128
-144
1040
1392
320
-848
-560
864
1120
-496
-1824
-2080
-1984
-1168
-224
-864
-1664
-640
960
1632
1168
-336
-1152
336
1952
1216
-368
-528
-208
-768
-1360
-1520
-1488
-752
64
-400
-976
-832
-560
400
1792
1584
-224
-2064
-2640
-1296
992
2352
2000
576
-16
1008
2000
1856
1440
880
-80
-416
-176
-944
-2192
-2112
-1600
-1968
-1808
-320
464
-688
-1696
-352
1408
416
-1520
-1248
-256
-768
-1344
-800
-464
-736
-528
208
1008
1744
1744
1040
272
-976
-2256
-1680
128
736
144
-176
-288
-960
-1392
-144
1008
-640
-2400
-592
1776
880
-1008
-1104
-368
-80
0
352
688
432
-272
-960
-1280
-880
-128
80
-96
48
256
-416
-1840
-2656
-2192
-1136
-416
-480
-736
-224
720
1216
1136
512
-160
-144
144
-272
-592
176
960
560
-160
-176
-208
-944
-1216
224
1712
992
-752
-816
48
-624
-2192
-1552
960
1904
736
-608
-1280
-992
-128
-384
-1184
-208
1360
1104
-32
-448
-416
-176
352
1088
1344
592
16
816
1824
1440
416
-48
-464
-1584
-2144
-976
272
80
48
1456
2320
640
-1520
-1264
336
960
896
752
272
-192
-48
752
1840
2416
1904
688
128
1008
1728
560
-1312
-2048
-1488
-240
496
-80
-928
-1008
-144
1456
2112
320
-1328
-112
1744
1584
240
-1072
-1904
-1696
-1024
-1056
-1472
-1328
-624
48
192
144
464
864
544
-256
-416
448
1056
480
-496
-1072
-1440
-1280
-896
-1408
-1872
-624
976
896
112
240
736
624
352
704
848
64
-544
-352
-720
-1488
-1072
-80
-320
-1680
-2352
-1152
672
1488
1424
576
-416
112
1344
1200
320
16
-96
-752
-1984
-2720
-2096
-960
-528
-688
-912
-944
-432
896
2144
1728
-208
-1744
-1520
-160
1152
2384
2864
1360
-432
-96
1008
1280
1392
1520
1056
256
-608
-1424
-1760
-1536
-1600
-2064
-1616
240
1296
64
-1120
-16
1440
672
-896
-736
288
-224
-1520
-1104
496
880
0
-208
944
1904
1648
1200
848
-272
-1184
-576
176
-256
-720
-416
-512
-1280
-1152
208
608
-1120
-2112
-96
1904
576
-1600
-1536
-784
-960
-1104
-832
-432
192
400
-560
-1600
-1456
-496
336
832
976
560
-432
-1696
-2432
-1920
-592
16
-864
-1584
-416
1424
1696
816
64
-672
-800
48
352
-288
-16
1312
1808
1072
272
-160
-480
-480
288
1040
384
-1056
-944
32
-608
-1536
-320
1184
704
-336
-320
320
688
208
-944
-1408
-384
880
928
368
272
272
-192
-448
352
1408
928
-464
-544
640
912
-48
-768
-928
-1344
-1712
-1488
-976
-592
-48
752
832
-480
-1888
-1632
-64
1600
2368
1552
144
-272
48
608
1152
976
432
336
224
352
912
176
-1984
-3200
-2752
-1520
-464
-576
-1312
-1056
0
1024
1440
432
-832
-208
1168
1104
-208
-1616
-1920
-944
-400
-1136
-1744
-1200
-208
-16
-224
672
1936
1504
832
1104
1440
1264
1072
1344
1328
-240
-1760
-592
1232
320
-1296
-528
1280
1888
1648
1344
960
560
128
-432
-464
464
1200
592
-864
-1952
-1696
-304
336
-704
-1168
448
2048
2048
1648
1696
1744
1712
1440
944
800
896
640
64
-768
-1728
-1824
-640
480
784
816
784
1008
1792
2448
2512
1632
-208
-1104
144
1600
2048
1616
96
-1136
-368
1200
1792
1392
496
-288
-656
-896
-832
-560
-736
-1024
-976
-1024
-912
-592
-1040
-1328
384
1968
720
-1392
-1536
-752
-1056
-1984
-2032
-1456
-1072
-224
1088
1456
1248
1600
1872
1344
256
-864
-992
-448
-784
-1184
112
1040
-752
-2592
-1168
976
-32
-1936
-768
1216
432
-832
48
1168
1056
512
-288
-832
-16
688
-576
-1536
-176
832
-48
-640
-480
-1008
-1424
-960
-768
-800
-64
576
128
-208
640
1440
1312
1120
672
-496
-1056
-464
304
1072
1616
1168
208
-384
-784
-1376
-1888
-1328
128
1216
1520
1120
96
-752
-1120
-912
304
1040
-224
-1264
-160
896
96
-1344
-1824
-1104
256
1328
1296
464
224
688
608
96
448
1424
1504
608
464
1040
656
-352
-352
256
-96
-1248
-1632
-1136
-736
-272
480
704
48
-864
-1312
-800
208
1072
1600
1328
224
-160
720
1568
1680
1312
784
640
1008
1104
400
-496
-960
-1120
-864
-272
-432
-1088
-624
736
1552
1536
576
-704
-400
1056
1216
-128
-1344
-1136
448
1216
-144
-1472
-1184
-704
-1024
-944
352
1408
992
304
512
1168
1584
1376
816
384
-272
-528
784
1712
128
-1664
-1008
448
704
1024
2272
2432
720
-1056
-1552
-752
848
1680
656
-1072
-1680
-688
848
1024
-352
-960
208
1584
2080
1744
944
656
1312
1728
1296
928
1008
624
-320
-1168
-1792
-1824
-976
96
1056
1616
1056
656
1776
2800
2576
1424
-432
-1232
192
1728
1872
1312
400
-288
320
1600
2096
1552
448
-784
-1376
-864
-272
-720
-1632
-1984
-1632
-1264
-1136
-1056
-1264
-1552
-384
1232
464
-1488
-1616
-560
-272
-624
-720
-528
-816
-1248
-192
1680
2064
1392
1328
1008
-448
-1360
-800
-352
-736
-784
-16
528
-48
-752
48
1328
768
-608
-80
1360
752
-976
-800
832
1392
544
-480
-592
144
224
-1056
-1776
-816
256
32
-608
-688
-592
-848
-1216
-1568
-1376
176
1600
608
-1040
-288
1760
2384
1440
96
-768
-720
176
1184
1312
928
800
288
-592
-512
-160
-736
-816
320
1040
800
416
-144
-944
-1472
-1408
-384
832
656
-304
-80
640
224
-880
-1424
-912
704
2352
2416
1120
432
512
-160
-1152
-608
1088
1984
1600
1248
1104
224
-416
384
896
-144
-1360
-1424
-752
-560
-704
336
1584
640
-1280
-1680
-1024
-16
1472
2224
1056
-736
-1264
-224
1296
2080
1824
1328
976
928
1072
368
-1072
-1488
-1088
-1184
-1232
-784
-480
-368
368
1744
1856
-288
-1792
-480
1152
720
-704
-1616
-1536
-384
832
272
-1616
-1936
-640
-496
-1040
880
1568
1568
800
768
1472
1840
1904
1968
1264
-592
-1664
-400
784
-160
-848
560
1808
976
128
1136
1968
1280
768
736
320
256
640
176
-1040
-1632
-944
-64
-256
-672
0
1216
2240
2560
1664
432
480
1520
1920
1264
544
272
-16
-768
-1744
-2080
-1312
-256
-48
-336
32
784
976
1232
1840
1664
464
-912
-1600
-320
1968
2416
1200
592
1024
1840
2400
2176
1568
1120
608
192
96
-288
-944
-1008
-656
-800
-704
496
1024
-288
-864
976
2400
1072
-720
-464
512
112
-928
-1056
-320
352
688
1104
1856
2288
1792
752
-160
-656
-400
304
560
368
512
864
384
-1136
-1488
464
1472
-416
-1360
704
2192
1056
-464
-640
128
768
912
960
976
880
880
480
-544
-1120
-672
0
496
816
768
-32
-1152
-1456
-672
384
832
-80
-1072
80
1888
2016
1680
1664
864
-144
-144
352
544
416
480
816
992
960
848
752
944
1296
1456
1232
592
352
560
-128
-880
240
1792
1488
240
-336
-96
560
800
16
-224
1360
2784
2080
624
32
48
288
704
1056
1056
352
-80
1120
2288
1296
-176
-176
240
48
-464
-496
368
1184
1392
1872
2192
784
-1024
-928
496
1520
1504
496
-384
-128
480
816
1728
2864
2480
624
-336
816
2096
1184
-928
-1904
-1280
112
720
-112
-672
240
1504
2448
2480
672
-864
400
2368
2064
368
-752
-752
-16
272
-544
-1008
-224
416
304
592
1552
1936
1120
96
-112
576
1488
1696
1072
288
-432
-832
-240
240
-704
-1232
352
2000
1680
656
912
1840
1424
160
16
880
1392
928
-256
-1088
-1264
-1488
-1232
-176
112
-448
320
2336
3360
2432
768
256
1024
1392
624
16
320
256
-880
-1792
-1456
-560
0
336
560
208
-448
16
1632
2384
1520
272
-640
-768
256
1664
2384
2144
1200
464
848
1632
2064
2176
1760
1088
848
720
-16
-976
-1312
-1216
-1488
-1504
-176
592
-960
-2000
-192
1840
1328
-320
-304
768
336
-688
-208
256
-112
624
1984
2192
1968
2288
2288
1264
-288
-1072
-400
608
640
80
32
32
-832
-1200
512
2272
1456
-48
576
1408
16
-1488
-1056
-32
448
688
960
1200
1040
336
-496
-992
-576
592
1280
1376
1680
1632
512
-864
-1360
-832
-80
64
-432
-640
320
1792
2368
2176
1664
832
336
384
240
576
1984
2480
1296
416
672
992
848
944
1680
2240
1808
1088
736
-32
-1120
-864
976
1968
1136
512
928
1184
1008
560
-256
-352
736
1504
992
32
-192
528
1072
1072
1664
2480
1936
800
912
1728
1856
1232
368
-464
-1088
-1296
-816
48
352
560
1536
1888
640
-736
-912
64
1424
1952
1376
496
-64
416
1888
2768
2240
1184
176
-80
880
1536
240
-1792
-2208
-976
368
656
-400
-1424
-560
1440
2304
1632
0
-1200
64
2432
2416
720
32
224
432
400
-400
-1072
-288
1040
1168
528
