-2368
-656
1712
3520
4096
2832
96
-864
1504
3312
2032
1040
2352
3296
2416
640
-944
-624
1872
3184
1232
-1472
-2736
-3504
-4240
-2800
1008
3424
2528
832
432
1264
2688
3376
2336
608
-480
-1200
-1744
-640
2192
3040
464
-1072
1056
3568
3936
3104
1952
880
576
1232
2464
3408
3408
3344
3792
2848
-16
-1040
1408
3440
2560
704
-576
-1152
-992
-1328
-2768
-3392
-2224
-912
-656
-1280
-2416
-3552
-3984
-2960
-608
1216
1248
1008
1488
576
-2192
-3152
-784
992
-128
-896
544
688
-2000
-3104
-592
848
-1296
-3616
-3936
-3152
-1952
-1248
-1520
-816
1616
3376
2848
736
-1680
-3648
-4432
-2784
944
3456
2800
720
-896
-1040
336
1008
-224
-1168
-224
1376
2528
3536
4272
2688
-1408
-3072
368
3440
2240
1200
2864
2944
-480
-3760
-4400
-3024
-592
1152
1120
1168
2560
3296
2224
624
-544
-960
-832
-1216
-2384
-3696
-4416
-2848
1104
3344
1504
-1440
-2976
-3520
-3520
-3440
-3568
-3408
-2576
-496
2608
2944
-960
-3392
-1104
1248
544
-1584
-3536
-2784
1312
3056
-688
-3392
-1008
976
-368
-928
1248
3680
4496
2800
-864
-3520
-3136
-512
2368
3232
1328
-1680
-3712
-2912
704
3600
3024
544
-1872
-3632
-4048
-3264
-2224
-704
976
704
-1808
-3648
-3040
-416
2672
2944
-736
-3680
-2624
-1008
-1360
-704
2144
3168
688
-1264
-352
1344
1952
688
-2064
-3280
-1360
1536
3344
2960
496
-1072
0
1136
320
-1472
-3088
-3200
-1152
1488
3056
3408
2608
608
-1872
-3536
-3808
-3328
-2480
-688
1760
3632
4224
2848
-16
-1008
1472
3392
2176
1216
2480
3408
2544
688
-1056
-720
1936
3280
1280
-1456
-2736
-3584
-4352
-2864
1056
3536
2560
800
400
1184
2544
3296
2384
688
-464
-1248
-1760
-608
2256
3136
544
-1024
1136
3696
4112
3280
2080
896
544
1200
2480
3472
3520
3488
3920
2928
48
-992
1424
3520
2784
928
-528
-1280
-1152
-1408
-2736
-3360
-2288
-1072
-864
-1472
-2496
-3568
-4048
-3040
-560
1392
1488
1232
1680
704
-2192
-3264
-784
1104
-112
-976
608
864
-1984
-3168
-496
1120
-1104
-3696
-4144
-3264
-1936
-1216
-1552
-848
1696
3504
2816
560
-1824
-3696
-4480
-2832
960
3472
2784
640
-944
-960
432
1024
-272
-1248
-304
1408
2608
3584
4352
2704
-1536
-3168
448
3584
2288
1152
2880
3008
-464
-3840
-4528
-3088
-544
1216
1200
1328
2688
3392
2400
784
-592
-1184
-1056
-1312
-2352
-3680
-4448
-2816
1216
3360
1360
-1648
-3088
-3472
-3472
-3424
-3584
-3456
-2720
-656
2512
2912
-944
-3296
-992
1248
464
-1680
-3616
-2880
1280
3088
-672
-3408
-960
1072
-352
-944
1296
3728
4496
2768
-944
-3632
-3232
-576
2320
3232
1280
-1840
-3856
-2928
736
3632
3168
672
-1856
-3600
-3936
-3248
-2416
-960
960
912
-1616
-3632
-3200
-624
2576
3008
-608
-3616
-2704
-1200
-1520
-768
2112
3104
640
-1264
-336
1376
2032
736
-2128
-3360
-1360
1648
3504
3040
384
-1200
16
1184
208
-1744
-3344
-3264
-1024
1600
3024
3328
2608
640
-1872
-3600
-3856
-3328
-2544
-3152
-1376
624
1168
16
-2176
-3136
-1648
912
2896
3024
1200
592
2688
2928
-896
-3264
-1168
320
-1664
-3152
-1856
-352
-256
-512
-304
688
2272
3472
3744
2832
976
656
2672
2960
-384
-3648
-4272
-2896
-544
224
-1856
-3264
-1456
464
416
576
2096
3408
3696
2960
1456
272
80
512
912
32
-2192
-3328
-1952
880
3296
2944
-496
-3680
-4256
-2960
-1120
-480
-1872
-3520
-3872
-3040
-1504
-432
-592
-208
1776
3456
3504
3248
3584
2880
480
-256
2224
2816
-1040
-2960
624
3312
1216
-368
1728
3184
1344
-528
-464
-592
-2096
-3520
-3760
-3040
-1520
704
2832
3184
1424
-384
-656
-400
-400
720
3072
2784
-1344
-3040
896
2992
-832
-3136
384
3424
2096
208
192
400
-32
-496
-512
624
2560
3232
1856
288
-192
-448
-848
-160
1808
3504
3952
2944
1040
752
2720
2960
-384
-3600
-4080
-2976
-1488
-448
-560
-528
416
224
-1968
-3200
-1872
-352
-320
-496
-112
-720
-2544
-3120
-1168
432
-208
-48
2400
2848
-688
-3344
-2176
-224
368
192
-464
32
2528
2960
-720
-3376
-1744
592
848
448
352
-720
-2816
-3152
-832
320
-1728
-3248
-1856
-240
-64
688
2640
3232
1248
-608
-448
-800
-2944
-2912
832
3440
2032
-944
-3024
-3152
-1280
640
688
-736
-2336
-3424
-3856
-2880
-544
144
-2176
-3008
240
3680
4368
2928
544
-256
1696
3312
2400
-128
-2864
-2784
1136
3056
-336
-3488
-2544
144
2464
3088
1424
496
2256
3248
1328
-464
-288
-672
-2608
-3280
-1488
592
1232
32
-2256
-3296
-1744
912
2944
3056
1216
560
2672
3008
-864
-3392
-1312
288
-1728
-3248
-1808
-192
-192
-592
-320
784
2320
3488
3888
3072
1120
672
2704
3072
-304
-3680
-4400
-3024
-624
240
-1824
-3248
-1408
576
544
688
2144
3488
3824
3072
1472
304
128
512
880
0
-2208
-3312
-1888
896
3248
2944
-496
-3792
-4352
-2880
-976
-464
-1936
-3584
-3968
-3120
-1376
-160
-368
-80
1824
3472
3600
3408
3712
3008
624
-144
2304
2880
-1104
-3104
592
3408
1344
-288
1776
3232
1440
-416
-384
-576
-2128
-3600
-3888
-3120
-1520
736
2880
3200
1344
-544
-832
-496
-416
784
3152
2832
-1328
-2992
992
3104
-800
-3168
352
3392
2032
112
144
464
64
-448
-448
736
2688
3312
1840
192
-208
-352
-768
-128
1808
3488
4032
3056
928
432
2544
3040
-336
-3744
-4240
-3040
-1456
-304
-320
-368
368
32
-2096
-3216
-1808
-240
-208
-384
-48
-688
-2592
-3264
-1328
432
-128
-16
2464
2928
-720
-3408
-2112
-96
448
176
-496
32
2544
2928
-800
-3408
-1712
576
704
304
352
-624
-2752
-3200
-976
128
-1888
-3312
-1824
-224
-160
528
2544
3296
1456
-320
-128
-576
-2896
-2960
816
3552
2240
-768
-2960
-3216
-1376
592
736
-672
-2352
-3584
-4064
-3008
-592
80
-2288
-3040
320
3760
4448
3056
672
-208
1712
3264
2304
-192
-2896
-2784
1200
3136
-368
-3568
-2576
192
2624
3280
1488
512
2320
3328
1376
-400
-224
-672
-2272
-3184
-1744
-64
288
-800
-2560
-3264
-2048
304
2608
2880
704
-64
2288
2736
-992
-3328
-1552
-448
-2288
-3152
-1312
512
720
64
-544
-32
1776
3440
3920
2720
336
-64
2368
2880
-528
-3712
-4128
-2816
-1008
-560
-2256
-3168
-1616
-304
-512
-80
1840
3536
3920
2848
864
-560
-736
-272
48
-752
-2480
-3280
-2208
272
2848
2752
-624
-3776
-4272
-2688
-432
224
-1616
-3664
-4000
-2864
-864
464
320
560
2112
3360
3392
3296
3552
2864
976
672
2768
2608
-1392
-2928
736
3344
1648
480
2240
3168
1600
336
560
144
-1792
-3472
-3712
-3072
-2032
-80
2288
3072
1728
400
464
384
-592
-16
2592
2592
-1456
-2896
1088
2832
-1088
-2976
688
3280
1456
-784
-992
-384
224
208
-512
16
2240
3072
1216
-480
-240
240
32
576
2192
3536
3920
2784
416
0
2384
2896
-560
-3824
-4224
-2912
-1040
416
528
240
224
-784
-2752
-3136
-1168
608
656
432
768
-32
-2240
-3216
-1792
-288
-112
784
2944
2624
-1200
-3328
-1344
592
160
-576
-352
1056
3104
2720
-976
-3408
-2096
-368
-400
-368
496
32
-2240
-3184
-1520
-688
-2416
-3088
-960
528
-176
-48
2096
3200
1696
288
608
-128
-2704
-2816
832
3456
2400
-304
-2576
-3216
-1904
-80
736
0
-1952
-3648
-4000
-2896
-1040
-832
-2800
-2864
608
3680
4080
2768
928
592
2336
3200
1584
-1152
-3456
-2624
1536
2976
-720
-3504
-1984
992
3072
2976
720
-192
1920
3248
1664
208
448
-176
-2384
-3248
-1712
-16
288
-832
-2608
-3312
-2080
336
2704
3008
736
-64
2368
2848
-976
-3440
-1696
-592
-2432
-3248
-1312
512
688
80
-512
32
1936
3616
4048
2848
496
32
2400
2928
-496
-3744
-4224
-2864
-944
-528
-2320
-3232
-1584
-208
-432
0
1920
3584
3920
2864
912
-528
-704
-240
16
-832
-2608
-3424
-2320
272
2896
2768
-640
-3808
-4352
-2800
-528
208
-1632
-3696
-4080
-2928
-880
528
432
672
2224
3456
3472
3344
3616
2960
1024
672
2816
2672
-1392
-2976
752
3440
1744
528
2288
3200
1568
256
464
0
-1952
-3600
-3824
-3120
-1872
208
2512
3152
1664
176
176
176
-640
48
2704
2656
-1520
-2992
1120
2928
-1088
-2992
752
3376
1488
-720
-880
-320
256
240
-496
16
2272
3056
1088
-592
-208
352
144
672
2224
3552
4016
2880
368
-128
2320
2896
-560
-3856
-4304
-2976
-992
544
624
240
160
-848
-2784
-3184
-1232
576
624
416
752
-64
-2336
-3344
-1840
-272
-144
784
3104
2816
-1104
-3312
-1360
560
144
-608
-464
944
3104
2736
-1056
-3520
-2128
-336
-416
-432
480
32
-2288
-3232
-1504
-720
-2528
-3184
-992
496
-304
-144
2128
3248
1712
336
704
-48
-2688
-2832
848
3600
2544
-256
-2608
-3312
-2048
-160
800
80
-1952
-3712
-4128
-3008
-1072
-784
-2784
-2912
592
3744
4192
2912
1024
592
2320
3264
1648
-1168
-3488
-2640
1536
2976
-752
-3520
-1920
1088
3072
2944
656
-304
1856
3296
1744
288
560
-48
-2320
-480
1952
3744
4208
2688
-144
-880
1680
3408
2144
1296
2544
3392
2528
624
-1136
-624
2096
3232
1072
-1568
-2752
-3584
-4192
-2496
1296
3552
2576
896
576
1392
2672
3376
2544
784
-528
-1328
-1696
-336
2464
2992
240
-992
1408
3760
3952
3152
2096
1056
784
1408
2560
3504
3520
3472
3840
2752
-48
-848
1648
3552
2640
704
-704
-1264
-1056
-1408
-2688
-3200
-2208
-1008
-720
-1344
-2432
-3504
-3888
-2768
-288
1504
1488
1296
1728
624
-2240
-2960
-384
1152
-336
-992
816
896
-2032
-2928
-160
1152
-1264
-3632
-3872
-3072
-1968
-1392
-1680
-832
1776
3616
3008
752
-1728
-3648
-4256
-2464
1200
3632
2976
704
-1088
-960
720
1200
-336
-1136
96
1696
2640
3600
4352
2544
-1632
-2944
752
3632
2336
1408
3056
2944
-592
-3824
-4352
-2784
-240
1376
1264
1312
2656
3424
2480
752
-656
-1152
-928
-1184
-2240
-3568
-4288
-2528
1472
3328
1136
-1712
-2960
-3280
-3296
-3360
-3536
-3360
-2592
-368
2784
2784
-1168
-3072
-576
1312
192
-1936
-3536
-2464
1616
2944
-928
-3136
-416
1216
-592
-1088
1376
3824
4448
2608
-1024
-3584
-3136
-400
2576
3200
1008
-1952
-3664
-2592
1040
3808
3200
560
-2032
-3616
-3792
-3168
-2304
-608
1248
832
-1792
-3584
-2960
-304
2800
2944
-784
-3616
-2592
-1152
-1520
-608
2368
3136
464
-1184
96
1776
2144
608
-2224
-3152
-896
2000
3536
2864
256
-1056
288
1216
176
-1584
-3040
-2944
-752
1792
3184
3472
2656
560
-2000
-3600
-3760
-3248
-2384
-464
2032
3776
4224
2784
-16
-768
1808
3520
2160
1264
2560
3488
2672
688
-1120
-528
2256
3344
1104
-1616
-2800
-3552
-4176
-2544
1328
3648
2672
944
544
1360
2768
3472
2464
656
-528
-1280
-1728
-384
2512
3072
336
-880
1504
3888
4128
3296
2128
1040
752
1376
2576
3504
3568
3568
3936
2800
-64
-896
1648
3680
2800
832
-656
-1328
-1168
-1440
-2688
-3248
-2240
-1056
-880
-1504
-2448
-3472
-3936
-2816
-320
1520
1552
1376
1808
672
-2272
-3056
-416
1168
-384
-1008
896
896
-2160
-3024
-192
1040
-1392
-3680
-3888
-3072
-1888
-1296
-1568
-640
2016
3760
2928
544
-1936
-3792
-4352
-2496
1264
3680
2960
688
-1056
-976
640
1120
-352
-1088
112
1696
2704
3728
4448
2576
-1712
-3024
752
3680
2336
1408
3072
2944
-608
-3824
-4352
-2736
-128
1536
1408
1488
2768
3424
2480
816
-672
-1248
-1088
-1408
-2448
-3648
-4336
-2560
1472
3392
1200
-1712
-2976
-3376
-3440
-3376
-3456
-3360
-2672
-448
2800
2912
-1088
-3136
-656
1328
272
-1856
-3584
-2608
1536
2976
-880
-3136
-432
1280
-448
-896
1504
3920
4544
2640
-1136
-3744
-3216
-368
2672
3328
1088
-1920
-3632
-2560
1040
3808
3216
624
-1968
-3600
-3776
-3216
-2512
-816
1264
992
-1744
-3712
-3120
-384
2880
3040
-720
-3552
-2592
-1296
-1632
-592
2448
3120
368
-1280
64
1792
2176
624
-2256
-3184
-864
2080
3584
2800
128
-1088
384
1360
144
-1824
-3264
-3024
-704
1840
3120
3424
2720
640
-1968
-3568
-3760
-3328
