1872
3472
2592
1152
752
1456
2768
3488
2800
608
-2272
-2912
-256
944
-1776
-2912
672
3568
2384
1296
2720
3232
1056
-1136
-1616
-624
944
992
-1232
-3472
-4080
-2688
144
880
-1872
-2944
400
3808
4240
3136
1808
1408
2608
3408
2288
1280
1568
960
-1376
-3520
-4032
-2768
-368
1408
1648
1152
880
1392
2640
3504
3024
736
-2384
-2864
448
3872
4624
2928
128
-864
1280
3792
4336
3040
608
-1152
-1104
-1024
-2272
-3376
-3376
-3152
-3344
-2960
-1472
-1104
-2896
-2688
1392
3264
-336
-3440
-2272
-1024
-2304
-3168
-1984
-1024
-1248
-640
1616
3584
3856
3328
2640
896
-1808
-3264
-2368
-1152
-1200
-800
960
960
-2048
-2800
1216
3136
-848
-3024
848
3104
-448
-3136
-1056
1616
2000
960
-544
-832
768
960
-1744
-3024
-672
1232
208
-1088
-992
-1184
-2336
-3424
-3920
-2784
64
864
-1872
-3008
288
3920
4592
3104
736
-1168
-1408
-656
112
1408
3104
3152
880
-1184
-1264
-960
-1360
-576
1920
3536
2688
976
-48
-1360
-3280
-2752
1168
3328
944
-1072
160
1344
432
-1456
-3264
-2752
880
3632
2736
1200
1312
1024
-608
-736
1792
3488
2240
1328
2816
3232
656
-976
432
992
-1456
-3328
-2240
-1008
-1456
-640
2432
3104
-480
-3552
-2976
-368
2256
3552
2752
720
-912
-656
1616
3760
4176
3232
1744
1504
3120
3120
-304
-3536
-4048
-3008
-1584
-1264
-2608
-3024
-1024
1792
3824
2880
-1264
-2912
736
3552
1648
-1600
-3424
-2928
-160
1152
-1232
-3328
-2240
-960
-1296
-640
1952
3552
2640
1152
768
1552
2848
3536
2928
752
-2272
-2976
-208
1056
-1760
-2976
656
3600
2432
1392
2880
3296
992
-1264
-1728
-704
912
992
-1248
-3584
-4272
-2816
144
976
-1824
-2976
416
3872
4320
3216
1872
1424
2672
3504
2336
1264
1520
928
-1392
-3552
-4112
-2864
-384
1520
1792
1232
928
1520
2800
3552
3024
736
-2400
-2912
448
3968
4720
2976
112
-1040
1088
3776
4416
3040
496
-1312
-1280
-1200
-2384
-3408
-3392
-3216
-3392
-3008
-1584
-1312
-3120
-2768
1424
3344
-224
-3344
-2352
-1216
-2448
-3264
-2096
-1136
-1360
-768
1568
3664
4000
3424
2640
784
-1936
-3312
-2288
-1008
-1104
-768
976
944
-2112
-2848
1216
3120
-864
-2960
992
3200
-512
-3232
-1040
1696
2064
1008
-464
-768
784
912
-1856
-3136
-672
1328
240
-1152
-1104
-1280
-2416
-3504
-4016
-2784
224
1024
-1840
-2992
368
3984
4576
3040
624
-1328
-1632
-816
176
1696
3360
3232
800
-1344
-1440
-1168
-1568
-752
1840
3584
2768
1008
-80
-1456
-3376
-2784
1200
3312
848
-1136
224
1440
432
-1584
-3376
-2768
928
3696
2800
1328
1536
1184
-608
-800
1760
3520
2352
1520
2976
3152
352
-1168
496
1168
-1376
-3344
-2336
-1184
-1648
-768
2368
3136
-352
-3520
-3168
-640
2096
3600
2992
976
-832
-688
1568
3680
4144
3296
1824
1552
3200
3168
-352
-3632
-4128
-3040
-1600
-1296
-2656
-3024
-944
1904
3904
2864
-1328
-2944
704
3472
1488
-1760
-3488
-2816
0
1264
-1216
-3376
-2368
-1152
-1488
-768
-1424
736
2512
3552
3872
3024
1136
576
2416
3200
992
-192
1936
3296
1424
-720
-736
816
2672
3360
2144
-64
-1984
-3504
-4368
-2816
1152
3440
1824
-656
-1248
48
2352
3264
1440
-528
-304
416
224
784
2672
3216
1424
416
1856
3616
4016
3088
1200
-608
-1056
0
1936
3472
3664
3440
3664
3072
1168
544
2384
3280
1360
-496
-384
448
864
-16
-2240
-3280
-1616
560
1088
32
-1856
-3488
-3920
-3056
-1456
-256
-224
-416
-96
-688
-2512
-3216
-1808
-192
368
480
448
-688
-2720
-3216
-1472
-512
-1920
-3648
-4000
-3040
-1120
256
176
560
2416
3376
1872
-592
-2384
-3664
-4384
-2736
1264
3488
1760
-480
-448
272
48
-240
128
240
-272
80
1824
3696
4496
2704
-1520
-3120
560
3440
1360
-192
2144
3056
-352
-3760
-4272
-3088
-1392
-272
-544
-96
2272
3312
1312
-608
-432
592
1040
224
-1744
-3712
-4464
-2784
1024
3520
2560
32
-2128
-3456
-3648
-3456
-3648
-3200
-1584
896
3360
3008
-816
-3408
-2176
-48
800
-80
-2592
-2832
1168
3184
-448
-3568
-2176
-208
-32
560
2176
3728
4432
2784
-1088
-3456
-2080
944
3040
3408
2256
-208
-2928
-2912
736
3488
2048
-896
-2592
-3552
-4016
-3056
-1024
624
752
-784
-2816
-3376
-1840
960
3472
2992
-928
-3488
-1680
592
448
656
2608
3360
1808
144
-368
-208
64
-624
-2512
-3456
-2240
208
2592
3344
1920
208
-400
-144
464
16
-2048
-3376
-2320
144
2544
3392
1824
-736
-2576
-3600
-3920
-3184
-1456
704
2560
3664
4000
3056
1024
480
2464
3296
1024
-144
2016
3360
1552
-576
-800
656
2688
3488
2240
-16
-2048
-3664
-4448
-2752
1248
3472
1808
-672
-1296
-48
2304
3328
1472
-592
-416
336
128
688
2656
3328
1536
480
1920
3680
4032
3136
1328
-512
-1104
-96
1968
3584
3744
3504
3776
3184
1200
560
2464
3456
1536
-464
-464
400
912
-16
-2336
-3376
-1696
416
928
-128
-2032
-3696
-4144
-3264
-1504
-128
-16
-192
96
-608
-2592
-3360
-1808
-112
288
368
544
-512
-2736
-3360
-1472
-384
-1888
-3664
-4064
-3184
-1200
288
192
608
2576
3520
1872
-688
-2464
-3712
-4448
-2832
1168
3424
1712
-496
-416
304
80
-224
128
256
-288
16
1824
3824
4672
2800
-1504
-3088
656
3504
1360
-192
2208
3136
-352
-3872
-4384
-3088
-1328
-224
-480
-32
2256
3296
1440
-480
-512
352
800
48
-1824
-3760
-4544
-2832
1072
3600
2496
-192
-2352
-3568
-3632
-3456
-3696
-3264
-1680
800
3328
3008
-864
-3472
-2176
0
800
-192
-2768
-2944
1216
3280
-432
-3584
-2080
-128
-48
544
2208
3728
4528
2960
-1040
-3584
-2256
848
3024
3424
2240
-336
-3120
-2976
816
3648
2272
-704
-2560
-3680
-4192
-3232
-1184
528
848
-544
-2704
-3488
-1968
864
3408
3008
-896
-3568
-1856
464
352
608
2624
3376
1776
128
-320
-144
112
-624
-2512
-3424
-2192
256
2672
3360
1776
48
-400
-64
448
-112
-2176
-3440
-2256
304
2672
3440
1872
-720
-2640
-3744
-4048
-3264
-1536
256
2160
3488
3872
2784
576
-16
2048
3104
1376
560
2272
3184
1824
80
-672
176
2224
3120
1584
-736
-2288
-3376
-3984
-2384
1264
3248
1968
96
-272
800
2560
3216
1776
96
-304
-400
-672
304
2560
3040
880
-144
1664
3616
3904
3008
1488
160
-128
752
2288
3424
3456
3328
3648
2848
608
-32
2000
3184
1776
176
-272
-208
0
-624
-2352
-3056
-1664
-32
288
-640
-2176
-3440
-3744
-2784
-864
576
592
464
848
-32
-2304
-2976
-1008
624
224
-208
480
80
-2144
-2832
-752
336
-1440
-3328
-3616
-2832
-1360
-416
-576
0
2048
3280
2288
144
-1872
-3408
-4048
-2368
1312
3376
2144
208
-416
-224
272
528
112
-416
-256
832
2272
3600
4304
2544
-1520
-2816
768
3328
1616
672
2704
2896
-576
-3664
-4000
-2720
-848
384
256
672
2528
3216
1648
48
-336
-80
96
-496
-1984
-3504
-4112
-2368
1360
3360
1792
-816
-2480
-3248
-3280
-3136
-3264
-2944
-1792
368
2912
2688
-1008
-3136
-1280
816
768
-912
-3024
-2432
1536
2944
-720
-3168
-1088
688
-80
-128
1664
3552
4288
2592
-1072
-3344
-2320
336
2592
3152
1664
-1040
-3216
-2528
992
3472
2368
-208
-2160
-3408
-3744
-2848
-1408
-16
752
-64
-2096
-3152
-2128
432
3040
2784
-896
-3312
-1888
-240
-544
32
2384
3104
1136
-512
-240
704
1088
16
-2192
-3104
-1488
1088
3072
3120
1152
-448
-256
464
512
-608
-2480
-3104
-1440
1056
2880
3264
1968
-176
-2144
-3408
-3632
-2896
-1568
288
2224
3584
3968
2864
672
64
2128
3216
1424
496
2256
3248
1872
96
-640
192
2272
3216
1680
-736
-2368
-3552
-4176
-2416
1424
3440
2048
32
-416
736
2672
3248
1616
0
-176
-192
-608
272
2544
3152
1072
-64
1632
3648
4016
3120
1584
192
-192
704
2336
3552
3552
3408
3760
2944
640
-32
2016
3280
1920
240
-288
-208
48
-656
-2480
-3168
-1712
-96
208
-656
-2176
-3488
-3824
-2832
-848
672
704
496
832
0
-2256
-2944
-1008
576
144
-240
512
16
-2320
-2960
-736
432
-1456
-3504
-3808
-2880
-1232
-240
-512
64
2208
3376
2096
-208
-2096
-3472
-4096
-2432
1328
3472
2160
144
-480
-272
176
464
160
-304
-192
800
2288
3728
4368
2464
-1632
-2832
864
3456
1680
688
2768
2928
-608
-3728
-4112
-2768
-704
608
448
816
2640
3312
1776
144
-368
-160
48
-560
-2000
-3536
-4176
-2464
1312
3376
1840
-848
-2560
-3328
-3328
-3248
-3392
-3024
-1840
368
3008
2800
-992
-3200
-1376
720
752
-832
-3056
-2608
1456
3024
-672
-3184
-1152
640
-80
-64
1808
3712
4368
2592
-1104
-3392
-2448
272
2672
3232
1680
-1056
-3296
-2640
976
3536
2496
-80
-2096
-3408
-3776
-2944
-1552
-80
864
64
-2112
-3248
-2208
368
3008
2800
-864
-3344
-1952
-288
-608
-16
2416
3168
1136
-528
-224
720
1120
96
-2144
-3072
-1440
1184
3120
3040
992
-496
-96
640
496
-768
-2608
-3168
-1440
1152
2976
3344
2032
-144
-2144
-3408
-3680
-2992
2016
3488
2496
1072
736
1472
2704
3376
2768
528
-2480
-2912
-16
944
-2000
-2912
848
3568
2336
1424
2816
3024
656
-1552
-1920
-672
1104
1024
-1456
-3824
-4272
-2528
448
912
-2016
-2928
560
3840
4160
3088
1808
1424
2656
3424
2256
1280
1568
912
-1504
-3680
-4144
-2688
-96
1664
1728
1136
912
1504
2704
3488
2992
560
-2624
-2864
576
3920
4560
2672
-224
-1008
1360
3840
4240
2784
240
-1520
-1440
-1408
-2512
-3392
-3408
-3312
-3488
-3072
-1696
-1520
-3200
-2608
1520
3056
-624
-3552
-2400
-1296
-2592
-3344
-2144
-1296
-1584
-816
1664
3600
3744
3312
2816
1008
-1840
-3296
-2416
-1424
-1584
-912
1216
1088
-2224
-2816
1408
2976
-1200
-2912
1184
2992
-864
-3248
-848
1808
2064
848
-800
-864
976
928
-2032
-3056
-400
1312
-128
-1456
-1136
-1280
-2464
-3584
-4016
-2608
384
864
-2128
-2976
608
4080
4480
2832
400
-1488
-1664
-800
240
1760
3296
2976
480
-1552
-1584
-1344
-1728
-736
1920
3552
2736
960
-336
-1824
-3504
-2560
1472
3216
480
-1280
384
1456
96
-1936
-3392
-2592
992
3568
2752
1424
1568
976
-944
-992
1728
3456
2320
1632
3008
2880
16
-1184
688
1104
-1632
-3472
-2336
-1280
-1728
-640
2512
2992
-672
-3696
-3152
-496
2240
3632
2928
784
-1232
-1056
1536
3824
4096
3168
1904
1744
3120
2768
-656
-3616
-4048
-3040
-1680
-1456
-2752
-2912
-720
1984
3760
2560
-1584
-2928
896
3472
1328
-1888
-3504
-2736
64
1072
-1568
-3568
-2368
-1168
-1488
-640
2096
3600
2544
1040
768
1584
2816
3488
2848
528
-2464
-2848
16
944
-2048
-2960
928
3744
2464
1488
2912
3072
624
-1552
-1808
-576
1104
928
-1520
-3760
-4272
-2704
256
816
-2192
-3072
624
4016
4304
3184
1840
1392
2640
3440
2256
1264
1488
704
-1648
-3728
-4256
-2880
-208
1600
1680
1184
1024
1600
2800
3584
3040
592
-2656
-2960
656
4112
4640
2672
-208
-1040
1328
3888
4352
2880
224
-1632
-1536
-1440
-2576
-3504
-3472
-3344
-3568
-3136
-1712
-1504
-3200
-2608
1552
3136
-576
-3552
-2480
-1360
-2528
-3248
-2128
-1296
-1552
-768
1760
3728
3904
3424
2704
704
-2160
-3488
-2400
-1184
-1296
-752
1152
864
-2368
-2784
1456
2976
-1184
-2880
1312
3168
-784
-3264
-864
1808
2032
800
-832
-960
912
880
-2128
-3136
-384
1328
-160
-1520
-1280
-1456
-2528
-3568
-4080
-2688
432
976
-2080
-3040
496
4032
4496
2848
304
-1712
-1904
-928
256
1824
3328
2960
416
-1648
-1648
-1392
-1760
-784
1856
3584
2832
1056
-288
-1760
-3472
-2592
1408
3184
480
-1296
368
1440
112
-1936
-3472
-2624
1088
3696
2752
1392
1680
1072
-1024
-1072
1808
3568
2336
1552
2960
2928
80
-1200
672
1136
-1632
-3568
-2512
-1472
-1872
-720
2496
3040
-592
-3728
-3312
-656
2176
3648
2992
832
-1216
-1056
1568
3824
4080
3136
1792
1680
3184
2848
-752
-3776
-4096
-3040
-1728
-1568
-2928
-3072
-720
2192
3936
2544
-1664
-2880
992
3472
1232
-2016
-3600
-2688
240
1248
-1488
-3552
-2416
-1264
-1584
-656
