-1824
2656
5776
7296
8048
7248
4192
2752
5360
5904
944
-1584
2656
5488
2016
-1728
-1072
2368
6064
7888
6208
1792
-3104
-7232
-9232
-6032
1696
6000
2352
-3488
-5168
-1968
3376
5456
1792
-1792
-192
2848
2992
3056
5840
7456
4880
2704
4576
7472
8096
5840
1184
-3408
-4816
-2240
2752
6880
7648
6960
7520
7264
4352
2976
5360
5776
1344
-1952
-288
3056
4400
1856
-3552
-6016
-2240
3104
4720
2000
-2912
-7072
-8496
-7504
-5184
-3200
-3072
-3472
-2720
-2960
-5920
-7984
-5760
-1424
1152
1296
96
-2640
-6480
-7744
-4912
-2752
-4672
-7616
-8288
-6000
-1120
2896
3168
3168
5504
6032
2080
-2944
-5888
-7696
-8864
-5904
1520
5616
2304
-1296
-304
864
-480
-1008
576
896
-1232
-1648
2128
7120
9392
5888
-2464
-6096
336
5664
1488
-1840
2992
5936
-16
-7216
-9088
-7488
-5008
-3472
-3664
-1888
3312
5504
1664
-1760
-336
3008
4320
2080
-2688
-7312
-9424
-6480
1344
7664
7024
1824
-3536
-7008
-7776
-7488
-7600
-6160
-2192
2896
7312
6448
-1360
-7936
-6592
-1296
2288
1360
-4048
-5856
1248
6208
-176
-7824
-6560
-1744
592
2544
5312
7680
8816
5808
-1600
-6144
-3200
2800
6768
7888
6320
1440
-4816
-5888
560
5856
3024
-2992
-6304
-7776
-8192
-5664
-1120
1696
784
-2944
-6432
-6288
-2304
3184
7424
6144
-1296
-6192
-2384
3152
3520
2944
5696
7776
5488
1440
-1568
-3040
-2880
-3152
-5808
-8000
-6560
-2000
3824
7472
5792
1184
-1712
-1216
1344
1664
-2848
-7520
-6912
-1792
3776
5712
2288
-2976
-6176
-7600
-7920
-5936
-1696
2864
5872
7216
7904
7232
4432
3104
5536
5808
656
-1856
2528
5456
1984
-1712
-992
2416
6064
7936
6240
1696
-3216
-7264
-9264
-6080
1680
6016
2304
-3616
-5264
-1952
3488
5520
1728
-1840
-96
2992
3120
3168
5952
7552
5040
2848
4576
7456
8160
5872
1104
-3536
-4912
-2272
2800
6960
7744
7056
7600
7376
4512
3088
5424
5824
1360
-1920
-160
3280
4672
2048
-3488
-5968
-2128
3280
4848
2080
-2848
-7056
-8576
-7632
-5216
-3120
-2992
-3456
-2704
-2960
-5936
-8064
-5808
-1344
1280
1360
80
-2672
-6512
-7872
-5120
-2928
-4784
-7696
-8352
-6016
-1008
3072
3280
3184
5520
6128
2144
-2992
-6000
-7776
-8912
-5952
1552
5696
2272
-1456
-320
1040
-384
-1088
560
1008
-1184
-1696
2112
7168
9488
5952
-2512
-6176
336
5696
1488
-1872
3008
6000
16
-7232
-9152
-7536
-5008
-3456
-3696
-1968
3264
5536
1664
-1856
-400
3120
4528
2192
-2672
-7376
-9504
-6544
1360
7696
7024
1808
-3520
-7008
-7824
-7568
-7632
-6064
-1984
3104
7392
6448
-1360
-8032
-6832
-1504
2352
1552
-3984
-5952
1168
6224
-128
-7856
-6736
-1872
624
2608
5296
7680
8880
5840
-1616
-6128
-3168
2832
6800
7968
6432
1536
-4800
-5936
576
5936
3040
-3056
-6336
-7808
-8256
-5664
-1008
1824
816
-2976
-6528
-6480
-2448
3184
7520
6208
-1328
-6224
-2320
3296
3696
3104
5840
7872
5504
1344
-1648
-3056
-2896
-3184
-5824
-8048
-6592
-1952
3920
7584
5920
1216
-1824
-1312
1344
1648
-2960
-7680
-6976
-1728
3904
5792
2368
-2928
-6272
-7792
-8064
-6000
-3472
-5776
-3968
-912
-80
-1776
-4272
-5520
-4544
-832
4432
6096
2048
-368
3328
5152
-320
-5360
-3936
-1968
-4192
-5840
-3152
448
1856
960
-992
-832
2816
6608
7792
5840
1504
-192
3520
5344
-128
-6592
-7872
-5568
-2832
-1856
-3744
-5376
-3552
-1008
-800
-272
2944
6432
7616
6032
2416
-720
-1280
-368
-208
-1696
-4128
-5568
-4528
-480
4656
5408
-160
-6464
-8512
-6224
-1760
400
-2496
-6704
-8000
-6176
-2512
432
896
1328
3744
6064
6688
6592
6480
5264
2656
1904
4560
4640
-1344
-4960
-176
5072
3984
1808
3488
5152
3312
864
672
144
-3232
-6736
-7216
-5792
-3936
-592
3792
5712
3504
720
672
960
-832
-560
3968
5104
-1248
-4944
688
4736
-784
-5088
224
5824
3712
-688
-2112
-1344
560
1376
-640
-880
3680
6368
2640
-1344
-768
768
640
1328
3776
6208
7552
6016
1472
-272
3568
5392
64
-6480
-8368
-6304
-2656
576
1744
1280
224
-1920
-4944
-5936
-3056
496
1088
608
1168
160
-3392
-5648
-4384
-1808
48
2208
5184
4800
-1408
-6176
-3184
1216
352
-1824
-896
2016
4960
4704
-672
-5488
-4240
-960
-784
-1088
592
464
-3360
-5744
-3520
-1760
-4272
-5984
-2576
848
-112
-576
3104
5760
3600
832
848
-224
-4416
-5424
112
5536
4928
224
-4256
-5904
-4400
-1360
1120
656
-3232
-6992
-7520
-5488
-2720
-2032
-4592
-5168
208
6368
7728
5408
2512
1792
4272
6000
3296
-1920
-5888
-4896
1536
4928
-496
-6256
-4272
1456
5456
5712
2128
-224
2704
5616
3552
624
592
-80
-3600
-5856
-3872
-576
352
-1488
-4224
-5600
-4432
-544
4656
6272
2256
-240
3408
5232
-336
-5392
-3856
-1872
-4240
-5936
-3248
368
1728
912
-928
-736
2864
6624
7840
5936
1520
-304
3504
5440
-64
-6672
-7984
-5600
-2784
-1856
-3840
-5440
-3472
-880
-752
-240
3024
6528
7712
6128
2512
-656
-1264
-400
-176
-1648
-4128
-5552
-4480
-464
4640
5440
-160
-6528
-8592
-6336
-1920
224
-2608
-6768
-8064
-6272
-2624
400
944
1376
3744
6064
6704
6640
6544
5296
2688
1952
4624
4656
-1376
-5008
-160
5120
3936
1760
3504
5184
3312
928
736
144
-3312
-6832
-7312
-5840
-3920
-592
3824
5760
3504
624
576
928
-832
-528
4016
5136
-1296
-5072
656
4800
-816
-5184
208
5888
3776
-672
-2160
-1376
544
1344
-704
-880
3744
6416
2656
-1440
-896
704
624
1328
3824
6272
7616
6112
1568
-240
3616
5472
64
-6592
-8480
-6352
-2704
448
1632
1296
288
-1952
-5040
-6048
-3152
384
992
544
1072
-32
-3632
-5776
-4272
-1648
0
2000
5120
4880
-1424
-6336
-3328
1232
464
-1776
-992
1920
5008
4800
-704
-5584
-4256
-944
-752
-1056
592
368
-3472
-5776
-3520
-1744
-4304
-6112
-2656
896
-64
-592
3072
5744
3536
768
880
-192
-4448
-5456
144
5520
4944
368
-4112
-5888
-4480
-1392
1184
704
-3296
-7088
-7600
-5552
-2800
-2112
-4624
-5168
224
6400
7792
5456
2480
1712
4272
6080
3392
-1808
-5872
-4960
1520
5024
-464
-6304
-4320
1520
5552
5776
2112
-256
2672
5600
3632
800
704
-48
96
-4256
-6000
-5904
-6032
-5968
-4592
-4160
-5888
-4896
864
3392
-1312
-4400
-432
3280
928
-3744
-6240
-6720
-6016
-3248
1360
5776
7760
4880
-1824
-5072
-896
4960
6560
3376
-2208
-4416
-256
3312
320
-4288
-4944
-4384
-5728
-6416
-4864
-3904
-4976
-6336
-6608
-4640
80
4864
6352
3808
-1312
-5568
-6368
-5536
-5824
-6000
-4688
-4368
-5936
-4688
736
3680
336
-4720
-6592
-3776
2032
4672
704
-4960
-6672
-3936
1168
5440
6640
5952
5136
4672
4880
5120
4560
4432
5648
6640
5856
2896
-1152
-2896
-320
4032
6656
6528
4896
4128
5040
6208
6512
4576
-368
-4672
-5072
-4704
-5824
-4880
-128
4496
5968
6224
6928
4704
-1616
-4560
-176
3152
-32
-2608
368
2560
-512
-2560
800
3216
-304
-5712
-7936
-4848
2272
5184
-640
-4720
256
3808
-1264
-4896
-96
5920
7200
6112
5024
4736
5392
3488
-2128
-4480
-128
3344
496
-4496
-6304
-3840
1184
5920
7920
5344
-1200
-6624
-6880
-3216
1760
5632
6448
6016
6256
4768
464
-4368
-7328
-5520
1232
6784
6752
2848
-2048
-3200
1920
4816
-992
-5344
64
6736
6640
3088
-480
-3936
-5792
-6304
-6880
-4592
1632
4944
1152
-4464
-6656
-6592
-6160
-3184
2720
4752
-608
-4832
-1184
4560
6336
6352
6560
4272
-720
-3408
-752
4304
6944
5072
208
-4784
-7488
-5152
1664
5136
656
-4928
-5392
-4400
-5536
-6592
-5712
-3088
1040
4544
5120
4640
5488
6576
6320
3680
-1584
-6176
-6448
-2832
1744
2912
-992
-3552
528
6176
7152
3424
-2080
-4480
-800
4464
6256
6160
6256
4512
-16
-4448
-6096
-5856
-5920
-5952
-4768
-4400
-6016
-4736
1232
3760
-1120
-4320
-320
3328
832
-3856
-6288
-6768
-6128
-3408
1216
5712
7744
4880
-1792
-4960
-688
5248
6896
3632
-2112
-4368
-96
3472
256
-4512
-5168
-4544
-5760
-6432
-5024
-4080
-4960
-6208
-6560
-4592
224
5040
6512
3920
-1264
-5616
-6432
-5568
-5776
-6000
-4768
-4464
-6000
-4736
720
3664
304
-4768
-6656
-3808
2064
4736
752
-4896
-6528
-3760
1312
5664
7056
6320
5136
4416
4672
4992
4384
4304
5712
6816
5856
2688
-1264
-2832
-368
3856
6656
6752
4992
4048
5072
6432
6720
4688
-352
-4704
-5104
-4688
-5856
-4960
-144
4592
6048
6208
6912
4704
-1664
-4624
-128
3312
32
-2704
368
2704
-544
-2736
832
3488
-128
-5728
-8016
-4880
2336
5232
-704
-4848
176
3728
-1408
-5040
-160
5888
7168
6096
5104
4928
5616
3728
-1936
-4336
128
3680
576
-4736
-6624
-4128
928
5728
7760
5248
-1120
-6528
-7056
-3616
1440
5456
6336
5904
6176
4672
224
-4624
-7392
-5472
1264
6896
6848
2800
-2160
-3264
1968
4944
-880
-5392
-48
6736
6736
3120
-560
-4032
-5808
-6288
-6960
-4688
1632
4992
1216
-4384
-6672
-6752
-6288
-3152
2848
4832
-656
-4976
-1296
4544
6368
6416
6656
4320
-720
-3408
-704
4352
7040
5264
416
-4688
-7552
-5248
1664
5168
576
-5104
-5584
-4528
-5584
-6608
-5744
-3104
1088
4656
5216
4656
5552
6752
6400
3584
-1728
-6272
-6448
-2784
1760
2848
-960
-3376
736
6336
7200
3344
-2160
-4496
-832
4432
6352
6400
6512
4752
192
-3792
-5664
-5920
-6128
-5776
-4128
-3648
-5472
-4640
560
2560
-1808
-4256
-544
2640
688
-3312
-5904
-6624
-5520
-2400
1920
5856
7488
4448
-2032
-4928
-928
4384
5616
2448
-2608
-4256
-416
2640
80
-3664
-4096
-3888
-5536
-6256
-4432
-3344
-4688
-6352
-6528
-4432
16
4288
5472
2912
-1856
-5632
-6224
-5520
-5856
-5840
-4224
-3840
-5504
-4480
400
2976
64
-4208
-5648
-2880
2400
4480
624
-4464
-5808
-3088
1664
5488
6528
5776
4672
3936
4144
4400
3824
3872
5440
6512
5248
2080
-1248
-2272
-112
3552
6208
6304
4432
3520
4736
6224
6416
4320
-336
-4096
-4336
-4160
-5456
-4704
-384
3936
5584
6192
6816
4288
-1856
-4400
-384
2464
-96
-1936
448
1840
-656
-1888
896
2400
-1024
-5808
-7696
-4448
2448
4816
-944
-4608
48
2896
-1872
-4640
320
5984
7088
5872
4512
4032
4528
2576
-2496
-4288
-304
2640
208
-3952
-5376
-2992
1680
5968
7648
4880
-1600
-6592
-6256
-2336
2272
5568
6240
5968
6112
4544
496
-4000
-6896
-5136
1504
6688
6048
1968
-2096
-2336
2480
4432
-1392
-5056
512
6624
5936
2320
-624
-3440
-5408
-6368
-6864
-4256
1808
4768
1184
-4000
-6320
-6512
-5696
-2272
3152
4384
-960
-4736
-1248
4048
5936
6304
6432
4000
-528
-2784
-560
3840
6368
4832
384
-4352
-7024
-4784
1744
4928
640
-4352
-4592
-3856
-5376
-6496
-5200
-2336
1168
3856
4224
4048
5296
6464
5776
2704
-2288
-6112
-5712
-2048
1680
2144
-1168
-2720
1296
6128
6400
2464
-2560
-4336
-800
3968
5856
6112
6112
4256
96
-3936
-5728
-5872
-6032
-5776
-4256
-3888
-5584
-4496
896
2880
-1616
-4160
-448
2688
608
-3408
-5920
-6656
-5632
-2544
1808
5776
7440
4416
-2016
-4832
-736
4640
5904
2688
-2496
-4176
-224
2768
-32
-3904
-4320
-4032
-5568
-6272
-4576
-3504
-4672
-6240
-6480
-4384
112
4400
5568
3008
-1792
-5632
-6272
-5536
-5856
-5856
-4304
-3920
-5552
-4544
352
2912
16
-4224
-5680
-2912
2416
4544
672
-4384
-5648
-2896
1792
5680
6896
6096
4624
3648
3904
4256
3664
3760
5488
6640
5216
1872
-1296
-2160
-144
3360
6192
6496
4512
3408
4736
6384
6576
4384
-320
-4112
-4336
-4144
-5504
-4768
-352
4048
5680
6240
6848
4288
-1888
-4464
-352
2576
-80
-2032
480
1952
-704
-2032
992
2656
-864
-5824
-7744
-4464
2496
4848
-1008
-4656
32
2864
-1952
-4720
288
5952
7072
5888
4608
4224
4752
2800
-2352
-4176
-48
2960
288
-4192
-5696
-3264
1456
5824
7504
4816
-1488
-6512
-6448
-2688
2016
5456
6160
5872
6016
4432
320
-4192
-6960
-5104
1568
6768
6112
1936
-2160
-2352
2544
4528
-1328
-5136
400
6640
6016
2336
-736
-3552
-5392
-6304
-6880
-4304
1824
4816
1248
-3952
-6352
-6608
-5744
-2192
3280
4448
-976
-4832
-1344
4000
5952
6368
6528
4080
-480
-2768
-512
3856
6448
5008
560
-4288
-7088
-4864
1760
4976
624
-4464
-4752
-3984
-5408
-6464
-5200
-2336
1248
3952
4288
4064
5360
6592
5808
2608
-2416
-6192
-5696
-1984
1680
2048
-1168
-2528
1504
6256
6400
2368
-2640
-4384
-880
3888
5936
6384
6416
4480
