6016
6432
1936
-3184
-4608
-1488
3856
6208
3024
-2480
-6800
-7584
-4416
-2752
-5904
-6016
1424
6176
1776
-1808
2592
7376
6288
3632
2864
2048
128
-2512
-5360
-7232
-7968
-7104
-4128
-2976
-6032
-6320
544
7808
9392
5888
288
-1680
2768
6080
2112
-3088
-3600
-3056
-4896
-7120
-7936
-7216
-5040
-3024
-2656
-3584
-4128
-1632
3616
6160
2992
-2928
-7344
-6256
720
7488
9424
7680
4624
3072
4928
7664
8544
7568
5264
3600
3792
2384
-2528
-6864
-7648
-7296
-7600
-5520
-32
1920
-3360
-5664
1536
6224
-112
-5568
-1488
1984
-2336
-5696
-1648
3392
3872
3280
5248
7872
8400
6256
2112
-2880
-6560
-6128
-1216
3648
4240
1984
64
-2720
-6992
-6208
2240
6400
-976
-6000
1136
6672
112
-7376
-6432
-3200
-2560
-1408
912
1696
480
-2320
-6144
-7904
-5488
-1472
1344
3360
4448
2304
-2656
-6848
-8464
-7296
-4000
-2928
-6032
-6352
416
7536
9280
7680
5328
3552
3136
1824
-1392
-1776
3152
7504
6368
3376
3024
3520
2832
3456
6128
6112
1632
-1168
1056
1536
-3744
-6000
928
8080
6816
1520
-1456
-1024
1680
1744
-3472
-5584
928
6304
2608
-3296
-4032
-1680
368
3168
6704
6288
768
-2096
2640
7840
6464
2096
-432
-2848
-6144
-6144
-1104
3504
3584
3680
6896
6416
-928
-6096
-2912
3616
7360
6224
1568
-1712
-576
2896
6000
8032
8560
5856
256
-1584
3568
6480
352
-7392
-9200
-5600
80
2128
-2432
-7472
-6864
-1408
5216
6144
-1456
-6240
208
8032
7712
2224
-3872
-7136
-5216
-3056
-5216
-6032
-1104
3664
3760
3616
6128
6448
1760
-3568
-5088
-1872
3696
6128
2752
-2816
-6944
-7696
-4624
-2928
-6000
-6144
1360
6144
1616
-1968
2656
7600
6480
3808
3056
2176
80
-2656
-5392
-7184
-8016
-7248
-4176
-2896
-6016
-6448
448
7824
9456
5888
192
-1744
2800
6064
1936
-3296
-3728
-3136
-4976
-7168
-8016
-7328
-5168
-3136
-2720
-3584
-4160
-1744
3504
6096
2912
-3008
-7408
-6368
576
7424
9392
7728
4800
3248
4960
7616
8544
7664
5376
3632
3760
2368
-2528
-6912
-7728
-7392
-7696
-5600
-48
1872
-3456
-5760
1536
6256
-112
-5568
-1408
2080
-2288
-5680
-1648
3360
3856
3344
5296
7872
8416
6288
2080
-2944
-6672
-6192
-1184
3808
4400
2064
16
-2832
-7040
-6144
2336
6448
-1008
-6048
1136
6688
96
-7408
-6496
-3280
-2560
-1328
992
1776
544
-2288
-6160
-7936
-5520
-1376
1504
3440
4464
2336
-2704
-6976
-8576
-7392
-4112
-3024
-6128
-6416
432
7600
9296
7696
5440
3760
3312
1840
-1456
-1760
3264
7616
6480
3568
3200
3632
2960
3664
6320
6144
1440
-1408
1120
1872
-3520
-6016
896
8176
6992
1584
-1568
-1104
1760
1904
-3408
-5648
912
6384
2640
-3360
-4128
-1776
384
3296
6784
6272
704
-2144
2640
7920
6544
2096
-480
-2864
-6144
-6112
-992
3632
3600
3664
6944
6432
-960
-6064
-2896
3520
7296
6272
1632
-1696
-608
2880
6048
8080
8576
5840
240
-1552
3632
6512
336
-7424
-9248
-5648
160
2272
-2448
-7600
-7040
-1600
5152
6240
-1392
-6304
176
8128
7808
2176
-4016
-7232
-5232
-3056
-5200
-6048
-1216
3552
3712
3632
-3952
-928
3216
6416
7488
5648
1296
-736
2400
5232
3632
1968
3424
4912
4016
1296
-1568
-1072
3504
6256
3200
-1776
-4640
-6448
-7648
-5232
944
5216
4016
672
-336
1408
3872
5040
3904
1360
-576
-1424
-1840
-320
3968
5904
2208
-704
2288
6480
7104
5376
2976
656
-112
1280
3808
5920
6400
6320
6928
5712
1504
-576
2432
5344
4160
1216
-688
-1136
-864
-1776
-4240
-5472
-3776
-1136
-240
-1632
-4048
-6336
-7536
-6272
-2544
624
992
560
1216
208
-4144
-6416
-2688
1216
-80
-1760
256
608
-3920
-6320
-2496
448
-2592
-6736
-7376
-5632
-3136
-1360
-1312
-448
2928
5488
4320
560
-3616
-6880
-7952
-5104
832
5040
4688
1680
-1344
-2096
256
1792
-304
-2224
-768
1920
3936
6096
7584
4816
-1984
-5040
-160
4944
3792
1936
4128
4720
-400
-6352
-8240
-6224
-2384
448
944
1552
3728
5040
3856
1440
-624
-1232
-864
-1632
-3952
-6496
-7904
-5408
1360
5968
3536
-1792
-4976
-6208
-6688
-6672
-6448
-5792
-4256
-688
4384
5104
-1248
-6144
-3072
1472
1024
-2416
-5504
-4720
1296
4736
-672
-6112
-3152
1024
-144
-1008
2592
6720
7808
4816
-1152
-5648
-5216
-784
4416
6368
3264
-2192
-5888
-5008
384
5248
4848
576
-3984
-6944
-7216
-5600
-3840
-1504
1120
624
-3296
-6048
-4864
-480
4512
5120
-544
-5584
-4352
-1248
-1104
-400
3888
6096
2320
-1648
-1104
1040
1792
80
-4144
-6512
-3568
1632
5360
5680
1856
-1632
-432
1712
656
-2224
-5056
-6080
-3248
1536
4576
5200
3920
544
-3872
-6864
-7120
-5744
-3872
-768
3376
6528
7600
5808
1520
-464
2656
5344
3536
1856
3456
4992
4064
1376
-1488
-1040
3568
6368
3216
-1920
-4784
-6528
-7744
-5312
960
5312
4000
560
-384
1488
3952
5024
3872
1408
-448
-1312
-1776
-272
4032
5984
2336
-608
2336
6544
7200
5440
2976
592
-144
1328
3920
6032
6496
6400
6992
5856
1664
-464
2512
5424
4208
1312
-560
-976
-672
-1648
-4256
-5536
-3744
-1040
-176
-1616
-4080
-6368
-7584
-6352
-2576
720
1120
624
1280
256
-4176
-6464
-2624
1360
48
-1712
272
608
-3968
-6416
-2624
352
-2656
-6768
-7440
-5680
-3072
-1248
-1216
-400
2976
5568
4400
544
-3744
-7040
-8080
-5184
864
5184
4688
1520
-1440
-2016
304
1744
-304
-2128
-688
1904
3952
6176
7664
4816
-2032
-5120
-192
4960
3776
1920
4144
4720
-448
-6400
-8304
-6288
-2368
512
976
1520
3728
5088
3872
1376
-672
-1168
-736
-1568
-3968
-6608
-8032
-5472
1376
5984
3504
-1840
-5024
-6304
-6784
-6768
-6528
-5840
-4192
-528
4544
5216
-1280
-6352
-3344
1312
1072
-2336
-5520
-4832
1248
4784
-672
-6224
-3312
960
-112
-976
2576
6736
7872
4912
-1136
-5680
-5216
-736
4464
6448
3344
-2160
-5920
-5056
384
5312
4848
512
-4048
-6992
-7264
-5584
-3776
-1440
1136
592
-3376
-6144
-4928
-512
4560
5184
-512
-5632
-4368
-1200
-992
-272
3952
6144
2304
-1712
-1136
1072
1808
64
-4176
-6576
-3584
1728
5488
5808
1936
-1664
-528
1680
672
-2272
-5168
-6160
-3216
1680
4720
5280
3984
592
-3904
-6960
-7168
-5776
-6160
-5248
-208
4912
6416
3392
-2320
-4928
-1360
4000
6672
6448
4496
3968
6160
5120
-1776
-5184
-64
3696
-768
-6192
-6352
-4992
-4944
-3584
96
3856
5728
5920
6048
5936
4464
4128
6192
5392
-736
-6576
-7856
-4688
1056
3280
-1376
-4960
-896
4544
5200
4336
4992
5776
6032
5904
5120
4368
4352
5056
5760
3504
-2032
-4784
-1232
4448
7264
5152
-896
-6064
-7280
-6256
-5008
-4528
-5296
-6128
-6256
-6080
-5424
-5200
-5904
-4400
752
5312
6112
5664
6112
4176
-1648
-4016
1376
4608
-1232
-5264
336
4496
-400
-3952
736
4400
224
-5088
-5744
-4784
-5296
-6432
-6720
-4784
-320
4464
6784
4928
-448
-5392
-6272
-3584
176
4096
7184
5232
-2304
-5552
960
5216
-1040
-5808
-224
6304
6208
4608
4816
3072
-1248
-3248
-592
3712
6288
6688
5584
2944
-1008
-4864
-6480
-4096
1168
5472
6896
6112
4288
4080
6176
5424
-640
-6224
-7312
-6304
-5328
-4928
-5216
-3440
1376
3328
-1216
-6320
-6528
-4768
-4720
-5056
-4496
-4880
-6384
-4992
432
3008
-1088
-3552
1456
4944
-352
-6896
-7056
-2960
1440
2624
-1264
-3472
1424
4560
-816
-5232
-1088
5040
6176
3392
-560
-4656
-7200
-5040
1200
4064
-672
-6560
-6896
-3456
368
4192
6656
4944
-672
-5232
-5456
-5040
-6784
-5376
1280
4960
976
-5072
-7472
-4976
496
3360
448
-4256
-6304
-6592
-6848
-4560
1296
3616
-1632
-5328
-560
6000
7600
4240
-1712
-4320
208
6064
7216
3456
-2944
-5072
960
5248
32
-6784
-7520
-3904
1600
5808
5584
4368
5584
4864
-560
-5312
-5568
-5024
-6240
-5248
-48
5200
6688
3568
-2240
-4816
-1024
4320
6720
6448
4720
4208
6272
5200
-1696
-5136
64
3888
-688
-6288
-6528
-5216
-5232
-3808
192
4128
5808
5728
5872
5936
4608
4208
6208
5424
-640
-6528
-7840
-4592
1264
3504
-1264
-4864
-640
4912
5488
4480
5056
5808
6032
5968
5280
4592
4512
5184
5920
3680
-1936
-4752
-1184
4464
7312
5264
-784
-6048
-7328
-6352
-5104
-4528
-5280
-6256
-6544
-6352
-5488
-4976
-5552
-4112
992
5584
6352
5888
6368
4416
-1472
-3856
1616
4832
-1216
-5408
304
4688
-144
-3792
864
4576
384
-5024
-5712
-4736
-5312
-6528
-6848
-4896
-384
4528
6912
4976
-544
-5568
-6512
-3776
160
4240
7280
5168
-2432
-5600
992
5232
-1040
-5808
-256
6272
6304
4816
4960
3088
-1328
-3360
-688
3680
6304
6752
5632
2896
-1104
-4976
-6608
-4256
1024
5408
6848
6112
4496
4352
6256
5296
-768
-6240
-7168
-6192
-5472
-5376
-5744
-3744
1456
3680
-896
-6224
-6704
-5104
-5072
-5392
-4800
-5104
-6480
-4896
688
3216
-1136
-3712
1440
5040
-352
-7040
-7216
-3008
1536
2672
-1408
-3680
1360
4624
-800
-5264
-992
5200
6256
3376
-576
-4688
-7296
-5184
1104
4048
-704
-6688
-7008
-3456
384
4160
6672
5024
-672
-5328
-5456
-4992
-6816
-5408
1312
4976
992
-5024
-7504
-5072
432
3360
400
-4384
-6416
-6624
-6832
-4496
1424
3696
-1680
-5408
-592
5984
7632
4304
-1696
-4288
352
6256
7360
3504
-3024
-5232
960
5392
0
-7024
-7744
-3936
1760
6016
5696
4400
5648
4992
-448
-5200
-5392
-4912
-5872
-5008
-224
4496
5696
2656
-2624
-4736
-1264
3712
6416
6256
4128
3584
5872
4768
-1936
-4960
-96
3056
-1344
-6064
-5824
-4432
-4304
-3008
176
3472
5408
5920
6112
5744
4064
3760
5920
5056
-1040
-6624
-7600
-4320
960
2656
-1776
-4720
-720
4128
4592
3920
4832
5824
6064
5728
4704
3840
3856
4624
5136
2752
-2368
-4592
-1104
4176
6912
4816
-1168
-6144
-7184
-6032
-4576
-4048
-5056
-6128
-6320
-5920
-4992
-4656
-5264
-3664
1248
5344
5984
5648
6000
3888
-1536
-3296
1856
4288
-1600
-4976
640
4304
-352
-3296
1200
4224
112
-4640
-5104
-4320
-5136
-6416
-6576
-4528
-304
4192
6432
4688
-432
-4976
-5568
-2992
272
3824
6816
4832
-2512
-5216
1280
4896
-1376
-5504
240
6256
5744
4064
4160
2464
-1216
-2672
-336
3376
5984
6544
5120
2304
-1168
-4400
-5744
-3376
1584
5488
6752
5888
3904
3680
5872
5104
-928
-6288
-7216
-6080
-4912
-4368
-4544
-2816
1376
2608
-1824
-6208
-5968
-4208
-4208
-4528
-3984
-4480
-6048
-4688
272
2416
-1184
-2784
2016
4624
-864
-6832
-6416
-2272
1456
1984
-1424
-2720
1936
4208
-1184
-5072
-976
4608
5408
2784
-624
-4288
-6752
-4752
1024
3376
-1296
-6480
-6240
-2800
528
3856
6224
4704
-592
-4768
-4832
-4656
-6512
-4992
1472
4816
912
-4784
-7040
-4688
336
2848
240
-3888
-5952
-6576
-6736
-4224
1184
2896
-2112
-5024
-48
6128
7344
3904
-1616
-3632
832
6064
6592
2592
-3328
-4704
1344
5008
-416
-6784
-6976
-3104
2144
5712
5072
3936
5296
4656
-512
-4848
-4944
-4608
-5936
-4992
-80
4768
5952
2800
-2560
-4608
-944
4016
6432
6272
4368
3824
5984
4848
-1856
-4896
48
3232
-1296
-6192
-6032
-4656
-4560
-3216
272
3728
5488
5744
5936
5760
4176
3824
5920
5136
-944
-6608
-7584
-4224
1184
2832
-1712
-4672
-512
4448
4848
4048
4864
5776
6048
5776
4848
4016
3984
4720
5312
2944
-2272
-4560
-1104
4192
6944
4912
-1104
-6160
-7248
-6128
-4656
-4048
-5040
-6240
-6528
-6112
-5056
-4448
-4880
-3344
1488
5600
6224
5856
6208
4096
-1376
-3120
2080
4464
-1568
-5056
624
4480
-112
-3088
1376
4384
272
-4544
-5024
-4256
-5136
-6512
-6704
-4624
-352
4208
6512
4720
-480
-5120
-5760
-3136
288
3952
6896
4784
-2576
-5248
1312
4928
-1360
-5488
224
6224
5856
4256
4288
2480
-1296
-2768
-432
3344
6016
6624
5152
2240
-1280
-4496
-5824
-3488
1504
5488
6736
5888
4096
3952
5968
5008
-1024
-6272
-7072
-6000
-5072
-4784
-5008
-3072
1488
2976
-1504
-6128
-6128
-4496
-4528
-4848
-4272
-4704
-6144
-4624
528
2624
-1216
-2928
2048
4736
-832
-6928
-6544
-2304
1536
2048
-1552
-2944
1904
4320
-1152
-5104
-880
4784
5488
2768
-656
-4288
-6768
-4848
944
3360
-1312
-6560
-6288
-2784
512
3808
6256
4784
-592
-4816
-4800
-4592
-6512
-4992
1520
4848
960
-4720
-7056
-4768
288
2864
224
-3984
-6048
-6592
-6704
-4176
1312
2992
-2160
-5104
-96
6112
7360
3968
-1568
-3568
992
6208
6672
2624
-3408
-4816
1392
5136
-448
-6960
-7136
-3088
2304
5904
5152
3920
5312
4752
-384
-4704
-4768
-4480
