864
1392
560
-1264
-2640
-2240
-256
880
-320
-1936
-2016
-1680
-1808
-2064
-2336
-1776
48
784
-640
-1712
-976
240
800
1040
1376
960
-720
-2224
-2240
-1440
-1200
-1552
-1536
-1200
-1328
-1312
-400
624
1008
384
-944
-1200
-64
352
-528
-1680
-2784
-3184
-2128
-880
-784
-1120
-1248
-1504
-1584
-1312
-1424
-1456
-160
1088
160
-1488
-1744
-1248
-448
768
1136
704
832
1232
1296
1120
752
544
608
848
1552
1792
384
-1472
-2208
-1840
-1280
-704
640
1584
-176
-2176
-896
752
-384
-1344
32
912
-272
-1232
-400
1056
1920
1936
1248
784
1184
1120
-608
-2512
-2768
-1776
-512
944
1936
1488
0
-1344
-1920
-1248
608
1488
-80
-1360
-272
592
-416
-1696
-2320
-2592
-2496
-1744
-128
896
-400
-2064
-1680
-944
-1344
-1200
64
1216
1696
1120
-544
-1824
-1792
-1408
-1344
-1312
-1056
-816
-752
-400
480
1248
1200
416
-208
-432
-1008
-1584
-912
560
1600
1904
1584
928
576
720
1008
656
-672
-1312
176
1632
336
-1616
-832
1248
1632
640
-400
-1008
-496
160
-464
-1120
-416
368
-128
-1424
-2176
-1520
-48
960
1056
432
-560
-1280
-896
432
1488
1440
336
-1296
-2512
-2160
-368
1232
1392
672
416
368
-544
-1408
-688
640
1152
960
32
-1056
-560
992
1344
640
640
752
-544
-1584
-336
848
-304
-1728
-1872
-1408
-272
576
-400
-2064
-2720
-2160
-544
592
-176
-1120
-480
528
976
976
-96
-1552
-1504
-544
-464
-928
-720
112
928
1456
1520
720
-512
-1344
-1744
-1600
-320
736
-160
-1680
-1984
-1568
-1408
-1840
-2592
-2208
-592
-48
-1280
-1952
-752
736
1152
1248
1584
944
-880
-2064
-2016
-1584
-912
-464
-864
-1536
-2096
-2256
-1088
912
1888
1344
128
-448
432
1056
-704
-3040
-3152
-1904
-1408
-1488
-1344
-1440
-1936
-1744
-1168
-1600
-2208
-1424
-192
224
-320
-1632
-2272
-1152
464
1264
1248
752
480
832
1088
768
368
528
1136
1520
1504
864
-336
-896
-704
-1360
-2272
-1536
80
416
-864
-1664
-384
928
144
-352
1040
1280
-640
-1488
-464
352
400
176
48
288
544
288
-464
-1408
-1984
-1824
-1168
-176
864
992
-224
-1824
-2320
-1216
256
304
-1008
-1424
160
1216
-224
-1744
-1360
-992
-1472
-1008
192
336
-816
-1936
-2000
-1680
-1888
-1824
-512
1040
1456
784
-384
-1376
-1456
-1024
-1168
-1664
-1648
-960
-16
208
-144
256
944
1104
1520
1248
-800
-2032
-496
1360
1536
1088
960
800
576
976
1536
816
-1088
-1792
-272
576
-800
-1616
-656
128
416
160
-1392
-1968
128
1536
-32
-1344
-272
896
400
-896
-1824
-1648
-224
1456
2192
1088
-1472
-2768
-1056
1280
1984
1568
352
-1440
-2352
-1792
-752
208
752
864
1200
976
-384
-1168
-720
-64
656
496
-1248
-2192
-1008
272
656
960
1136
496
-768
-1216
-160
720
-112
-1744
-2272
-1104
784
1552
48
-2256
-2960
-1856
-96
944
320
-624
-192
736
1344
1360
-32
-1504
-1472
-1376
-1648
-768
592
1040
1120
1408
48
944
1312
1280
944
944
1584
1856
1616
1248
256
-592
96
1104
912
352
608
1472
1664
880
432
736
544
-592
-1568
-1152
480
1120
-96
-1328
-1376
-560
816
1232
-352
-1520
-272
1280
1504
1568
1632
816
64
336
720
800
1184
1440
944
192
-576
-1184
-656
768
1472
1648
2144
2016
832
336
1104
1312
304
-288
352
1152
1376
848
-256
-1104
-1072
-208
1008
1456
240
-1440
-2256
-2208
-1536
-736
-736
-1216
-1200
-1104
-1376
-1328
-1088
-1120
-736
48
368
288
-288
-1328
-1264
-416
-608
-1024
-800
-1280
-1616
-96
1472
1584
1600
1776
832
-896
-1744
-1536
-1536
-1344
416
1824
656
-752
-16
768
-256
-1120
-80
1280
1072
16
-352
256
1328
1520
128
-944
-176
928
816
416
896
1248
192
-1120
-1408
-1488
-1584
-1248
-1120
-896
400
1312
208
-1072
-592
592
1136
1008
-128
-1984
-2944
-2224
-640
496
544
304
80
-944
-1952
-1920
-1920
-1760
-496
416
416
640
384
-944
-1904
-1568
-80
1072
64
-1360
-448
672
-368
-1456
-1024
-448
-128
432
736
832
1184
784
-784
-1664
-912
240
992
1328
992
96
-704
-752
-64
464
-48
-1200
-1664
-1232
-1200
-1472
-512
944
736
-640
-1312
-944
-208
528
1008
720
-768
-2112
-1392
256
512
224
704
896
432
96
-464
-1344
-1408
-928
-976
-1520
-1952
-1440
192
1328
944
-160
-1216
-1312
-32
512
-816
-1904
-1472
-224
1152
1408
-176
-1984
-2272
-1392
-768
-640
0
1312
1920
1344
464
48
96
768
1856
1792
224
-496
496
880
176
-128
80
320
752
1264
1472
880
-496
-1520
-1648
-1168
-176
640
48
-1488
-2048
-1072
192
560
-112
-960
-784
352
1216
1472
1424
1088
848
976
1136
1360
1552
1024
160
-112
-352
-592
384
1904
2080
1424
1008
768
768
800
640
672
320
-368
-64
912
1216
608
-464
-944
-160
704
736
80
-976
-1552
-1280
-992
-720
-112
-112
-784
-1008
-992
-1552
-1952
-1504
-592
464
1056
592
-192
-672
-1136
-1216
-1040
-1440
-1632
-1136
-816
-448
16
-288
-144
1552
2320
656
-1248
-1968
-2336
-2336
-1024
912
1456
160
-976
-368
608
-128
-1088
64
1104
-96
-688
816
1728
1360
752
-672
-1600
-64
1232
-320
-1568
64
1744
832
-1136
-1920
-1424
-1088
-1584
-1776
-688
576
672
-368
-1568
-1392
416
1664
1024
-368
-1424
-2192
-2400
-1360
432
1600
1376
64
-1344
-1712
-1360
-1376
-1168
-256
480
672
480
-352
-1104
-1072
-640
128
448
-752
-1344
464
1392
-480
-1984
-1696
-1200
-240
1536
2256
1792
1520
736
-1104
-2016
-944
592
1248
864
32
-432
-816
-1024
128
1376
304
-1680
-2048
-1536
-1440
-1024
-96
368
144
-304
-816
-1072
-560
448
1376
1600
160
-1824
-1648
48
720
800
1072
992
1296
1600
224
-1248
-896
-480
-992
-1472
-1728
-1536
-512
480
816
592
-96
-400
144
400
-400
-1584
-2176
-1424
320
1088
32
-1056
-1168
-1328
-1632
-992
-80
448
832
1728
2400
1920
704
240
1088
1568
576
-128
576
992
384
-128
-384
-304
1040
2416
1808
112
-1056
-1888
-2416
-1744
32
1472
1552
752
16
80
1040
1824
1424
384
-288
-464
-592
-192
1216
1760
320
-320
1136
2080
1616
1136
752
240
192
864
1760
2128
1760
1536
2016
2000
576
-336
912
2144
1440
464
128
-352
-384
-208
-1056
-1568
-544
0
-592
-784
-944
-1696
-1728
-752
240
736
704
432
368
0
-1008
-1520
-768
240
384
128
352
256
-976
-1600
-384
416
-544
-1280
-944
-640
-208
288
-128
-368
800
1696
1008
32
-336
-768
-1648
-1808
32
2176
1872
64
-704
-192
608
768
96
-224
336
784
880
1232
1712
1408
-368
-1808
-304
2192
1920
448
816
1504
704
-576
-1472
-1552
-432
768
896
832
1248
1472
1136
432
-320
-400
96
96
-544
-1184
-1632
-1248
288
1616
1440
336
-656
-1296
-1712
-1968
-1968
-1744
-1360
-304
1376
1888
80
-1696
-1232
96
512
64
-864
-976
688
1632
0
-1312
-448
336
192
416
1104
1712
2080
1408
-336
-1520
-1216
48
1168
1152
288
-448
-848
-768
112
960
720
-176
-800
-1104
-1504
-1568
-704
384
560
-544
-2080
-2352
-1152
224
1280
1488
192
-1040
-576
320
416
752
1712
1888
928
336
592
848
672
-96
-992
-896
-160
560
1472
1552
320
-224
512
944
544
-128
-624
-672
-272
512
1344
1536
1120
400
-576
-1440
-1840
-2000
-1680
-464
960
1664
1888
1632
448
-496
256
1424
1312
912
1472
1936
1232
272
96
560
1360
2000
1536
16
-1216
-1856
-2192
-1376
656
2032
1776
704
-144
432
2208
2688
1072
-288
-208
-176
-816
-448
1392
2144
864
208
1264
2144
2256
2064
1168
48
-176
400
1200
1696
1520
1408
1872
1744
528
-256
320
1072
880
400
400
320
-288
-960
-1248
-1056
-512
-32
80
-240
-1008
-1744
-1808
-1040
144
768
560
416
624
544
-112
-656
-512
-160
-48
336
944
544
-528
-496
624
912
-80
-1104
-1568
-1440
-544
64
-336
-240
1120
2272
2160
1168
48
-768
-1440
-1152
848
2368
1232
-976
-1632
-672
336
368
-208
-640
-640
-16
1024
1984
2464
1776
-128
-1104
336
1776
1056
592
1856
2016
-80
-2000
-2512
-2000
-912
-80
304
1168
2352
2240
672
-304
48
192
-352
-576
-352
-512
-1296
-1632
-368
1344
1328
0
-928
-1360
-1552
-1264
-1104
-1248
-640
832
1872
1440
-144
-1024
-448
240
416
240
-672
-1280
32
1312
400
-576
128
656
160
80
832
1952
2912
2336
208
-1152
-592
720
1680
2080
1776
288
-1584
-1664
256
1760
1520
256
-928
-1600
-1760
-1328
-752
-304
272
192
-1056
-1872
-1392
-160
1424
1792
128
-1264
-784
128
96
-96
1088
2240
1072
-352
272
960
432
-160
-592
-912
-752
-32
1312
2128
1152
-64
-80
208
144
-128
-1008
-1760
-1136
400
1712
2000
736
-992
-1696
-1888
-2256
-2432
-416
720
1776
2256
1696
832
544
1056
1840
1840
640
-448
-16
832
368
-352
208
1120
1248
1328
1488
1152
384
-704
-1600
-928
944
1760
832
-528
-992
112
1936
2160
320
-912
-240
672
1152
1952
2352
1872
1696
1936
1824
1728
1696
1168
400
-192
-416
-16
736
1456
1968
1920
1488
1280
1120
1200
1888
1840
272
-800
96
1440
1616
736
-464
-848
464
2032
2016
736
-768
-1776
-1648
-768
-96
-144
-544
-400
-16
-480
-944
-512
-496
-720
192
1024
592
48
64
272
496
352
-224
-784
-1168
-1040
-128
880
1456
2128
2544
1856
528
-368
-832
-1216
-1456
-960
640
1824
992
-368
-16
992
512
-400
240
1056
-16
-736
896
2480
2416
1728
288
-1008
208
1968
944
-384
896
1888
560
-880
-1040
-496
-128
-816
-1584
-480
1328
1184
-96
-64
1008
1856
2256
1584
-128
-1072
-912
-560
448
1728
1616
624
-48
-512
-576
-384
-656
-800
-16
1056
1696
1360
-112
-1184
-704
352
1200
1232
-64
-672
816
1856
720
-832
-1472
-1008
320
1456
1488
1328
1840
1680
-16
-1120
-80
1600
2736
3168
2368
656
-704
-880
368
1776
1456
128
-496
-976
-1568
-848
640
848
-208
-1280
-1728
-1168
0
992
1584
1392
256
-400
320
1104
1072
864
1056
1344
1472
1440
912
-160
-880
-896
-1040
-1296
-800
320
1456
2096
1888
1168
496
256
768
1136
320
-752
-864
80
1472
1840
864
208
160
-320
-784
-640
-160
736
1920
2624
2416
1648
1296
1856
2256
1280
-288
-416
1088
1872
1072
496
880
1568
2368
2624
1968
1216
384
-928
-1520
-240
1696
2048
544
-944
-1312
-368
1840
2960
1296
-256
272
800
640
1216
2224
2528
1872
896
1120
2480
2992
2128
960
-16
-336
336
1376
2144
2352
1952
1680
1760
1360
944
1712
2288
1088
-208
128
1328
1824
864
-512
-592
336
1072
1600
1584
304
-1376
-1984
-1248
-288
-160
-512
-480
-160
-96
-592
-1248
-1168
-176
1056
1616
1024
-80
-576
-160
160
-368
-1120
-1520
-1600
-784
672
1056
576
1056
2096
1968
720
-304
-752
-1264
-1664
-1056
400
1408
1200
768
1136
1392
448
-128
720
1408
928
528
1120
2064
2128
912
-320
160
1776
2128
656
-320
608
1488
608
-688
-960
-560
192
800
464
400
1776
2496
1152
112
672
1504
1872
1264
-576
-1824
-1280
-128
784
1552
1744
1184
224
-544
-672
-576
-752
-608
192
1216
1952
1488
-64
-912
-512
-32
560
1136
528
-160
704
1456
512
-672
-768
-400
192
1088
1792
2256
2416
1360
-528
-1184
-96
1328
1936
1760
1456
608
-976
-960
1328
2320
592
-944
-1072
-1248
-1600
-944
528
1312
720
-464
-1088
-656
48
896
2160
2080
-224
-1344
192
1536
1456
1248
1408
1952
2096
1056
-80
-304
-240
-288
-352
-576
-608
288
1872
2688
2144
1200
576
624
1264
1136
-16
-400
32
112
576
1504
1216
32
-608
-912
-1120
-608
