16
-880
-752
-544
-464
-352
-432
-416
-288
-144
640
1136
208
-256
864
1584
784
-304
-688
-576
-720
-720
368
1744
2032
1520
640
-16
672
2400
3600
3104
848
-768
592
2576
1776
-240
-576
64
0
-336
-336
-512
-688
-576
-576
-240
1088
2208
2128
1584
1120
592
320
176
-272
-672
-704
-912
-1088
0
2000
2704
1376
-448
-1168
-160
1456
1888
992
-192
-992
-496
960
1680
1520
1776
2304
2352
2192
2144
2080
2064
1984
1760
2032
2192
688
-944
-112
1712
2080
1792
2000
2208
1776
1536
2224
2384
864
-832
-1456
-1296
-752
-64
1008
2384
2784
2336
2400
2208
672
-416
384
1088
48
-352
1328
1792
-416
-1488
272
1664
960
-128
-672
-608
560
1888
1536
736
1440
2080
752
-640
-48
1296
1952
2208
2560
3104
3456
2352
-192
-1424
-64
1440
1168
-32
-752
-288
1232
2144
1584
800
368
-336
-800
-384
592
1696
2032
1264
928
1328
1088
528
528
416
368
1392
2688
2544
1056
128
752
1200
128
-208
1616
3104
2800
1968
912
-320
-768
-848
-1008
-160
1408
1872
736
-608
-832
-688
-1072
-464
1440
2000
656
-16
672
1312
1440
1376
1088
720
176
-400
272
2112
2992
2464
1328
-464
-1872
-1264
688
2032
1776
544
-352
-656
-880
-1376
-1648
-912
528
1472
1840
1936
1376
896
1616
2112
864
-400
-208
144
352
784
176
-816
128
2128
2704
1616
176
-240
752
1952
2160
1728
1664
1888
1216
-384
-1120
-336
368
160
-112
-256
-864
-1184
80
1648
1200
160
1232
2592
1472
-432
-736
-448
-768
-624
688
1824
1888
1392
496
-256
208
1248
1696
1536
624
-160
576
1376
384
-880
-656
416
768
96
-464
-496
-528
-848
-1440
-1184
992
2880
2432
1392
864
-16
-752
-688
-608
-720
-480
-256
-464
-144
1344
2128
832
-944
-1248
-176
1040
1376
816
32
-592
-672
208
1248
1344
1200
1616
1952
2192
2592
2288
1440
1264
1808
2608
2816
1488
48
704
2256
2352
1344
1232
2160
2416
1792
1920
2352
1296
-560
-1392
-1232
-1024
-704
464
1696
1536
1344
2176
1408
-1024
-1184
992
1856
672
-288
608
1872
1056
-352
336
1552
1200
112
-528
-400
544
1184
448
-192
944
2240
1472
144
400
1616
2336
2176
1664
1840
2736
2720
800
-704
448
1888
1008
-416
-720
-464
368
1440
1744
1440
880
-48
-640
-16
1296
1840
1440
1792
2864
2384
352
-928
-1104
-800
544
2320
2752
1792
416
-192
816
1600
336
-784
64
1536
2624
2624
752
-1152
-1120
-448
-528
-128
1456
2208
800
-896
-976
-768
-1536
-1264
1216
2720
1248
-224
848
2656
2896
2352
2464
2192
608
-448
496
1968
2272
1520
416
-448
-592
48
896
1152
544
0
96
160
-240
-608
-752
-432
640
1824
2528
2864
2656
2288
2432
2096
400
-976
-656
288
928
1168
544
-400
-16
1680
2896
2336
544
-160
1376
2832
2320
1824
2528
2432
800
496
-1184
-2528
-2304
-1296
-112
784
224
-1520
-2672
-2736
-2544
-2304
-2160
-1888
-496
672
-608
-2144
-1440
-288
192
752
640
-336
-1168
-1888
-2352
-2144
-1696
-1552
-1952
-2560
-2512
-1840
-1072
176
1264
560
-1328
-1632
208
1040
-672
-2336
-2320
-1856
-1872
-2592
-3392
-2704
-1168
-752
-864
-912
-1536
-1760
-912
-128
-16
-784
-2112
-2160
-832
16
176
352
320
128
256
560
480
0
-288
-96
144
-208
-1088
-2016
-2400
-2320
-2560
-2912
-1872
-272
-544
-1616
-960
-144
-1312
-2384
-1440
-320
-688
-1504
-1344
-544
-192
-144
512
1328
1456
976
-144
-1888
-2944
-2224
-752
-256
-736
-848
-640
-1440
-2656
-2240
-352
288
-1184
-2064
-720
352
-832
-2192
-1872
-1440
-1680
-1056
384
448
-880
-1776
-2000
-1984
-1600
-1232
-1008
-496
112
448
-224
-2032
-3056
-2512
-2064
-2416
-2848
-2480
-640
1040
656
-112
144
64
-400
-464
-816
-1136
-384
336
-112
-864
-880
-448
-160
416
1456
1440
-592
-2432
-1680
-496
-1488
-2304
-1024
128
160
32
-912
-2112
-1520
-336
-1008
-2112
-1168
272
-368
-1360
-928
-672
-672
400
1040
-16
-1232
-1696
-1424
-496
352
224
-1040
-2480
-2816
-2096
-992
96
416
16
48
112
-1088
-2304
-1584
304
1104
224
-1168
-1872
-1568
-432
592
640
432
384
-688
-2144
-1568
-112
-384
-1856
-2704
-2336
-1040
-432
-1344
-2432
-2592
-1696
-240
-144
-1888
-2800
-1568
0
704
624
-208
-1216
-1824
-2480
-3264
-2864
-912
448
208
192
992
832
-624
-2016
-2352
-1312
272
448
-1072
-2064
-1728
-1776
-2336
-2368
-2752
-2992
-1232
288
-640
-1392
-512
192
272
0
-736
-944
-640
-1072
-1856
-2176
-2320
-2256
-1728
-1472
-2080
-2480
-1424
656
1952
1136
-992
-1952
-768
448
-224
-1408
-1600
-1696
-2208
-2816
-3584
-3616
-2144
-1072
-1616
-2352
-2352
-1520
-96
736
144
-1360
-2704
-2800
-1488
144
1200
1168
240
-224
352
592
192
-48
-368
-480
272
464
-880
-2304
-2896
-2960
-2608
-1696
-336
208
-1168
-2416
-1440
-288
-1296
-2288
-1088
112
-848
-1840
-1088
-432
-1008
-1312
-832
-96
816
1024
-32
-1184
-1824
-2064
-1440
-272
304
240
-432
-1744
-2704
-1984
0
1008
-384
-1840
-736
784
-480
-2528
-2416
-1712
-1776
-1200
-448
-912
-1856
-2688
-2912
-1712
-720
-896
-704
-272
-624
-944
-1200
-2064
-2832
-2912
-2416
-1728
-1936
-2592
-1792
-128
288
-176
-432
-416
-96
-80
-896
-1360
-592
48
-544
-1200
-832
96
608
544
544
336
-1072
-2304
-1328
-272
-1504
-2512
-832
1376
1632
256
-1312
-1952
-1248
-576
-1616
-2672
-1232
560
-304
-1936
-1856
-992
-528
-208
0
-576
-2160
-3056
-1568
704
1264
576
-224
-1296
-2368
-2480
-1360
80
752
928
1152
240
-1664
-2112
-832
528
1184
480
-1200
-1920
-1248
-528
-160
336
1008
864
-784
-2208
-1856
-1136
-1504
-2048
-2128
-1888
-992
-176
-1056
-2896
-3344
-1936
-64
400
-1024
-2208
-1616
-672
-224
48
-624
-1760
-1840
-1584
-2128
-2400
-1504
-96
784
848
336
1296
832
-320
-704
112
1408
2000
1424
96
-1184
-1296
-48
560
-752
-1824
-336
1712
1600
736
1376
2288
1712
320
-656
-736
64
480
-688
-2272
-2768
-2192
-1072
-464
-1120
-1536
-496
832
1488
1280
288
64
1296
1904
976
400
720
208
-1536
-2784
-2624
-1472
-176
288
64
64
32
-144
480
1200
880
-48
-1152
-1840
-944
896
1920
1664
720
-80
240
1472
2160
1504
112
-528
0
240
-496
-1168
-1360
-1824
-2512
-2224
-576
480
-560
-1472
-160
1040
-192
-1632
-928
176
-528
-1616
-1424
-1136
-1552
-1248
480
2288
2800
2032
1056
128
-992
-1376
-736
-560
-912
-272
896
656
-944
-1808
-912
-128
-864
-1232
208
1056
-288
-1680
-1328
-16
816
448
-608
-976
-288
208
-448
-1424
-1296
-432
-416
-912
-496
-64
-640
-1088
-1024
-944
-192
576
-272
-1168
-32
1584
1712
848
-16
-592
-784
-544
-48
400
816
896
96
-880
-960
-720
-640
-160
704
896
288
-80
160
-368
-1936
-2016
304
1920
1280
624
784
448
-304
-992
-1728
-1648
-160
1376
1584
880
400
192
-128
128
1376
1840
608
-144
880
1408
160
-736
-240
224
-176
-848
-1072
-1024
-1104
-448
1152
1392
-544
-2096
-1584
-48
1136
1424
944
48
-624
-320
576
1056
1152
992
560
608
1280
1424
528
-848
-1952
-1840
-624
-336
-1584
-2016
-752
608
1328
960
-768
-1360
528
1760
512
-1104
-1968
-2112
-1104
-288
-928
-1392
-848
-832
-1152
-384
704
656
96
0
-48
-208
80
800
944
80
-976
-832
256
-96
-2048
-2208
144
1248
-144
-592
1072
1968
672
-672
-608
0
16
-512
-1200
-1952
-2336
-1632
-320
-128
-1072
-1120
192
1248
1456
1360
880
304
608
1104
496
-224
272
832
192
-1040
-1968
-2000
-928
144
224
-32
176
480
752
1328
1872
1168
-864
-1840
-416
1408
1968
1824
960
-16
592
2032
2256
1392
336
-320
-256
-416
-1568
-2416
-2032
-1584
-1728
-1568
-896
-656
-848
-288
1040
1504
64
-1648
-1472
-432
-640
-1200
-592
128
32
64
768
1392
1552
1152
352
-224
-688
-1456
-1648
-928
-608
-752
-368
-288
-1408
-1488
752
1936
32
-1440
0
1344
64
-1456
-1136
-288
-16
-80
-640
-752
304
336
-1168
-1280
80
336
-288
-240
0
-480
-1296
-1952
-2208
-1568
-304
-64
-1104
-1248
336
1712
1552
656
-96
-800
-1216
-736
160
800
1248
1136
176
-512
-656
-1104
-1328
-608
576
1664
1760
352
-624
-400
-912
-1488
0
1536
896
16
256
400
48
-592
-1440
-1264
208
1168
640
-176
-256
-208
-480
-48
1264
1568
384
-256
352
720
352
128
384
464
-416
-1520
-1056
96
-240
-640
736
1376
-304
-1840
-1520
-240
1008
1520
1120
416
-384
-704
304
1552
1408
560
176
336
976
1120
-320
-2080
-2528
-1696
-256
512
-144
-1232
-1648
-976
720
1440
-64
-1168
-192
976
1040
384
-672
-1200
-512
0
-992
-2208
-1984
-1104
-672
-48
1616
1264
32
-816
-960
-800
272
1552
1232
-256
-1200
-1136
-560
-480
-1184
-800
1040
1520
-256
-1216
-80
912
592
304
912
1520
1024
-224
-896
-912
-1024
-1008
-752
-960
-1344
-928
272
1392
1776
1264
320
-80
752
1344
400
-512
-320
-272
-720
-1088
-1248
-912
-112
176
-256
-560
-336
160
576
784
576
32
-304
-176
528
1536
2000
1696
1104
848
1360
1952
1776
1344
1104
960
960
384
-592
-560
-368
-1424
-2288
-1232
592
816
-560
-640
1264
1840
192
-864
-336
208
-128
-608
-288
496
816
944
1664
2544
2432
1408
224
-1008
-1744
-1248
-48
944
1264
800
208
-288
-944
-608
1072
1584
-224
-1456
-16
1488
272
-1328
-912
-656
-1616
-1360
288
1136
640
-368
-1104
-1328
-1120
-528
464
1488
1680
576
-960
-1600
-1056
-96
80
-864
-1536
-768
704
1808
2176
1792
1088
560
544
656
128
-496
272
1792
2224
1728
1248
768
384
672
1728
2240
1008
-336
592
1568
96
-1088
160
1664
1632
624
-560
-976
-272
320
-96
-288
528
1232
1216
688
-368
-736
272
1184
1584
1648
352
-1008
-48
1872
2096
704
-576
-1056
-1536
-1648
-368
864
688
640
1648
2048
832
-496
-208
1088
1792
1408
272
-704
-512
576
1376
1248
736
304
-224
-128
1264
2016
640
-1168
-1760
-960
592
912
-560
-1776
-1648
-416
1376
1680
144
-288
1088
1840
1408
576
-496
-960
-480
-448
-960
-768
176
1056
1360
1296
1360
1296
624
-32
-256
32
1072
1984
1424
96
-992
-1696
-1392
-640
-1184
-1712
208
2000
704
-624
624
1552
688
672
1600
1120
-256
-736
-768
-1360
-1840
-1120
-16
-336
-1216
-368
1632
2720
2784
2032
448
-192
1104
1984
928
-432
-640
-208
-176
-496
-656
-896
-1440
-1584
-1264
-1216
-1520
-1088
720
2096
1232
-416
-992
-704
224
1584
2256
1840
960
480
944
1520
1424
1296
1360
1216
1152
1056
272
-624
-784
-992
-1744
-1536
384
1792
544
-1152
-352
1088
224
-848
304
1424
480
-720
-192
992
912
144
512
1648
2064
1616
736
-208
-704
-544
96
848
1376
1360
624
-464
-1360
-1120
784
1888
64
-1456
-16
1376
352
-1280
-1568
-1232
-1424
-1040
544
1360
672
-384
-1152
-1072
-448
-336
-64
864
1344
624
-800
-1648
-1264
-624
-288
-448
-1408
-1408
432
1792
1888
1808
1312
896
1600
1680
-144
-1440
-192
1680
1920
1280
1328
1632
1696
1792
1696
1056
432
368
512
16
-992
-864
944
2272
1904
1024
416
112
368
368
-640
-944
816
2640
2304
368
-1120
-896
432
1344
1440
1440
1024
368
960
2176
2096
1072
208
-560
-1072
-736
528
1696
1440
864
1440
1568
256
-736
-496
544
1728
1552
-64
-688
528
1664
1632
1328
1600
1296
-384
-800
1344
2160
96
-1472
-1488
-1072
96
896
-96
-1536
-1808
-384
1920
1984
-752
-1984
208
2448
2288
800
-768
-1728
-1376
-272
-48
-720
-544
768
1248
800
