5008
3200
128
-3488
-5984
-6432
-3824
368
720
-3440
-5088
-2368
-1680
-4336
-5168
-2960
-64
1664
160
-3808
-4992
-1472
2672
4752
6240
6928
3536
-2720
-5504
-3184
-560
-416
-2208
-4560
-5088
-2960
-464
832
1904
2480
80
-4224
-4480
-288
1008
-2768
-6096
-6192
-4624
-2480
-688
-448
-1968
-4304
-5712
-5520
-5568
-6112
-4032
128
512
-3472
-5264
-2800
-128
960
1104
928
2240
4896
5344
2864
640
496
2032
4336
6224
6544
4528
880
-1488
-1360
-1200
-1696
304
4384
5024
1216
-1056
400
912
-832
208
4384
4880
784
-480
3200
6368
6512
4816
2352
1280
1744
176
-3664
-5408
-3296
448
3872
6496
7184
3552
-2736
-5520
-3120
-16
1248
912
-432
-832
496
1408
368
-1904
-4176
-6224
-6912
-3008
3792
4512
-2144
-5488
-2368
-1664
-4960
-4048
2128
6768
7040
4448
688
-1424
-1120
-1936
-4592
-5120
-2768
-320
992
1184
976
2016
4256
6464
7104
3552
-2864
-5360
-1744
2768
5104
5920
5808
5744
5920
5264
3344
-544
-4912
-3696
2944
5520
1488
-1664
-640
2752
5952
3792
-3104
-4240
2544
5584
1312
-1104
736
560
-3008
-6384
-7040
-3328
2928
6112
4064
-544
-4432
-4944
-1568
3344
6288
3952
-2288
-5824
-3776
368
3904
6256
6512
4944
2848
368
-1392
144
3968
5760
3872
-608
-4896
-3808
2560
5872
3168
1040
1776
80
-4192
-4656
-624
1696
304
-1680
-2096
288
4336
5360
1904
-2704
-5504
-4464
-448
1600
16
-1296
-160
2592
5264
5120
1552
-2608
-4976
-5152
-3168
288
3888
6144
6272
5120
3200
48
-3584
-6080
-6544
-4000
128
496
-3584
-5120
-2240
-1504
-4304
-5264
-2928
16
1664
64
-3904
-5104
-1568
2640
4816
6384
7104
3632
-2800
-5552
-3008
-192
-48
-2048
-4672
-5168
-2704
-192
720
1440
1984
-256
-4416
-4688
-608
656
-3008
-6272
-6368
-4672
-2368
-528
-272
-1808
-4304
-5856
-5648
-5600
-6144
-4160
-64
352
-3552
-5376
-2880
-128
992
1088
848
2192
4928
5408
2848
560
400
2016
4464
6384
6672
4656
1072
-1280
-1104
-928
-1536
400
4528
5120
1264
-1072
272
784
-816
304
4448
4880
672
-576
3216
6480
6576
4832
2288
1184
1712
176
-3712
-5440
-3248
512
3936
6576
7264
3600
-2800
-5600
-3088
64
1216
800
-480
-896
368
1328
352
-1920
-4208
-6256
-6960
-3072
3760
4560
-2080
-5552
-2512
-1776
-5008
-4048
2208
6848
7072
4432
704
-1376
-1072
-1952
-4640
-5152
-2752
-256
1120
1328
1040
2016
4320
6592
7200
3584
-2912
-5424
-1776
2784
5136
5952
5824
5744
5936
5296
3392
-544
-5008
-3808
2928
5536
1488
-1696
-672
2768
6000
3776
-3216
-4288
2592
5600
1232
-1152
832
640
-3040
-6464
-7136
-3376
2944
6208
4224
-448
-4480
-5040
-1696
3232
6288
4000
-2368
-5984
-3760
560
4080
6352
6576
5024
2912
352
-1472
48
3952
5872
3984
-624
-4992
-3888
2560
5968
3296
1184
1920
144
-4240
-4768
-752
1664
400
-1600
-2112
288
4400
5408
1920
-2688
-5520
-4576
-624
1504
96
-1216
-288
2368
5184
5232
1744
-2496
-5072
-5280
-3120
480
4080
6304
6464
-2288
1024
3328
3552
3152
3168
3056
2704
3040
3760
2064
-1728
-2096
1712
2624
-1152
-2624
624
3424
3424
3264
3536
2000
-1248
-3856
-4336
-1840
2048
2736
-528
-3584
-3968
-1552
2176
2576
-1104
-2528
592
3216
3168
2864
3200
3136
2832
2816
2992
3504
3840
2320
-944
-3520
-3856
-1872
1376
3520
3536
3008
3008
3008
2768
3216
3840
1968
-1824
-2592
672
3760
4112
1664
-1936
-2640
608
3712
4032
1936
-1376
-3584
-3552
-2944
-2896
-2912
-2912
-2912
-2944
-3024
-2976
-3232
-3696
-1952
1728
2560
-736
-3568
-3600
-2960
-2928
-3008
-2976
-3344
-3712
-2240
1088
3280
3184
3168
3664
2240
-1120
-3424
-3440
-3344
-3776
-1856
2032
2336
-1568
-2480
1360
2432
-1376
-2336
1472
2384
-1360
-2608
736
3856
4192
1760
-2048
-2320
1664
2560
-1376
-2336
1488
2624
-944
-3680
-3536
-2992
-2880
-3152
-3584
-1696
2160
2496
-1296
-2608
592
3696
3984
1936
-1280
-3840
-4128
-2032
1296
3744
3904
1856
-1376
-3488
-3424
-3232
-3568
-2176
1056
3680
4080
1984
-1360
-3744
-4032
-1712
1984
2208
-1632
-2480
1424
2704
-816
-3872
-3952
-2000
1152
3424
3472
3360
3760
1840
-1984
-2688
752
3600
3584
3280
3584
1568
-2256
-2416
1568
2944
-512
-3520
-3504
-3408
-3936
-2048
1744
2592
-592
-3776
-4224
-2144
1104
3776
4304
1792
-2064
-2688
784
3472
3360
2896
3008
3232
3392
1984
-1168
-3264
-3280
-2976
-3040
-3376
-3552
-1952
1264
3696
4000
1680
-1952
-2240
1344
2512
-800
-3888
-4112
-1600
2096
2816
-624
-3520
-3520
-3408
-3840
-2320
1104
3440
3584
3120
3072
3008
2816
3280
3936
2064
-1872
-2272
1616
2560
-1264
-2720
624
3504
3440
3216
3536
2016
-1280
-3840
-4240
-1776
2016
2656
-720
-3840
-4224
-1696
2112
2432
-1392
-2704
784
3632
3568
3088
3088
2944
2960
3088
2992
3296
3664
2176
-1056
-3632
-4032
-2032
1296
3424
3408
2896
2944
2976
2864
3360
3872
1888
-1904
-2592
736
3808
4192
1744
-1904
-2592
704
3808
4080
1984
-1344
-3536
-3440
-2896
-3008
-3104
-3104
-3104
-3104
-3120
-3008
-3248
-3712
-1936
1824
2608
-864
-3728
-3680
-2976
-2976
-3024
-2976
-3312
-3616
-2144
1168
3392
3280
3200
3664
2192
-1264
-3520
-3360
-3200
-3728
-1872
2080
2384
-1600
-2496
1408
2400
-1504
-2400
1552
2464
-1328
-2560
816
3984
4368
1808
-2160
-2432
1664
2608
-1392
-2336
1552
2688
-960
-3776
-3616
-3008
-2832
-3104
-3616
-1760
2144
2496
-1360
-2704
528
3664
3968
2000
-1200
-3808
-4128
-2016
1296
3696
3968
1968
-1360
-3520
-3408
-3264
-3680
-2224
1120
3776
4224
2112
-1328
-3776
-4080
-1696
2032
2176
-1744
-2496
1488
2768
-784
-3856
-3968
-2000
1200
3488
3472
3360
3872
2000
-1984
-2832
624
3568
3568
3296
3664
1712
-2176
-2448
1504
2880
-624
-3632
-3536
-3360
-3904
-2048
1728
2624
-528
-3776
-4320
-2320
992
3776
4352
1824
-2144
-2816
704
3488
3376
2896
3056
3376
3616
2080
-1280
-3376
-3280
-2928
-3008
-3376
-3632
-2064
1280
3808
4128
1776
-1968
-2304
1408
2640
-704
-3840
-4144
-1776
1920
2704
-736
-3664
-3584
-3344
-3760
-4496
-1584
1680
4160
5536
5808
4064
1184
1184
4256
4400
544
-176
3632
4736
1248
-1504
-864
1728
4304
4912
2752
-688
-3696
-6048
-6816
-3312
2848
5024
1760
-1616
-1904
560
4112
4720
1328
-1136
-304
512
160
1584
4464
4496
1632
864
3392
5744
5952
4176
1088
-1376
-1648
352
3536
5552
5424
5200
5568
4128
1168
1184
4256
4576
1024
-1200
-416
960
1344
-656
-4240
-4912
-1648
1344
1552
-480
-3648
-6000
-6160
-4448
-1952
-416
-560
-672
-320
-1760
-4544
-4960
-2480
-192
512
656
256
-1984
-4880
-4736
-1840
-1104
-3696
-6016
-6272
-4368
-976
864
416
1424
4288
4784
1664
-2016
-4320
-6032
-6704
-3328
2880
4992
1440
-1280
-304
592
-304
-624
240
144
-864
48
3152
6048
6752
2928
-3616
-4272
2240
5008
944
0
4096
4016
-1952
-6432
-6512
-4432
-1792
-544
-1104
272
4032
4720
1280
-1168
-576
896
1264
-400
-3472
-6256
-6896
-3472
2528
5328
2976
-976
-4064
-5664
-5584
-5456
-5808
-4784
-1920
2096
5360
3504
-2688
-5536
-2960
176
1280
-832
-4848
-3744
2896
4240
-2144
-5632
-2800
-320
-32
1328
3776
5920
6560
3136
-2992
-5504
-2384
2192
4784
4896
2768
-1424
-5280
-3888
2272
5360
2208
-2144
-4464
-5888
-6320
-4464
-1280
960
816
-1760
-4768
-5136
-2240
2208
5472
3520
-2784
-5424
-1840
960
400
1376
4352
4704
2064
-128
-736
-432
-160
-1680
-4464
-5264
-3024
784
4272
4800
2256
-208
-976
-336
720
-464
-3904
-5408
-3152
848
4320
4832
1728
-2112
-4496
-5840
-6128
-4560
-1440
1888
4288
5600
5840
4112
1312
1344
4400
4464
528
-176
3696
4848
1296
-1552
-928
1744
4400
5024
2848
-688
-3808
-6208
-6928
-3376
2880
5072
1712
-1696
-2048
416
4096
4736
1200
-1280
-272
688
320
1648
4496
4544
1712
928
3456
5840
6096
4272
1120
-1440
-1824
192
3520
5616
5472
5216
5616
4192
1248
1232
4320
4704
1152
-1200
-480
1024
1504
-592
-4320
-5008
-1632
1536
1808
-336
-3632
-6064
-6240
-4560
-2128
-624
-768
-848
-448
-1824
-4576
-5008
-2528
-208
544
704
240
-2032
-4912
-4752
-1872
-1152
-3744
-6064
-6288
-4400
-992
928
592
1616
4432
4768
1440
-2272
-4432
-6016
-6720
-3376
2912
4992
1264
-1440
-224
736
-304
-672
320
256
-864
-32
3136
6144
6880
2960
-3664
-4320
2224
5040
944
-64
4048
4016
-1984
-6496
-6528
-4480
-1952
-704
-1200
240
4048
4704
1088
-1376
-576
1072
1488
-224
-3408
-6272
-6928
-3456
2608
5472
3120
-896
-4096
-5712
-5584
-5488
-5856
-4688
-1680
2352
5504
3552
-2688
-5616
-3120
96
1376
-688
-4864
-3840
2880
4272
-2144
-5712
-2912
-400
-32
1376
3824
6016
6704
3248
-3024
-5632
-2512
2160
4848
4976
2832
-1408
-5328
-3936
2336
5488
2272
-2208
-4592
-5968
-6320
-4416
-1152
1072
736
-2000
-4912
-5152
-2192
2320
5584
3568
-2800
-5488
-1920
912
416
1424
4432
4816
2144
-144
-800
-432
-112
-1680
-4528
-5344
-3056
816
4304
4832
2320
-160
-1008
-384
768
-368
-3840
-5424
-3280
688
4288
4896
1680
-2272
-4608
-5856
-6160
-4272
-1632
1568
4096
5488
5648
3808
960
1088
4176
4352
832
224
3664
4640
1472
-1248
-928
1600
4304
4752
2384
-928
-3632
-5808
-6432
-2960
2960
4976
1888
-1216
-1440
816
4000
4576
1504
-896
-384
208
-48
1536
4416
4288
1376
816
3472
5696
5760
4064
1232
-1024
-1248
624
3552
5376
5264
5120
5424
3840
912
1072
4160
4560
1216
-1024
-528
672
1072
-784
-4048
-4624
-1632
1072
1248
-640
-3536
-5712
-5872
-4096
-1520
-32
-240
-304
0
-1568
-4320
-4528
-1952
32
336
528
464
-1664
-4592
-4304
-1344
-832
-3552
-5744
-5872
-4096
-1040
576
208
1344
4224
4752
1824
-1760
-4128
-5824
-6320
-2976
2912
4896
1600
-1088
-416
560
64
-400
0
0
-512
496
3248
5904
6496
2720
-3472
-3904
2320
4880
1152
352
4048
3728
-1952
-6128
-6128
-4000
-1328
-112
-672
592
4000
4608
1488
-880
-640
560
944
-528
-3328
-5872
-6432
-3056
2672
5136
2592
-1232
-3984
-5360
-5280
-5152
-5424
-4496
-1904
2016
5200
3248
-2736
-5120
-2384
416
1024
-1104
-4640
-3280
2960
3920
-2208
-5232
-2320
-128
-128
1216
3776
5872
6320
2896
-2912
-5248
-2320
2096
4704
4672
2400
-1600
-5008
-3440
2400
5280
2304
-1856
-4224
-5648
-5968
-4272
-1360
896
992
-1488
-4480
-4912
-2192
2128
5328
3392
-2672
-5120
-1808
672
160
1328
4272
4448
1760
-176
-432
-16
128
-1472
-4208
-4848
-2512
1168
4288
4480
1904
-224
-624
-80
528
-720
-3760
-4880
-2576
1152
4240
4688
1856
-1840
-4272
-5568
-5744
-4288
-1472
1728
4192
5568
5728
3840
1024
1200
4320
4400
704
96
3664
4688
1456
-1312
-960
1616
4288
4784
2512
-848
-3648
-5856
-6496
-3008
2928
4960
1824
-1312
-1584
720
4080
4624
1360
-1056
-336
432
160
1648
4480
4336
1440
848
3488
5760
5856
4112
1216
-1072
-1376
480
3488
5392
5280
5104
5456
3904
944
1104
4256
4720
1408
-944
-528
720
1152
-752
-4064
-4656
-1600
1248
1456
-512
-3520
-5728
-5872
-4160
-1680
-224
-432
-480
-112
-1696
-4448
-4592
-2000
-32
336
576
464
-1712
-4624
-4336
-1392
-848
-3584
-5824
-5920
-4128
-1056
640
384
1504
4256
4656
1616
-1984
-4192
-5776
-6320
-2976
2960
4864
1408
-1248
-368
640
32
-416
128
128
-528
368
3168
5936
6560
2672
-3568
-3936
2384
4944
1168
352
4096
3760
-2016
-6208
-6160
-4048
-1456
-288
-784
576
4000
4512
1280
-1072
-608
736
1120
-448
-3360
-6016
-6544
-3072
2704
5184
2720
-1088
-3984
-5408
-5296
-5168
-5504
-4512
-1728
2224
5328
3296
-2704
-5184
-2560
320
1136
-944
-4640
-3360
2960
4000
-2192
-5264
-2320
-160
-176
1232
3840
5936
6400
2992
-2944
-5408
-2464
2064
4720
4704
2400
-1664
-5088
-3520
2432
5392
2352
-1984
-4416
-5744
-5952
-4208
-1264
1008
944
-1696
-4656
-4944
-2128
2208
5360
3376
-2704
-5168
-1840
704
272
1424
4320
4512
1824
-176
-496
16
208
-1504
-4320
-4896
-2496
1184
4288
4464
1904
-144
-544
-48
592
-688
-3808
-4960
-2688
1040
4240
4736
1792
-1984
-4368
-5600
-5808
