-32
3904
5280
3056
752
512
2240
4672
5376
3456
-400
-4400
-4336
-160
480
-3904
-3968
2400
5472
2592
1680
4608
4880
1184
-1744
-1952
-416
1296
496
-3040
-6048
-6512
-3872
320
448
-3856
-4128
1824
6608
6720
4496
2032
1888
4432
5184
2688
1184
1648
368
-3184
-5968
-6368
-4224
-656
1696
1808
912
592
2128
4640
5456
3504
-752
-4912
-4032
1936
6752
7104
4144
288
-384
3104
6432
6720
4400
800
-1264
-976
-1552
-4064
-5696
-5552
-5456
-5776
-4416
-1568
-1792
-5088
-3632
3168
4480
-2016
-5472
-2512
-1328
-4240
-5040
-2304
-784
-1328
-80
3536
6208
6272
5056
3152
-288
-4144
-5040
-2608
-720
-1024
-528
1248
-208
-4592
-3648
3248
4288
-2704
-4176
2800
4544
-2096
-5344
-1552
1888
1936
736
-560
-464
1056
0
-3968
-4768
-976
1392
64
-1088
-800
-1744
-4080
-5904
-6336
-3936
256
288
-4064
-4240
1824
6752
6960
4448
944
-1552
-1632
-816
0
2272
5120
4880
1264
-1392
-1248
-1040
-1504
288
4096
5360
2928
640
-16
-2208
-5472
-3696
2896
5360
1408
-1312
64
1376
592
-2272
-5456
-3824
2560
5792
3200
784
1104
672
-1040
64
4016
5152
2416
1840
4752
4816
736
-1056
848
480
-3456
-5184
-2736
-1088
-1712
304
4752
4144
-2112
-5824
-3696
736
4384
5376
3264
192
-1360
-32
3488
6272
6576
4560
1760
2000
5104
4288
-1776
-6384
-6608
-4352
-1600
-1616
-4448
-5024
-1696
2896
6048
3616
-3200
-4304
2240
5760
2192
-2816
-5520
-4304
-128
768
-3248
-5280
-2784
-1088
-1648
16
4032
5360
3008
608
352
2176
4736
5488
3472
-496
-4528
-4464
-320
288
-4096
-4048
2480
5584
2624
1712
4736
5024
1248
-1648
-1792
-336
1232
336
-3184
-6128
-6608
-4032
128
192
-4128
-4256
1920
6784
6912
4480
1680
1568
4480
5328
2544
880
1376
96
-3408
-6096
-6448
-4320
-848
1376
1504
720
416
1984
4656
5552
3536
-784
-4944
-4064
1920
6784
7136
4160
336
-272
3200
6448
6752
4496
896
-1168
-832
-1456
-4112
-5808
-5648
-5584
-5968
-4528
-1472
-1680
-5136
-3648
3328
4560
-2128
-5552
-2480
-1344
-4304
-5104
-2384
-816
-1296
-80
3536
6224
6320
5056
3088
-384
-4224
-5088
-2480
-448
-784
-480
1184
-288
-4672
-3680
3248
4272
-2784
-4208
2864
4624
-2112
-5376
-1536
1952
2000
736
-704
-608
1104
176
-3904
-4816
-928
1472
0
-1184
-784
-1712
-4112
-6000
-6464
-4032
192
208
-4144
-4304
1792
6752
6976
4480
992
-1456
-1504
-720
0
2256
5168
4912
1232
-1424
-1264
-1152
-1632
272
4128
5360
2880
624
64
-2096
-5456
-3712
2944
5376
1360
-1328
64
1360
560
-2288
-5456
-3824
2576
5808
3200
800
1200
768
-1024
32
4000
5168
2384
1776
4768
4928
816
-1072
736
320
-3584
-5232
-2704
-960
-1600
384
4816
4192
-2080
-5904
-3888
608
4432
5440
3248
112
-1504
-160
3456
6304
6592
4560
1744
2064
5216
4288
-1952
-6576
-6720
-4384
-1616
-1616
-4480
-5088
-1728
2944
6160
3680
-3232
-4352
2256
5856
2368
-2640
-5504
-4448
-352
544
-3408
-5296
-2608
-800
-1440
-3248
-3808
-2416
960
3568
3984
1616
-2112
-2800
640
3520
3584
2992
2816
3152
3696
1824
-2128
-2528
1312
2544
-944
-3728
-3456
-3184
-3616
-2176
1120
3312
3440
3104
3184
3088
2720
3136
3728
2160
-1376
-4096
-4512
-2048
1792
2128
-1664
-2912
608
3408
3280
2880
3056
3088
3072
3072
2992
2912
2832
3248
3728
1760
-2080
-2784
656
3808
4096
1920
-1472
-3696
-3680
-3120
-3136
-3248
-3264
-3216
-3184
-3168
-3088
-3408
-3792
-2256
1200
3488
3360
3232
3712
1808
-2112
-2480
1392
2256
-1664
-2528
1504
2384
-1632
-2560
1328
2576
-960
-3712
-3600
-3072
-3072
-3488
-3808
-2384
912
3648
4048
2000
-1264
-3792
-4192
-2208
1056
3632
4128
1648
-2256
-2416
1568
2400
-1552
-2864
704
3536
3328
3200
3712
1856
-2016
-2800
720
3584
3424
3152
3520
2032
-1264
-3776
-4128
-2096
1296
3504
3520
2896
2752
3264
3744
2128
-1424
-3680
-3616
-3152
-3008
-3344
-3840
-2048
1712
2464
-1008
-3792
-3728
-3136
-3216
-3248
-3152
-3552
-4000
-2048
1872
2224
-1760
-2576
1392
2640
-880
-4048
-4384
-1952
1904
2288
-1664
-2560
1440
2320
-1616
-2896
560
3808
4128
2016
-1264
-3936
-4496
-2032
1760
2400
-1008
-4112
-4240
-2128
976
3552
4080
2144
-1200
-3440
-3376
-3344
-3952
-2000
1952
2576
-880
-4048
-4512
-2080
1696
2496
-848
-3680
-3584
-3408
-4000
-2064
1936
2192
-1744
-2912
640
3920
4288
1808
-2000
-2704
688
3888
4256
1664
-2304
-2560
1440
2704
-928
-4144
-4256
-2064
1392
3520
3200
2976
3568
2224
-1200
-3392
-3248
-3312
-3872
-2400
1040
3680
4048
1632
-2160
-2784
752
3552
3472
2864
2832
3296
3824
1840
-2192
-2560
1328
2576
-944
-3744
-3488
-3312
-3808
-2304
1152
3424
3440
2864
2880
2960
2832
3264
3680
2032
-1360
-3920
-4320
-1872
2000
2304
-1552
-2800
752
3616
3504
3024
3088
3040
2960
2992
3088
3152
3024
3344
3808
1872
-1904
-2640
736
3856
4080
1888
-1504
-3712
-3648
-3136
-3264
-3376
-3296
-3232
-3216
-3152
-3104
-3504
-3936
-2416
1056
3392
3216
3040
3632
1824
-2208
-2576
1424
2320
-1648
-2528
1520
2384
-1680
-2528
1488
2688
-944
-3744
-3648
-3104
-3072
-3488
-3872
-2320
1072
3760
4064
1952
-1408
-3968
-4304
-2208
1184
3824
4240
1632
-2304
-2432
1584
2448
-1472
-2832
720
3568
3328
3152
3664
1824
-1984
-2784
672
3568
3472
3184
3504
2000
-1280
-3808
-4192
-2112
1360
3568
3536
2928
2784
3264
3728
2112
-1520
-3840
-3728
-3168
-3040
-3488
-4032
-2160
1744
2496
-1072
-3888
-3744
-3104
-3152
-3168
-3072
-3520
-4048
-2112
1904
2304
-1744
-2624
1360
2672
-816
-4016
-4384
-1968
1920
2288
-1696
-2544
1568
2432
-1600
-2880
592
3776
4064
1984
-1248
-3920
-4512
-2048
1840
2528
-896
-4064
-4272
-2144
1088
3728
4160
2112
-1312
-3552
-3456
-3392
-4032
-2080
1968
2704
-752
-4048
-4592
-2096
1776
2576
-864
-3776
-3744
-3600
-4144
-2128
1920
2208
-1728
-2960
608
3952
4336
1776
-2064
-2752
640
3824
4224
1680
-2224
-2512
1360
2624
-816
-4000
-4304
-2224
1248
3488
3376
3200
3584
2080
-1424
-3648
-3520
-1632
-4608
-4784
-1488
1440
1808
-608
-4208
-5072
-2032
2112
4848
4464
1552
1376
4688
3664
-2752
-4992
-1008
208
-3568
-5136
-2464
-352
-480
-848
-336
1456
3984
5744
6000
4144
1136
1360
4672
3984
-1920
-6496
-6768
-4032
-368
-96
-3824
-4992
-1456
992
608
1344
3888
5728
5888
4320
1744
144
128
960
1424
-544
-4160
-5136
-2160
2384
5456
3760
-2096
-6496
-6656
-4240
-1520
-1184
-3728
-6016
-6160
-4480
-1840
-528
-1008
80
3488
5728
5536
5376
5856
4048
144
144
4368
3648
-3120
-4352
2256
5072
1024
-208
3696
4848
1232
-1200
-848
-1456
-3952
-5952
-6176
-4656
-1696
2096
4976
4576
1280
-1248
-1248
-704
-416
1920
5312
3392
-3392
-4128
2784
4112
-2784
-4528
1968
5456
2512
48
368
432
-352
-864
-512
1600
4464
4800
2176
-64
-480
-832
-1248
368
3584
5888
6160
4128
1120
1440
4752
4048
-1968
-6480
-6512
-4464
-1920
-352
-624
-400
832
-400
-4048
-5152
-2480
-272
-416
-576
-208
-1744
-4752
-4784
-1136
752
-656
448
4544
3856
-2480
-5648
-2944
32
816
176
-1056
496
4592
3808
-2608
-5376
-1808
1376
1216
560
208
-1936
-4992
-4512
-672
32
-3696
-5248
-2464
-304
-144
1504
4576
4752
1328
-880
-352
-1792
-5280
-3888
2512
5536
2432
-2272
-5184
-4752
-1440
1152
704
-1616
-4112
-5984
-6464
-4144
-256
-320
-4416
-4352
1696
6464
6672
3920
320
32
3520
5280
3072
-1312
-5328
-3696
3008
4336
-1968
-5920
-3584
816
4400
4704
1744
1104
4192
4752
1136
-1104
-608
-1760
-4752
-4832
-1456
1520
1904
-560
-4272
-5168
-2048
2208
5008
4544
1520
1392
4784
3728
-2832
-5120
-1024
240
-3632
-5248
-2496
-368
-544
-912
-352
1488
4032
5808
6112
4288
1328
1552
4784
3984
-1968
-6576
-6864
-4048
-240
32
-3840
-5072
-1440
1120
704
1392
3920
5776
5968
4400
1888
272
208
1008
1504
-512
-4224
-5232
-2176
2432
5536
3840
-2048
-6512
-6720
-4336
-1696
-1392
-3872
-6080
-6224
-4592
-2032
-784
-1248
-80
3456
5776
5568
5440
5952
4048
32
80
4464
3744
-3152
-4400
2352
5136
912
-336
3744
4944
1264
-1200
-832
-1488
-3984
-5984
-6224
-4656
-1568
2288
5136
4592
1088
-1568
-1504
-816
-384
2080
5456
3392
-3472
-4128
2864
4192
-2784
-4560
2000
5552
2656
192
496
528
-336
-880
-464
1680
4544
4944
2400
80
-496
-1024
-1520
144
3552
5936
6176
4192
1312
1632
4832
4016
-2048
-6560
-6576
-4544
-2096
-640
-912
-560
880
-272
-4016
-5200
-2544
-416
-656
-784
-400
-1968
-4912
-4768
-960
880
-736
288
4544
3936
-2464
-5664
-3040
-96
832
256
-1104
416
4640
3904
-2608
-5504
-1968
1248
1136
560
272
-1888
-5040
-4608
-688
48
-3744
-5312
-2464
-256
-112
1552
4656
4816
1264
-1056
-512
-1872
-5344
-3904
2528
5520
2336
-2432
-5328
-4784
-1312
1296
720
-1744
-4256
-6080
-6528
-4160
-208
-272
-4448
-4368
1760
6576
6816
4000
272
-32
3552
5392
3184
-1280
-5376
-3728
3056
4368
-2032
-6032
-3664
800
4432
4768
1888
1296
4304
4736
1008
-1312
-800
-1568
-4512
-4736
-1648
1104
1424
-864
-4192
-4976
-2096
1984
4784
4224
1200
1248
4624
3536
-2752
-4944
-1248
-176
-3632
-4864
-2144
-32
-192
-768
-512
1248
3904
5712
5872
3840
832
1216
4544
3776
-2064
-6400
-6528
-3968
-656
-448
-3856
-4848
-1568
656
336
1216
3808
5664
5808
4128
1456
-128
-96
672
1024
-816
-4128
-5040
-2240
2256
5344
3584
-2192
-6448
-6512
-3984
-1232
-1056
-3712
-6000
-6080
-4256
-1488
-208
-752
256
3488
5552
5360
5232
5696
4000
368
416
4288
3328
-3184
-4112
2320
4976
1136
0
3664
4704
1360
-896
-624
-1424
-3984
-5920
-6048
-4576
-1808
1904
4864
4576
1392
-944
-880
-608
-608
1728
5152
3184
-3424
-3888
2816
3840
-2848
-4256
2096
5200
2112
-320
32
400
-48
-720
-720
1392
4400
4592
1840
-176
-256
-544
-992
560
3600
5728
5952
3808
736
1200
4592
3808
-2112
-6416
-6384
-4272
-1648
-48
-352
-352
512
-800
-4128
-4880
-2112
16
-192
-320
48
-1616
-4672
-4800
-1344
608
-368
816
4512
3504
-2624
-5328
-2496
112
512
-16
-832
800
4496
3488
-2688
-5264
-1872
1024
864
480
384
-1744
-4880
-4512
-896
-288
-3728
-4880
-2032
-176
-352
1264
4464
4704
1440
-592
-128
-1712
-5136
-3680
2544
5456
2480
-2128
-5088
-4800
-1632
1040
832
-1504
-4144
-5936
-6240
-4032
-496
-640
-4384
-4048
1824
6304
6496
3872
464
240
3520
4992
2704
-1552
-5248
-3424
3040
4048
-2112
-5664
-3104
1184
4416
4368
1376
944
4128
4704
1264
-848
-416
-1680
-4688
-4832
-1616
1232
1568
-768
-4208
-5056
-2096
2112
4928
4320
1232
1296
4720
3584
-2864
-5040
-1184
-64
-3680
-4944
-2160
-80
-256
-816
-512
1296
3968
5728
5888
3920
992
1408
4688
3776
-2160
-6512
-6640
-3952
-464
-272
-3872
-4928
-1520
800
464
1328
3920
5760
5856
4160
1552
-16
-16
736
1120
-768
-4192
-5152
-2288
2288
5392
3616
-2224
-6496
-6544
-4048
-1376
-1200
-3824
-6064
-6096
-4288
-1680
-480
-928
192
3488
5648
5440
5280
5728
3952
224
352
4368
3408
-3184
-4112
2432
5024
1040
-80
3696
4736
1312
-896
-608
-1456
-4048
-5920
-6032
-4592
-1712
2096
4976
4512
1152
-1280
-1200
-768
-608
1856
5280
3168
-3520
-3856
2976
3920
-2896
-4336
2048
5248
2272
-160
176
480
-48
-736
-656
1488
4496
4736
2032
-64
-368
-768
-1216
400
3584
5808
6016
3920
992
1488
4752
3840
-2144
-6464
-6416
-4304
-1776
-304
-576
-432
640
-592
-4032
-4896
-2192
-144
-416
-528
-176
-1824
-4768
-4720
-1136
752
-496
576
4448
3568
-2608
-5408
-2640
16
560
96
-832
752
4544
3584
-2704
-5392
-2016
912
784
480
464
-1680
-4912
-4560
-880
-288
-3808
-4944
-2048
-160
-272
1376
4512
4704
1360
-736
-256
-1808
-5232
-3712
2560
5424
2352
-2272
-5200
-4752
-1488
1152
848
-1520
-4176
-5984
-6336
-4112
-496
-608
-4400
-4064
1888
6416
6576
3904
432
208
3584
5088
2736
-1552
-5248
-3376
3136
4112
-2160
-5776
-3216
1120
4400
4432
1488
1072
4192
4704
1152
-1040
-624
