1136
-3920
-6128
-5520
-5056
-5696
-5744
-5184
-5904
-5568
-208
4928
1952
-3520
-1440
3712
2352
-3264
-6112
-6304
-6688
-5792
-1680
3632
7072
6336
752
-4240
-2160
4304
8032
6496
752
-3888
-1360
3856
2240
-4144
-6880
-5664
-5264
-6064
-5872
-5056
-4896
-5408
-6064
-5296
-1184
4480
7632
6416
1536
-3904
-6144
-5360
-5008
-5824
-5744
-5152
-5936
-5504
-512
4240
2128
-4064
-7776
-6480
-816
4096
2208
-4176
-7856
-6416
-1552
3680
6160
6112
5824
5744
5840
6224
6000
5248
5280
6240
6912
5184
208
-3760
-1920
3328
6400
6560
5792
5152
4976
5296
5888
5200
928
-4800
-6816
-5760
-5744
-5312
-1120
4224
6160
5600
6080
5840
880
-4080
-1424
3664
1536
-3312
-1248
3344
1056
-3616
-1184
4160
2896
-3104
-7008
-6272
-624
4800
2032
-3920
-1408
4704
2224
-4128
-2832
3504
6416
6096
5792
5872
6672
6128
960
-3888
-1200
3984
2432
-3968
-7840
-6688
-1936
3552
6880
6336
1632
-4544
-7760
-6320
-1568
3632
5824
5440
5584
4992
1104
-3872
-6928
-6560
-1712
4800
7888
5824
-160
-4960
-1872
4304
2176
-4512
-3168
4448
7984
5600
880
-3760
-5872
-5552
-6032
-5808
-1008
3952
2176
-3568
-6336
-6208
-6752
-6144
-768
4544
2080
-3648
-2480
3680
6368
5680
5904
5088
208
-4160
-2272
3568
7152
5920
1216
-3968
-7264
-6608
-928
4496
2288
-4448
-7040
-5536
-5136
-6304
-6816
-5248
-768
4496
6496
5552
5120
6048
6992
6080
1568
-4560
-7632
-5520
160
4032
960
-4288
-2672
4112
8016
6304
672
-4016
-2272
3488
6304
5968
6048
5264
1152
-3968
-6224
-5696
-5264
-5888
-5856
-5200
-5952
-5728
-416
4800
1840
-3648
-1552
3664
2352
-3264
-6160
-6384
-6800
-5888
-1728
3584
7024
6400
880
-4288
-2272
4304
8144
6640
832
-3904
-1376
3872
2208
-4224
-6912
-5616
-5200
-6096
-6016
-5152
-4912
-5456
-6208
-5408
-1200
4528
7664
6464
1632
-3824
-6128
-5360
-5024
-5888
-5808
-5216
-6032
-5584
-480
4336
2160
-4144
-7904
-6608
-912
4048
2144
-4288
-8048
-6672
-1744
3664
6208
6144
5872
5824
5888
6208
5920
5184
5280
6336
7024
5184
144
-3728
-1840
3264
6368
6720
5968
5120
4944
5504
6192
5392
992
-4800
-6864
-5872
-5856
-5360
-1120
4224
6176
5568
6064
5904
960
-4032
-1248
3904
1552
-3472
-1280
3472
1104
-3696
-1168
4288
2992
-3216
-7280
-6592
-800
4864
2160
-3936
-1488
4752
2240
-4288
-2960
3552
6544
6192
5872
5920
6752
6336
1136
-3920
-1328
3920
2400
-4000
-7872
-6720
-1984
3536
6944
6512
1712
-4704
-7936
-6320
-1440
3792
6032
5616
5760
5264
1424
-3680
-7008
-6864
-1808
5056
8112
5744
-288
-4832
-1568
4528
2192
-4592
-3232
4464
8032
5632
832
-3936
-6000
-5552
-6032
-5840
-1008
3984
2112
-3728
-6496
-6304
-6816
-6192
-800
4528
2048
-3664
-2368
3856
6496
5760
6016
5136
192
-4176
-2256
3584
7200
5904
1152
-4000
-7296
-6656
-944
4496
2272
-4560
-7216
-5632
-5088
-6272
-6880
-5312
-720
4608
6688
5728
5200
6080
7072
6240
1712
-4560
-7744
-5600
192
4128
992
-4432
-2928
3984
8096
6432
768
-3856
-1984
3792
6416
5840
5840
5088
3664
5712
3760
-656
-3168
-2096
1648
4816
4112
160
-4256
-6496
-4608
-1792
-3408
-5840
-1760
4480
3744
-480
720
5200
5664
2944
1456
1296
848
-560
-3152
-5616
-6800
-6528
-4064
-1616
-3408
-5936
-2352
4624
7904
6416
2432
-672
960
4688
3824
-496
-2176
-1680
-2944
-5408
-6768
-6496
-4560
-2192
-1264
-1792
-2544
-1792
1568
4864
4320
144
-4704
-6320
-2064
4528
7856
7168
4368
1984
2768
5616
7232
6784
4832
2608
2112
1984
-784
-4720
-6400
-6208
-6288
-5744
-2352
928
-1264
-4912
-1392
4752
2592
-3904
-3648
576
-448
-4336
-3392
976
2608
2032
3216
5824
7040
6080
3488
-288
-4224
-5792
-3248
1104
2880
1760
752
-464
-4064
-6224
-1200
5136
2192
-4576
-2112
4832
2944
-4400
-5952
-2880
-1520
-1232
-112
768
896
-224
-3520
-6416
-5344
-1808
480
1552
2688
2256
-928
-4704
-6896
-6816
-4080
-1664
-3504
-5904
-2304
4544
7808
7008
4864
2752
1904
1632
0
-1168
1408
5344
5648
2976
1712
2192
1968
1936
4000
5632
3424
-128
-208
1200
-1440
-5056
-1920
5040
6368
2304
-544
-640
576
1216
-1632
-4896
-1792
4336
4384
-544
-2864
-1616
-368
992
4080
6000
3104
-864
656
5360
5776
2224
128
-752
-3472
-5648
-3296
1168
2464
1936
4256
6224
1968
-4224
-4528
256
4768
6016
3616
48
-1264
384
3520
6256
7344
6192
2496
-576
1584
5280
2656
-4240
-7744
-6272
-2160
992
-736
-5072
-5984
-2544
2752
5680
1504
-4704
-2576
4800
6816
2896
-2112
-5488
-4752
-1952
-2736
-5360
-3600
816
2208
1808
3728
5808
3824
-592
-3088
-1968
1808
5008
4304
256
-4304
-6608
-4640
-1696
-3344
-5920
-1808
4544
3840
-464
736
5264
5728
3008
1584
1344
816
-544
-3104
-5648
-6880
-6624
-4176
-1696
-3424
-5968
-2432
4624
7984
6448
2352
-768
912
4720
3888
-464
-2160
-1632
-2960
-5504
-6864
-6560
-4656
-2320
-1376
-1856
-2608
-1824
1600
4896
4336
176
-4752
-6432
-2128
4576
7984
7264
4432
2048
2848
5680
7248
6816
4896
2640
2112
2048
-736
-4752
-6512
-6352
-6416
-5808
-2336
944
-1328
-5040
-1504
4752
2640
-3920
-3728
432
-608
-4480
-3520
800
2448
1920
3200
5904
7120
6144
3536
-320
-4320
-5920
-3312
1152
2976
1776
672
-560
-4176
-6336
-1216
5216
2208
-4640
-2160
4880
2976
-4496
-6096
-2864
-1312
-1024
-16
720
784
-272
-3504
-6464
-5424
-1744
592
1520
2592
2256
-896
-4704
-6928
-6896
-4160
-1616
-3408
-5968
-2480
4464
7856
7104
4960
2832
1888
1536
-96
-1152
1472
5456
5712
2880
1552
2112
1824
1664
3808
5648
3616
160
-80
992
-1776
-5280
-1904
5200
6400
2176
-624
-624
624
1216
-1648
-4960
-1824
4384
4400
-608
-2912
-1648
-368
1056
4160
6000
3040
-944
608
5408
5888
2352
192
-816
-3632
-5760
-3312
1184
2464
1968
4352
6336
2048
-4272
-4640
240
4864
6128
3680
48
-1264
448
3584
6288
7392
6224
2480
-672
1504
5312
2720
-4256
-7856
-6384
-2176
1072
-672
-5136
-6128
-2576
2896
5840
1536
-4768
-2608
4848
6976
3088
-2016
-5504
-4848
-2128
-2960
-5456
-3488
1104
2560
2128
672
5312
6240
4096
2768
3568
4912
5776
6224
4432
-1424
-6192
-3200
2048
-160
-5120
-2592
4240
6240
4608
5200
6320
3504
-1504
-4640
-4096
-32
3136
416
-5472
-8688
-7392
-2144
2272
-368
-5328
-2704
4864
8240
6864
5120
4400
4704
5632
5392
4080
3760
3280
-288
-5472
-8320
-7280
-2848
2176
4224
3424
2864
3648
4832
5792
6320
4320
-1504
-5792
-2528
4800
9008
7744
2336
-2256
-464
5424
8784
7520
3088
-1792
-3888
-3776
-4528
-6080
-6928
-7120
-6960
-6304
-5040
-4304
-5536
-5808
-848
4736
2656
-3984
-6400
-4688
-4320
-5488
-5232
-3744
-3360
-2944
736
5984
7936
6832
5856
3968
-848
-5584
-6048
-3744
-3216
-3392
-128
2928
-688
-5440
-1728
4672
2016
-4320
-1760
4640
2176
-4816
-4560
1280
4816
4224
288
-3312
-960
3040
-304
-6032
-3648
2480
2224
-2160
-3808
-3616
-4560
-6160
-7712
-7296
-2288
2368
-400
-5328
-2816
4720
8976
7792
3344
-1600
-4416
-4016
-1008
3088
6272
6736
3376
-1600
-3760
-3232
-3504
-3152
656
5232
6752
4928
1024
-3248
-6352
-6240
-704
5568
3824
-2288
-1696
3136
2432
-2800
-6352
-6064
-1504
4576
6368
4128
3408
3584
432
-2688
0
5200
6208
4464
5280
6544
2736
-2496
-1344
2624
544
-5088
-6240
-3920
-3504
-3056
1552
5696
2624
-4336
-7280
-4416
1040
5552
7088
4992
16
-3312
-176
5984
8272
6752
4992
4416
5552
6048
1792
-4928
-7936
-6768
-4848
-4128
-5328
-6400
-3504
2352
6688
6368
608
-4816
-1824
5056
4752
-1872
-6768
-6784
-2288
2304
640
-4816
-6256
-4128
-3552
-3152
688
5456
6368
4080
2640
3456
4976
5952
6352
4448
-1520
-6336
-3296
1984
-272
-5248
-2576
4352
6304
4576
5216
6448
3664
-1360
-4528
-4096
-128
3088
384
-5568
-8848
-7600
-2320
2240
-320
-5312
-2720
4896
8320
6896
5056
4368
4800
5744
5392
3952
3648
3184
-432
-5632
-8512
-7488
-3088
1984
4112
3376
2848
3696
4928
5888
6400
4384
-1504
-5888
-2560
4928
9216
7904
2416
-2256
-416
5568
8960
7680
3200
-1792
-3920
-3808
-4576
-6144
-6992
-7184
-7040
-6352
-5072
-4304
-5536
-5792
-816
4688
2608
-3968
-6416
-4880
-4528
-5568
-5264
-3824
-3424
-2992
720
6048
8032
6944
5936
3952
-928
-5648
-6080
-3744
-3248
-3520
-240
2944
-736
-5584
-1760
4752
2000
-4432
-1808
4704
2208
-4832
-4528
1408
5056
4512
384
-3520
-1184
3104
-144
-6048
-3712
2576
2352
-2192
-3920
-3744
-4688
-6176
-7696
-7344
-2272
2608
-112
-5200
-2832
4672
8944
7744
3248
-1808
-4800
-4464
-1200
3312
6576
6736
3152
-1872
-4000
-3456
-3712
-3360
544
5264
6896
5104
1120
-3312
-6496
-6304
-640
5648
3872
-2240
-1632
3200
2464
-2880
-6512
-6176
-1504
4688
6448
4048
3328
3616
432
-2752
48
5376
6304
4400
5232
6672
2928
-2288
-1200
2480
128
-5456
-6336
-3808
-3328
-2880
1712
5840
2704
-4384
-7360
-4336
1264
5744
7136
4928
-32
-3264
-96
6144
8496
6912
4976
4336
5568
6160
1856
-5056
-8208
-6976
-4896
-4096
-5392
-6576
-3680
2320
6816
6528
656
-4880
-1856
5216
4992
-1696
-6752
-6880
-2448
2080
320
-5136
-6368
-4048
-3376
-2960
640
4992
5856
4048
3008
3792
4880
5440
5840
4208
-1376
-5744
-2624
2176
-192
-4688
-2096
4064
5824
4656
5328
5872
2784
-1952
-4800
-4096
48
3136
416
-5280
-8240
-6736
-1584
2400
-384
-4880
-2160
4800
7664
6288
4880
4512
4784
5264
4976
4096
3984
3296
-336
-5296
-7888
-6656
-2272
2496
4336
3568
3088
3872
4800
5440
5904
4080
-1424
-5296
-2032
4784
8432
7008
1776
-2432
-432
5264
8288
6848
2448
-2160
-4080
-4016
-4608
-5776
-6432
-6672
-6528
-5808
-4752
-4432
-5600
-5280
-320
4416
2048
-3920
-6016
-4752
-4464
-5184
-4832
-3792
-3632
-3024
736
5760
7424
6304
5520
3824
-768
-5248
-5712
-3776
-3488
-3504
-16
2928
-640
-4928
-1248
4320
1440
-4032
-1184
4352
1552
-4624
-3824
1728
4960
4208
128
-3408
-896
3024
-304
-5632
-3008
2720
2016
-2448
-4064
-3840
-4592
-5888
-7232
-6624
-1712
2464
-448
-4944
-2288
4688
8400
7072
2704
-2016
-4608
-4064
-864
3408
6352
6224
2640
-2032
-3920
-3424
-3648
-3136
640
4928
6416
4832
944
-3520
-6400
-5648
-112
5296
3040
-2624
-1504
3296
2288
-3152
-6416
-5536
-992
4416
5904
4096
3680
3664
304
-2736
-64
4864
5888
4544
5376
6080
2000
-2752
-1184
2672
528
-4800
-5872
-3968
-3776
-3072
1520
5200
2128
-4256
-6864
-4192
896
5184
6736
4816
-48
-3296
-208
5712
7744
6176
4704
4560
5616
5536
1200
-4864
-7328
-6160
-4576
-4256
-5456
-5984
-2784
2832
6624
5744
112
-4480
-1216
4848
3936
-2416
-6720
-6224
-1648
2480
560
-4576
-5888
-4176
-3808
-3216
672
5136
6000
4064
2912
3728
4960
5584
5936
4208
-1456
-5808
-2656
2128
-304
-4784
-2048
4208
5872
4592
5328
6016
2976
-1792
-4720
-4128
-48
3088
368
-5376
-8352
-6880
-1712
2352
-352
-4896
-2192
4832
7744
6304
4784
4432
4864
5408
4976
3968
3872
3232
-432
-5408
-8016
-6832
-2496
2320
4240
3472
3024
3904
4896
5520
5984
4144
-1408
-5344
-2032
4880
8608
7152
1824
-2416
-384
5360
8416
7008
2544
-2192
-4128
-4016
-4656
-5872
-6512
-6736
-6560
-5824
-4768
-4448
-5616
-5264
-272
4368
1984
-3888
-6000
-4880
-4672
-5280
-4880
-3872
-3680
-3040
720
5776
7504
6400
5552
3760
-864
-5280
-5712
-3792
-3552
-3616
-144
2880
-704
-5056
-1280
4384
1408
-4144
-1248
4352
1552
-4656
-3792
1840
5168
4448
176
-3600
-1056
3088
-160
-5616
-3040
2816
2128
-2448
-4128
-3968
-4704
-5888
-7184
-6640
-1664
2688
-144
-4736
-2272
4608
8320
6976
2592
-2208
-4928
-4464
-1040
3584
6576
6192
2432
-2272
-4144
-3616
-3872
-3360
496
4928
6512
4960
976
-3648
-6544
-5696
-64
5328
3072
-2576
-1456
3344
2304
-3216
-6544
-5648
-960
4560
5984
4032
3616
3696
320
-2784
-16
5008
5936
4464
5344
6192
2176
-2576
-1088
2512
144
-5120
-5968
-3856
-3584
-2896
1664
5312
2144
-4320
-6896
-4096
1120
5376
6768
4736
-64
-3248
-128
5840
7952
6320
4672
4432
5600
5632
1264
-4992
-7616
-6368
-4624
-4240
-5504
-6144
-2960
2800
6736
5872
96
-4560
-1248
5008
4176
-2272
-6736
-6320
-1792
2272
240
-4880
-5984
-4064
-3632
-3024
