5936
5712
1520
-4336
-7536
-6240
-768
3968
2224
-3264
-6176
-6272
-5504
-4752
-5680
-5968
-912
4448
1520
-4496
-2720
4240
7248
6496
6416
5536
1360
-3552
-5760
-5344
-4928
-5568
-5504
-4784
-5664
-6000
-1808
4272
7264
5744
160
-4576
-1872
3840
2400
-4080
-6752
-5552
-4880
-4992
-5120
-5536
-5712
-5552
-5488
-5744
-6624
-5936
-896
4032
2496
-3216
-6960
-6288
-1504
4160
6656
6464
5904
5424
5264
5488
5648
5952
6112
6064
6752
6416
2160
-3520
-5760
-5216
-5488
-5024
0
5104
2096
-4048
-1712
4608
2432
-3584
-1136
4816
2576
-3296
-1728
4736
7312
6000
5152
5488
6080
5264
1408
-3760
-6688
-5616
-800
5040
7824
5952
1328
-3360
-6672
-6496
-560
5376
2240
-4528
-2176
4816
3344
-3984
-6880
-6080
-6400
-5360
-176
4144
2240
-2960
-5840
-6256
-6416
-5088
-720
4640
7776
6752
1904
-3392
-5920
-6080
-5360
-4816
-5728
-5920
-1680
4192
6512
6128
5920
6192
6928
6016
672
-4512
-2432
4160
7312
6528
6000
6400
6160
5776
6368
5600
528
-4096
-960
4768
2432
-3968
-2768
4432
8160
5840
208
-3744
-752
4624
2224
-3840
-1904
4032
2608
-4224
-7648
-5600
-832
4048
7136
6240
416
-5008
-2896
4320
8048
5904
1168
-3536
-6464
-5664
-688
5200
7104
5808
6192
6304
1312
-3872
-1968
4064
7536
6080
608
-3888
-2048
3536
6384
6192
6368
5536
304
-4608
-1536
4640
3280
-3504
-7232
-5552
192
5136
2928
-3888
-7776
-6304
-352
4976
2128
-4400
-2992
4480
8288
6640
1616
-4320
-6544
-5232
-5248
-5424
-1168
4880
6784
5728
6032
5872
1600
-4352
-7568
-6208
-608
4224
2480
-3184
-6288
-6480
-5600
-4704
-5696
-6080
-944
4576
1632
-4512
-2768
4256
7280
6560
6544
5616
1344
-3600
-5776
-5360
-4912
-5552
-5568
-4880
-5712
-6096
-1984
4208
7392
5856
96
-4752
-1968
3872
2496
-4048
-6752
-5472
-4832
-5088
-5264
-5632
-5808
-5696
-5584
-5808
-6720
-5984
-896
4032
2448
-3264
-7024
-6416
-1616
4160
6736
6544
5968
5488
5360
5552
5600
5904
6144
6128
6832
6496
2240
-3488
-5808
-5376
-5712
-5152
48
5200
2048
-4256
-1888
4672
2544
-3664
-1280
4720
2416
-3520
-1920
4608
7232
5984
5184
5600
6192
5296
1392
-3808
-6816
-5744
-832
5152
8000
6000
1216
-3472
-6736
-6544
-624
5392
2288
-4560
-2256
4832
3440
-3968
-6976
-6096
-6256
-5184
-96
4128
2176
-3008
-5840
-6336
-6544
-5088
-640
4608
7696
6816
1984
-3424
-5952
-6096
-5392
-4752
-5648
-6048
-1920
4112
6576
6256
6064
6320
6992
5984
576
-4608
-2400
4336
7456
6480
5904
6384
6064
5568
6320
5792
768
-3888
-864
4640
2080
-4288
-2800
4720
8432
5872
144
-3760
-704
4688
2240
-3904
-1984
4000
2544
-4384
-7808
-5696
-816
4192
7312
6224
272
-5136
-2960
4336
8176
6064
1216
-3632
-6608
-5712
-624
5264
7152
5888
6288
6448
1424
-3920
-2112
4048
7664
6208
672
-3888
-2032
3616
6448
6192
6336
5552
304
-4736
-1680
4624
3392
-3456
-7296
-5648
160
5232
3056
-3888
-7888
-6352
-240
5152
2208
-4432
-3056
4432
8352
6816
1744
-4288
-6608
-5392
-5392
-5376
-944
5184
7168
6048
-3424
272
3744
5808
6736
6576
4320
1984
3296
5456
2944
-848
720
4400
3568
-80
-1536
240
3728
6384
5792
2304
-1680
-5088
-7600
-6848
-1216
4512
4096
-672
-3584
-2352
1568
4688
3504
-128
-1008
960
1808
1664
3728
6224
4880
1920
2512
5568
7056
6080
3024
-960
-3248
-2320
1104
4912
6576
6176
6288
6544
4368
1888
3152
5360
3440
-336
-1072
928
2672
2048
-1632
-5056
-3888
496
3168
2160
-1280
-4992
-7136
-6960
-4912
-2512
-1712
-2224
-1952
-1648
-3824
-6576
-5664
-1968
352
608
512
-640
-4064
-6720
-5104
-2176
-2848
-5792
-7184
-6192
-2896
1024
2288
1888
3504
5440
3760
-528
-4064
-6096
-7520
-6624
-1280
4288
4000
160
-1104
-16
176
-368
-80
416
-320
-1120
656
4528
7584
6736
624
-5120
-2496
4016
3616
-688
880
4896
2384
-4304
-7728
-7072
-4800
-2672
-2208
-1872
1344
4688
3392
-288
-1200
864
2816
2288
-912
-4944
-7728
-7040
-1504
5024
6400
2736
-1792
-5136
-6576
-6496
-6448
-5968
-3568
320
4720
6448
1696
-5312
-6480
-2480
1040
1536
-1888
-5344
-1728
4704
2640
-4944
-6464
-2368
-48
784
3088
5776
7424
6448
1184
-4464
-4688
-224
4336
6512
5888
2544
-2608
-5552
-2064
4016
4608
-112
-4240
-6240
-7088
-6048
-2880
272
1264
-704
-4240
-6032
-4176
192
4928
6432
1648
-4640
-4400
464
2336
1664
3584
6384
5360
1776
-640
-1536
-1552
-1664
-3744
-6416
-6096
-2688
1952
5632
5392
1888
-720
-880
352
1040
-1408
-5456
-6256
-2704
2064
4912
3936
-64
-3984
-6288
-7056
-6128
-3488
240
3776
5936
6928
6736
4352
1840
3168
5520
3136
-672
800
4432
3632
16
-1504
208
3728
6496
5920
2368
-1696
-5104
-7648
-6960
-1312
4528
4160
-672
-3680
-2480
1520
4720
3520
-112
-928
1040
1808
1616
3712
6336
5024
1952
2464
5600
7184
6128
3008
-912
-3184
-2336
1072
4944
6624
6192
6336
6624
4432
1968
3264
5456
3472
-352
-1072
992
2752
2080
-1632
-5056
-3856
576
3328
2368
-1104
-4976
-7216
-7040
-5008
-2592
-1776
-2192
-1824
-1536
-3840
-6656
-5712
-1888
448
576
448
-544
-3968
-6800
-5168
-2048
-2704
-5856
-7360
-6320
-3008
912
2256
1968
3584
5472
3792
-512
-4064
-6128
-7568
-6656
-1280
4320
3888
16
-1088
96
176
-448
-80
480
-352
-1200
656
4608
7696
6864
720
-5136
-2560
4016
3680
-656
896
5008
2480
-4320
-7824
-7200
-4896
-2672
-2256
-2048
1200
4688
3472
-192
-1104
896
2800
2288
-944
-4976
-7776
-7152
-1536
5136
6512
2672
-1920
-5216
-6672
-6624
-6560
-6048
-3744
96
4672
6592
1760
-5424
-6528
-2352
1088
1312
-2192
-5504
-1728
4752
2688
-4976
-6496
-2352
16
912
3232
5856
7504
6528
1168
-4560
-4720
-96
4528
6656
5984
2592
-2640
-5600
-2048
4064
4576
-224
-4384
-6336
-7200
-6112
-2912
224
1216
-672
-4176
-6000
-4176
160
4912
6464
1664
-4672
-4416
544
2448
1696
3536
6448
5504
1840
-656
-1600
-1664
-1744
-3808
-6512
-6192
-2736
1952
5712
5456
1872
-816
-944
368
1136
-1280
-5424
-6320
-2800
2016
4896
3792
-304
-4192
-6352
-7072
-6112
-5952
-4336
304
5584
8256
7072
2016
-2480
-576
4624
6032
4496
4272
5216
5888
4592
-128
-3520
288
5904
4192
-2336
-5952
-6704
-7728
-6880
-1616
4448
6128
3936
2320
3152
4592
5424
5824
4528
736
-3136
-4912
-3696
1344
5840
3184
-2256
-880
5216
7824
6592
5056
3680
2816
3312
4640
5968
6624
6704
7408
6896
2240
-2400
-624
4688
6800
4592
448
-2992
-3984
-3920
-4896
-5984
-5632
-4144
-3104
-3584
-4944
-6336
-7744
-7440
-3424
1776
3712
3088
3408
3104
-1600
-6384
-3584
2304
1200
-3328
-1392
2704
-656
-6224
-3824
1760
256
-5776
-8256
-6992
-5152
-3872
-3728
-3200
384
5088
6704
4144
-1024
-6256
-8832
-7104
-1568
4304
6784
4864
-288
-4032
-1248
3360
1312
-3600
-2416
2720
5328
6192
7680
6656
464
-5088
-2768
3808
6064
4624
5040
5552
1488
-5056
-8768
-7728
-3104
1728
3744
3808
4384
5408
5856
4496
608
-3136
-3968
-3696
-4688
-6464
-8144
-7232
-1120
5264
4160
-2160
-6096
-6720
-6992
-7296
-7008
-6592
-6336
-4304
1376
5664
1472
-5520
-4112
2128
2256
-2992
-6800
-6304
-848
4624
1680
-5312
-4112
1936
1216
-2864
-640
5568
8672
6784
1216
-4800
-7376
-4864
1472
6320
4240
-2432
-6960
-6464
-1728
4224
6832
4368
-1200
-6384
-8032
-6752
-6000
-4704
-256
2880
-160
-5568
-7472
-4608
1456
5536
2304
-4480
-6640
-4560
-3872
-3456
1296
6048
3200
-2752
-2480
2288
4960
3552
-1648
-6368
-4432
2016
6560
6752
2160
-3056
-1648
3120
2192
-3184
-6688
-6848
-3408
2288
5616
5792
5680
4240
-736
-6208
-7840
-6768
-6064
-4368
400
5760
8448
7264
2112
-2432
-496
4784
6176
4560
4320
5296
5968
4640
-128
-3536
336
6064
4368
-2256
-5984
-6816
-7904
-7008
-1616
4528
6144
3936
2336
3136
4608
5488
5904
4656
880
-3088
-4976
-3760
1376
5984
3328
-2208
-800
5392
7984
6688
5056
3632
2720
3232
4688
6144
6768
6800
7536
7040
2256
-2432
-576
4800
6912
4752
576
-2960
-4032
-4000
-4976
-6048
-5680
-4176
-3056
-3536
-4944
-6400
-7856
-7536
-3440
1792
3744
3184
3584
3248
-1616
-6528
-3664
2480
1376
-3408
-1488
2848
-496
-6192
-3760
1904
352
-5808
-8384
-7104
-5232
-3936
-3808
-3216
464
5264
6864
4208
-1040
-6368
-8944
-7136
-1536
4336
6832
4928
-272
-4080
-1312
3408
1376
-3648
-2464
2848
5520
6256
7664
6608
464
-5008
-2720
3792
6064
4736
5216
5664
1504
-5072
-8832
-7824
-3104
1872
3936
4048
4480
5280
5808
4784
928
-3168
-4272
-4064
-4944
-6512
-8064
-7120
-1008
5280
4000
-2448
-6336
-6736
-6944
-7312
-7008
-6544
-6368
-4400
1344
5680
1456
-5584
-4064
2288
2352
-3072
-6976
-6432
-864
4672
1680
-5376
-4144
1968
1232
-2880
-608
5712
8832
6848
1200
-4912
-7440
-4736
1728
6560
4464
-2288
-7040
-6688
-1792
4384
6944
4208
-1440
-6576
-8224
-6944
-6080
-4704
-304
2864
-176
-5648
-7536
-4528
1648
5712
2336
-4608
-6752
-4448
-3632
-3328
1328
6192
3408
-2656
-2496
2208
4816
3440
-1696
-6464
-4624
1920
6640
6880
2208
-3088
-1696
3104
2240
-3024
-6624
-6992
-3616
2160
5648
5968
5728
4048
-1008
-6432
-8096
-6976
-5600
-4272
112
5168
7632
6256
1296
-2688
-624
4208
5616
4576
4352
4816
5424
4448
-112
-3504
128
5296
3360
-2864
-5952
-6320
-7040
-6032
-1168
4112
5584
3904
2768
3552
4576
4976
5376
4400
720
-3360
-5184
-3760
1200
5184
2400
-2544
-896
4880
7088
5872
4640
3728
3168
3632
4624
5536
5952
6112
6832
6128
1504
-2656
-736
4288
6352
4480
432
-3200
-4352
-4288
-4928
-5536
-5168
-4176
-3520
-3968
-4992
-5984
-7120
-6672
-2704
2176
3904
3344
3664
3152
-1504
-5776
-2784
2640
1040
-3440
-1328
2720
-528
-5616
-3072
2048
288
-5456
-7616
-6320
-4784
-3968
-4048
-3328
240
4640
6240
4000
-816
-5824
-8176
-6288
-1104
4032
6288
4704
-320
-4096
-1200
3440
1200
-3728
-2304
3008
5408
5824
6944
5728
-16
-4624
-2160
3584
5568
4704
5136
4960
864
-4896
-8032
-6912
-2448
2112
3968
4080
4384
4960
5408
4384
608
-3312
-4304
-4032
-4768
-6128
-7456
-6336
-608
4848
3232
-2752
-6064
-6256
-6368
-6672
-6416
-6048
-5952
-4160
1136
4912
896
-5104
-3168
2560
2016
-3440
-6832
-5632
-272
4176
992
-4992
-3216
2288
1040
-2992
-768
5184
7952
5888
704
-4544
-6816
-4608
1216
5616
3392
-3008
-6880
-5776
-1184
4000
6256
4144
-992
-5936
-7360
-6096
-5648
-4624
-304
2864
32
-5136
-7040
-4416
1200
4832
1744
-4256
-6128
-4576
-4224
-3552
1184
5424
2400
-3088
-2304
2608
5152
3552
-1568
-5808
-3616
2576
6496
6032
1280
-3376
-1456
3280
2016
-3552
-6768
-6304
-2528
2816
5520
5296
5184
4048
-576
-5744
-7200
-6144
-5664
-4240
240
5328
7792
6400
1376
-2704
-608
4336
5744
4624
4384
4880
5472
4496
-64
-3456
192
5440
3504
-2800
-5984
-6416
-7184
-6144
-1152
4192
5600
3856
2720
3536
4576
4992
5408
4528
896
-3312
-5264
-3808
1248
5328
2528
-2512
-832
5040
7280
5968
4640
3648
3072
3568
4688
5680
6064
6192
6928
6208
1504
-2672
-672
4400
6480
4624
560
-3168
-4384
-4336
-4960
-5600
-5232
-4192
-3488
-3936
-4992
-6016
-7184
-6720
-2704
2240
3952
3408
3792
3264
-1488
-5856
-2800
2800
1168
-3536
-1440
2816
-368
-5552
-2992
2176
368
-5456
-7680
-6384
-4848
-4048
-4128
-3360
320
4816
6384
4064
-864
-5936
-8256
-6272
-1040
4064
6288
4720
-288
-4128
-1264
3472
1248
-3792
-2352
3136
5568
5856
6848
5648
0
-4512
-2080
3568
5536
4768
5280
5024
832
-4928
-8080
-6944
-2384
2256
4144
4272
4464
4816
5328
4640
896
-3344
-4608
-4400
-4976
-6128
-7312
-6208
-528
4832
3072
-3024
-6256
-6240
-6272
-6672
-6400
-5952
-5920
-4208
1088
4912
848
-5184
-3168
2656
2080
-3504
-6976
-5760
-288
4224
976
-5040
-3200
2336
1072
-3008
-752
5312
8112
5968
688
-4656
-6912
-4528
1440
5872
3584
-2928
-6976
-5984
-1248
4144
6352
3984
-1232
-6096
-7552
-6320
-5744
-4640
-336
2864
16
-5216
-7088
-4352
1344
4960
1792
-4336
-6192
-4480
-4048
-3472
1216
5552
2560
-3024
-2336
2512
5008
3440
-1616
-5920
-3776
2496
6560
6160
1328
-3424
-1520
3264
2080
-3392
-6720
-6448
-2752
2688
5552
5440
5216
3872
-800
-5952
-7408
-6320
