-2688
-928
1408
3488
4688
4384
1904
-480
656
3376
3072
1168
1840
3712
3376
1440
-240
-640
1168
3648
3376
432
-2096
-3440
-4592
-4272
-752
3232
3664
1536
192
528
2112
3744
3456
1392
-80
-368
-720
-624
1568
3792
2496
-96
624
3536
4992
4560
3200
1440
224
320
1744
3568
4272
4048
4288
4288
2224
-80
896
3680
3824
1552
-80
-448
-304
-480
-1936
-3520
-2944
-832
448
32
-1472
-3200
-4240
-3920
-2016
400
1408
1056
1136
1008
-1216
-3424
-2304
320
640
-464
-48
704
-1056
-3280
-2016
512
-352
-3280
-4496
-3824
-2288
-640
-384
-672
1024
3536
3664
1408
-1104
-3024
-4368
-3936
-416
3472
3680
1232
-256
-224
320
784
496
-192
-288
512
2016
3840
5296
4688
592
-3440
-1760
3056
3600
1184
2016
4080
1904
-2672
-4864
-4160
-1968
192
768
624
2000
3856
3568
1488
-192
-528
-96
-224
-1456
-3088
-4528
-4320
-848
3280
3536
576
-2048
-3360
-3824
-3776
-3904
-3824
-2848
-912
2096
3968
1280
-3008
-2928
240
1568
240
-2448
-3904
-784
3488
1984
-2736
-2992
-16
464
-368
944
3456
5024
4512
1216
-2704
-3584
-1200
1952
3696
2944
224
-2784
-3728
-944
3072
3888
1504
-1104
-2928
-3984
-3792
-2576
-976
688
1168
-752
-3328
-3632
-1232
2256
4048
1568
-2752
-3456
-1136
-416
-736
1312
3792
2880
320
-320
528
1312
1120
-1040
-3392
-2880
-128
2608
3856
2496
128
-368
480
736
-128
-1984
-3408
-2608
-128
2336
3728
3344
1408
-1104
-3296
-4352
-4080
-2992
-1184
1248
3424
4688
4384
1968
-256
944
3648
3296
1168
1568
3504
3440
1440
-480
-832
1184
3616
3280
480
-1872
-3184
-4384
-4080
-544
3456
3776
1456
16
592
2496
3936
3248
1232
-80
-416
-688
-448
1568
3616
2496
96
688
3440
4928
4480
3056
1472
480
528
1792
3600
4416
4176
4320
4256
2112
-384
448
3280
3632
1552
-112
-720
-560
-400
-1728
-3440
-2896
-752
400
-128
-1552
-3152
-4272
-4032
-2064
272
1072
768
1264
1472
-768
-3248
-2320
400
864
-160
352
1056
-1056
-3616
-2400
368
-144
-2944
-4416
-4080
-2624
-896
-528
-672
1136
3632
3664
1392
-1088
-3088
-4560
-4112
-608
3328
3808
1472
-368
-592
112
640
352
-160
-96
640
1968
3696
5120
4528
560
-3248
-1504
3184
3632
1152
1904
4016
1984
-2576
-4864
-4112
-1776
576
1152
912
2176
3728
3216
1472
192
-304
-112
-128
-1360
-3136
-4448
-3984
-480
3408
3360
288
-2128
-3360
-3824
-3616
-3600
-3792
-3184
-1280
2016
4048
1200
-3088
-2720
336
1264
64
-2192
-3568
-608
3488
1824
-2752
-2704
256
464
-656
544
3184
4928
4352
976
-2816
-3584
-1200
2016
3792
3104
464
-2816
-4064
-1056
3408
4304
1680
-1264
-3328
-4224
-3744
-2560
-1040
736
1216
-800
-3312
-3600
-1392
2032
3936
1424
-2912
-3504
-1056
-272
-544
1392
3664
2704
144
-496
560
1536
1200
-1088
-3408
-2928
-192
2688
4016
2592
96
-416
544
880
64
-1792
-3376
-2528
144
2512
3744
3472
1568
-1040
-3216
-4160
-3776
-1792
-3456
-2688
-192
1264
800
-1136
-3088
-2848
-400
2112
3040
1936
640
1904
3536
1216
-2720
-2640
-128
-464
-2720
-2800
-1184
-528
-800
-800
-64
1504
3088
3792
3328
1664
432
1744
3392
1568
-2288
-4384
-4016
-1984
80
-560
-2832
-2608
-224
768
528
1216
2576
3456
3296
2048
624
112
416
1008
896
-976
-2912
-2432
-96
2304
3232
1200
-2480
-4528
-3952
-2128
-896
-1456
-2960
-3808
-3664
-2544
-1184
-880
-944
368
2480
3568
3376
3360
3440
1872
-64
1104
3136
800
-2992
-1520
2576
2320
-368
304
2672
2112
-272
-1072
-720
-1456
-3040
-3952
-3760
-2560
-336
2144
3280
2160
-32
-1168
-960
-672
-144
1904
3424
928
-2656
-1040
2928
1456
-2816
-1936
2208
3024
1056
336
800
416
-576
-864
96
1808
3024
2672
1280
224
-384
-1168
-1248
384
2624
3792
3408
1760
576
1600
2864
1152
-2384
-4240
-3680
-2032
-688
-480
-864
-352
416
-672
-2592
-2464
-976
-480
-720
-576
-608
-1760
-3120
-2448
-240
272
-560
880
2928
1056
-2608
-3104
-1376
-288
304
112
-480
1104
3152
1120
-2752
-2848
-192
1072
752
496
-224
-2224
-3632
-2144
144
-480
-2720
-2800
-1184
-400
48
1744
3264
2272
-176
-1008
-736
-2240
-3680
-1216
2640
2960
224
-2464
-3552
-2448
-176
864
-176
-1968
-3248
-3984
-3808
-1776
320
-848
-3120
-1552
2432
4336
3584
1456
-432
192
2336
2800
1008
-1744
-3184
-768
2512
1040
-2992
-3760
-1504
1104
2848
2272
656
1392
3264
2448
-192
-1072
-640
-1648
-3232
-2592
-352
1136
960
-864
-2896
-2736
-336
2320
3392
2064
416
1648
3488
1168
-2800
-2512
176
-304
-2656
-2496
-704
-304
-832
-832
0
1664
3264
3760
3216
1744
560
1728
3280
1440
-2352
-4352
-3936
-1792
224
-768
-3216
-2816
-368
528
368
1280
2768
3584
3312
1984
560
144
544
1072
944
-752
-2928
-3008
-544
2544
3584
1232
-2480
-4448
-3984
-2272
-848
-1264
-3008
-4096
-3792
-2416
-1024
-832
-944
464
2672
3616
3312
3280
3296
1504
-592
784
3216
944
-2960
-1408
2800
2560
-176
384
2784
2336
0
-672
-416
-1392
-3008
-3920
-3824
-2592
-448
1936
3248
2288
48
-1088
-960
-768
16
2272
3408
192
-3568
-1552
2688
1200
-2992
-1888
2384
3152
1056
208
496
192
-608
-960
-64
1952
3360
2592
736
-288
-416
-752
-832
560
2688
3936
3632
1824
352
1552
3216
1376
-2496
-4336
-3728
-2336
-1088
-752
-912
-320
208
-1072
-2800
-2464
-912
-480
-848
-496
-368
-1872
-3408
-2368
16
224
-832
608
2720
912
-2592
-2816
-752
288
368
-160
-736
848
2912
1088
-2704
-2944
-320
1024
848
720
-16
-2192
-3728
-2288
32
-544
-2912
-3056
-1248
-272
128
1712
3184
2160
-240
-1008
-832
-2352
-3632
-1168
2624
3024
288
-2432
-3440
-2384
-160
1008
0
-2016
-3376
-3920
-3520
-1376
576
-880
-3280
-1840
2048
4192
3760
1616
-304
368
2448
2992
1424
-1488
-3344
-912
2784
1600
-2400
-3328
-1136
1472
3072
2256
448
1120
3024
2304
-144
-1072
-1008
-1632
-3312
-2288
176
1328
592
-1472
-3264
-2720
-80
2704
3808
2320
672
2192
3904
1008
-3136
-2640
-64
-912
-3296
-2720
-384
416
-48
-352
128
1664
3552
4624
4112
1936
416
1952
3648
1376
-2720
-4576
-3888
-1712
96
-976
-3232
-2544
-112
464
288
1648
3472
4416
4160
2432
480
-112
304
784
384
-1568
-3408
-2864
-176
2976
4032
1168
-3104
-4944
-3872
-1504
-16
-1104
-3280
-4192
-3632
-1920
-96
144
-96
1360
3504
4240
3920
4016
3968
2064
96
1568
3536
672
-3120
-1024
3248
2832
304
1200
3584
2896
496
-176
48
-1216
-3328
-4352
-3776
-2208
-48
2400
3744
2640
496
-336
-176
-352
176
2560
3744
336
-3344
-896
3312
1168
-3024
-1152
3184
3056
480
-304
96
272
160
-304
-64
1904
3568
2544
432
-144
160
-176
-80
1520
3456
4464
4032
2000
544
2112
3840
1520
-2800
-4736
-3952
-2080
-240
336
-128
16
128
-1536
-3280
-2432
-208
656
272
192
-160
-2048
-3664
-2400
96
512
208
2176
3696
816
-3104
-2848
-304
656
336
-192
-80
2096
3776
1008
-3056
-2912
-64
1008
416
416
224
-1840
-3680
-2288
-16
-896
-3072
-2592
-624
48
384
2048
3472
2480
496
288
320
-2192
-3904
-752
3504
3600
672
-2288
-3808
-2800
-304
1008
272
-1536
-3328
-4336
-3872
-1600
160
-1472
-3488
-1184
3168
5024
4208
1968
352
1520
3488
3152
816
-2304
-3616
-256
3520
1520
-2848
-3168
-368
2384
3648
2400
560
1536
3488
2656
368
-176
-16
-1696
-3536
-2720
-336
1008
496
-1568
-3408
-2960
-448
2528
3920
2208
208
1792
3680
816
-3264
-2688
-224
-1072
-3184
-2448
-336
272
-192
-480
96
1840
3728
4544
3856
1728
352
2064
3840
1504
-2736
-4688
-3952
-1680
32
-1232
-3456
-2608
-64
608
400
1696
3680
4624
4016
2240
672
224
480
944
576
-1552
-3408
-2800
-224
2736
3744
1056
-2960
-4688
-3776
-1648
-240
-1168
-3264
-4304
-3728
-1936
-224
-32
-208
1232
3312
4064
3760
3936
3968
2096
240
1776
3696
768
-3104
-1008
3344
2816
144
1184
3616
2816
464
-144
-96
-1440
-3296
-4112
-3776
-2512
-224
2480
3808
2592
384
-384
32
0
256
2512
3888
608
-3088
-688
3200
864
-3088
-1024
3232
3152
672
-96
336
384
-32
-544
-112
1920
3632
2768
672
-112
48
-304
-176
1504
3600
4688
4176
2016
544
2160
3856
1360
-2944
-4576
-3664
-1904
-192
208
-240
224
448
-1408
-3360
-2512
-224
496
32
240
176
-1632
-3424
-2432
-32
384
16
2032
3744
976
-2928
-2832
-560
432
496
80
-80
1840
3584
960
-3088
-2992
-208
896
448
416
16
-2128
-3744
-2048
208
-1056
-3456
-2720
-496
-16
64
1968
3728
2592
208
-240
-128
-2192
-3616
-720
3200
3360
448
-2608
-3936
-2640
-96
1136
352
-1536
-3344
-4288
-3872
-1744
0
-1504
-3408
-1152
3040
4832
4096
1936
224
1392
3456
3088
704
-2352
-3664
-416
3328
1360
-2928
-3152
-400
2208
3520
2400
608
1584
3536
2592
272
-160
-144
-2624
-560
1728
3488
4512
4144
1776
-192
1248
3536
2528
512
1552
3552
2944
768
-592
-256
1760
3568
2768
96
-2080
-3472
-4624
-3952
-160
3520
3360
896
-464
144
2112
3744
2960
800
-112
-48
-496
-272
2016
3696
2080
-96
832
3408
4576
3984
2512
928
-64
64
1520
3376
4064
3840
4096
3872
1664
-32
1584
3872
3184
880
-368
-480
-32
-80
-1936
-3744
-2880
-656
368
-64
-1520
-3440
-4448
-3744
-1808
48
592
320
608
496
-1568
-3392
-2128
304
496
-448
-16
288
-1776
-3648
-2176
0
-896
-3424
-4576
-4032
-2256
-496
-432
-672
1216
3472
3184
816
-1632
-3472
-4672
-3824
-64
3456
3136
704
-448
-304
144
480
256
-336
-544
128
1648
3456
4832
4160
160
-3344
-1168
3168
2992
912
2176
3776
1232
-2928
-4640
-3792
-1712
192
560
432
1920
3488
2624
592
-352
-336
-80
-176
-1328
-3264
-4720
-3952
-304
3136
2896
112
-2368
-3712
-3952
-3728
-3872
-3760
-2784
-864
2176
3712
736
-3152
-2704
32
944
-288
-2768
-3776
-240
3504
1152
-3264
-2720
128
256
-272
1424
3728
4880
4000
448
-3248
-3536
-736
2192
3408
2608
208
-2848
-3888
-784
3248
3504
752
-1920
-3744
-4560
-3936
-2416
-640
864
752
-1472
-3664
-3552
-1040
2480
3984
1136
-2976
-3216
-896
-384
-480
1776
3856
2416
-288
-752
384
1216
688
-1472
-3376
-2640
160
2848
3680
1904
-272
-368
576
688
-256
-1984
-3200
-2304
128
2464
3664
3072
896
-1600
-3456
-4208
-3792
-2528
-544
1776
3664
4640
4176
1808
-224
1104
3536
2752
784
1760
3616
2816
528
-896
-464
1728
3600
2880
320
-1920
-3408
-4560
-3936
-192
3552
3456
976
-416
160
2016
3520
2864
832
-320
-480
-800
-400
2048
3984
2448
64
768
3344
4688
4224
2608
816
-48
272
1600
3248
4064
4112
4304
3888
1776
96
1376
3440
2848
704
-448
-448
16
-224
-2032
-3536
-2496
-400
448
-160
-1616
-3296
-4256
-3728
-1744
320
896
592
896
576
-1760
-3680
-2448
-48
352
-272
416
752
-1456
-3376
-1760
416
-784
-3488
-4528
-3904
-2240
-528
-432
-592
1344
3616
3248
752
-1808
-3664
-4736
-3920
-368
3264
3376
944
-624
-496
192
480
160
-336
-416
240
1712
3504
4912
4192
80
-3328
-1008
3280
2864
480
1744
3632
1152
-3104
-4736
-3808
-1776
144
512
368
1920
3632
2880
928
-48
-32
176
-256
-1568
-3232
-4560
-3968
-304
3280
2880
0
-2160
-3248
-3744
-3888
-4016
-3776
-2800
-784
2368
3728
480
-3312
-2688
-16
848
-256
-2688
-3776
-320
3392
1216
-2992
-2528
32
176
-208
1248
3440
5008
4224
160
-3616
-3456
-608
2256
3680
2864
176
-2816
-3584
-544
3360
3664
848
-1856
-3456
-4176
-3664
-2112
-384
896
640
-1568
-3680
-3472
-928
2496
3856
784
-3312
-3136
-624
-352
-528
1872
3920
2400
-80
-496
208
784
512
-1456
-3312
-2576
160
2912
3952
2192
-240
-544
368
592
-240
-1952
-3216
-2480
-80
2464
3760
2944
688
-1600
-3344
-4256
-4016
