960
3568
3248
1008
-96
432
2000
3680
3840
1696
-1744
-3888
-2336
272
-1008
-3744
-1584
3072
3440
1152
1744
3664
2688
-48
-1520
-1168
176
832
-704
-3328
-4864
-4320
-1728
304
-1296
-3680
-1824
2576
4880
4384
2320
416
1200
3504
3392
1376
720
688
-960
-3424
-4800
-4272
-2032
256
1120
912
432
480
1936
3696
3696
1488
-1936
-3920
-1792
2576
5120
4640
1968
-544
128
3200
4960
4304
2192
-128
-896
-576
-1488
-3392
-4240
-4032
-4112
-4016
-2336
-656
-2080
-3952
-944
3456
1920
-2864
-3456
-1104
-1456
-3536
-3088
-944
-432
-800
672
3344
4704
4288
3088
1152
-1712
-3760
-3008
-800
-16
-416
128
624
-1520
-3824
-1088
3280
1424
-3200
-1440
3312
1856
-2992
-3328
-208
1328
880
-32
-592
80
704
-1120
-3520
-2688
16
640
-432
-624
-512
-1728
-3408
-4432
-4256
-2000
176
-1344
-3904
-1936
2832
5136
4272
2080
-160
-1072
-528
-96
352
2192
3936
2784
-16
-1008
-480
-720
-800
1248
3648
3280
1008
-16
-336
-2464
-4144
-1296
3040
2896
0
-608
512
752
-160
-2288
-3824
-1344
3024
3632
1136
176
592
-160
-800
1104
3504
2944
1072
1872
3712
2416
-256
-256
768
-928
-3584
-3216
-944
-576
-976
1296
3664
1440
-2928
-4064
-1616
1696
3696
3152
1040
-624
-704
1088
3568
4816
4208
2096
528
2064
4000
1632
-2992
-5088
-4368
-2352
-848
-1904
-3712
-2944
-96
3056
4240
704
-3584
-1728
3152
3616
288
-2896
-4144
-2224
432
-576
-3472
-3232
-1024
-656
-880
1168
3600
3168
976
-208
304
2064
3696
3456
1232
-1872
-3664
-1984
480
-1136
-3968
-1632
3120
3472
1056
1552
3488
2544
-224
-1520
-928
384
880
-720
-3264
-4800
-4448
-1824
496
-1216
-3904
-1792
2960
4992
4112
2144
560
1344
3424
3200
1152
624
928
-704
-3424
-4784
-4160
-2064
192
1120
768
160
304
1888
3632
3664
1680
-1520
-3584
-1616
2752
5152
4288
1680
-320
464
3040
4624
4288
2320
-48
-752
-448
-1392
-3248
-4160
-4096
-4208
-4192
-2512
-640
-1952
-3856
-896
3440
1728
-3056
-3376
-992
-1568
-3584
-2944
-944
-528
-688
816
3296
4624
4416
3408
1504
-1360
-3504
-3120
-1152
-272
-464
352
912
-1600
-4048
-1072
3328
1264
-3424
-1616
3168
1840
-2800
-3008
-80
1200
752
-48
-544
256
976
-928
-3392
-2448
288
672
-544
-720
-640
-1824
-3376
-4400
-4272
-1888
432
-1120
-3776
-1872
2864
5168
4336
2096
-368
-1440
-944
-384
384
2416
3936
2576
-176
-1168
-656
-768
-800
1104
3504
3344
1152
48
-256
-2192
-3760
-944
3312
3024
-112
-768
464
784
-160
-2368
-3856
-1216
3120
3680
1360
480
784
16
-608
1072
3376
2928
1056
1744
3728
2720
80
-144
640
-896
-3232
-2928
-1072
-912
-1120
1456
3840
1312
-3184
-4144
-1632
1552
3616
3344
1296
-624
-848
1040
3520
4672
4240
2544
1072
2208
3888
1664
-2832
-5024
-4368
-2320
-832
-2016
-3888
-3072
-224
2848
4128
848
-3408
-1696
3184
3632
176
-2960
-4032
-2176
304
-656
-3408
-3248
-1184
-864
-1136
-2176
-336
1696
3328
4192
3776
2128
880
1840
3392
2272
-64
544
2816
2432
0
-1008
0
1776
3088
2816
1008
-1056
-2768
-4144
-3920
-720
2880
2912
272
-1472
-1184
720
2752
2368
96
-768
144
528
528
1824
3152
2368
880
1248
2832
3744
3360
1728
-256
-1248
-960
528
2544
3584
3424
3344
3088
1632
432
1568
3232
2240
-352
-1280
-272
1008
1088
-848
-3024
-2560
-224
1136
816
-704
-2688
-3712
-3232
-1920
-640
-176
-320
-144
-256
-1664
-3056
-2688
-1296
-304
352
784
0
-2000
-3072
-1840
-384
-1216
-3232
-4176
-3696
-2032
-32
656
640
1824
3264
2624
160
-2016
-3072
-3792
-3648
-912
2512
2528
64
-768
256
480
-464
-560
192
32
-592
352
2608
4288
3760
368
-2912
-1536
2288
2304
-256
512
2976
1536
-2464
-4256
-3504
-2064
-864
-688
-816
672
2688
2304
16
-1024
-96
1088
976
-608
-2736
-4128
-3728
-912
2432
3264
1472
-864
-2608
-3456
-3568
-3584
-3312
-2112
-112
2352
3472
1056
-2416
-2784
-880
496
480
-1424
-3216
-960
2768
1680
-2320
-2944
-992
-336
-80
1424
3104
4208
3808
688
-2848
-3056
-384
2192
3312
2976
1296
-1488
-3136
-1056
2592
3040
368
-1936
-3040
-3856
-3872
-2256
-48
960
32
-2096
-3472
-2736
-400
2480
3776
1136
-2784
-2832
-96
752
384
1648
3056
2400
896
128
-240
-320
-464
-1776
-3392
-3200
-1312
1088
2784
2608
1120
-208
-688
-128
432
-784
-2784
-3072
-1328
1264
2992
2368
112
-1840
-3024
-3712
-3616
-2400
-320
1616
2816
3536
3488
2048
688
1536
3008
1888
-272
528
2880
2496
-80
-1232
-48
1952
3200
2800
1024
-976
-2768
-4368
-4160
-672
2944
2816
336
-1280
-1152
736
2848
2320
-48
-800
144
400
320
1744
3200
2176
480
1056
2848
3840
3680
2176
-80
-1280
-752
928
2880
3664
3264
3200
3248
1856
432
1504
3392
2640
192
-752
-80
688
544
-1168
-3104
-2704
-304
1376
960
-928
-2896
-3776
-3344
-2016
-640
-288
-576
-288
-336
-1968
-3360
-2624
-1024
-192
208
576
0
-1984
-3488
-2512
-720
-1136
-2976
-4000
-3776
-2304
-240
560
384
1392
2928
2656
464
-1760
-3104
-4112
-3920
-944
2576
2512
-96
-864
416
688
-384
-624
96
-64
-640
320
2528
4304
3952
416
-3104
-1520
2608
2512
-128
656
2928
1440
-2384
-4208
-3776
-2384
-736
-304
-720
656
2880
2320
-192
-1200
-384
720
928
-528
-2960
-4576
-4000
-928
2480
3184
1232
-1280
-3232
-4016
-3680
-3408
-3312
-2336
-288
2320
3440
960
-2528
-2896
-1008
512
704
-1264
-3360
-1248
2480
1392
-2496
-2992
-1104
-352
240
1696
2784
3616
3600
848
-2688
-3072
-416
2368
3616
3152
1328
-1424
-3104
-1200
2400
2912
240
-2000
-2880
-3632
-3776
-2304
-32
1168
288
-1888
-3264
-2608
-304
2576
3744
1072
-2784
-2800
16
1088
608
1600
3104
2592
1008
144
-176
-368
-752
-2000
-3312
-3088
-1344
1104
2784
2400
928
-64
-432
-32
512
-624
-2720
-3184
-1456
1104
2896
2464
112
-2064
-3168
-3728
-3744
-2320
-96
2112
3600
4304
3952
2064
416
1664
3712
2464
96
1152
3504
2848
352
-912
-64
2064
3568
2832
512
-1648
-3216
-4496
-3936
-240
3392
3120
528
-896
-352
1680
3504
2656
256
-544
32
-16
128
2048
3632
2320
448
1216
3232
4112
3760
2304
256
-912
-496
1248
3408
4352
4032
3984
3760
1856
192
1584
3776
2880
256
-720
0
832
416
-1680
-3280
-2240
-112
832
336
-1280
-3248
-4240
-3728
-2064
-272
272
0
320
240
-1776
-3584
-2544
-368
384
288
528
-48
-2256
-3712
-2256
-256
-960
-3200
-4336
-3888
-2080
-48
240
16
1664
3552
2960
480
-1936
-3584
-4560
-3776
-192
3376
3088
464
-592
176
608
112
-208
-80
-160
-32
1280
3264
4736
4064
96
-3328
-1120
3120
2640
160
1408
3408
1200
-2880
-4560
-3760
-1904
-320
-224
-304
1568
3648
2880
496
-624
-128
592
304
-1264
-3232
-4608
-3936
-448
3104
3232
816
-1584
-3120
-3616
-3584
-3920
-3888
-2640
-368
2592
3840
848
-3040
-2960
-512
848
448
-1888
-3424
-320
3424
1408
-2816
-2848
-624
-80
144
1760
3584
4640
3936
512
-3072
-3152
-208
2592
3536
2752
576
-2384
-3520
-496
3456
3440
352
-2160
-3488
-4304
-3920
-2128
64
1296
544
-1808
-3568
-3056
-528
2656
3840
816
-3200
-3152
-512
224
144
2064
3824
2736
656
-160
-96
288
128
-1664
-3456
-2880
-416
2240
3616
2640
672
-224
-128
224
0
-1632
-3280
-2768
-448
2208
3776
2976
416
-1920
-3344
-3984
-3712
-2368
-160
2064
3488
4208
3904
1952
368
1744
3632
2128
-256
928
3376
2816
384
-816
16
2240
3904
3120
720
-1472
-3344
-4832
-4128
-400
3120
2880
368
-992
-288
1808
3552
2768
512
-256
208
112
256
2080
3664
2416
416
1040
3360
4576
4128
2336
160
-912
-272
1584
3520
4112
3792
4080
4016
2048
384
1744
3696
2768
416
-384
112
704
448
-1424
-3280
-2528
-112
1168
624
-1120
-3168
-4288
-3792
-2000
-176
256
-80
176
-32
-2000
-3552
-2448
-288
464
368
672
256
-2000
-3600
-2160
-240
-1088
-3264
-4320
-3920
-2080
32
384
192
1856
3712
2928
288
-1936
-3408
-4576
-3952
-256
3376
3056
448
-624
-32
368
160
96
320
128
0
1184
3264
4816
4048
-32
-3456
-1120
3296
2896
336
1536
3472
1120
-3008
-4544
-3664
-1936
-384
-192
-256
1568
3584
2752
368
-608
-48
672
544
-928
-3184
-4752
-3952
-304
3344
3584
1024
-1648
-3392
-3984
-3792
-3808
-3680
-2496
-192
2816
3984
816
-3104
-2976
-608
704
448
-1728
-3392
-512
3232
1344
-2944
-2912
-384
272
304
1824
3680
4768
3968
464
-3024
-3040
-240
2560
3680
2944
736
-2288
-3584
-736
3216
3360
464
-1968
-3392
-4288
-3952
-2256
-240
832
128
-2016
-3552
-2848
-192
2992
4064
880
-3152
-2832
-64
480
176
1952
3568
2448
480
-176
16
320
48
-1664
-3280
-2720
-352
2304
3664
2624
656
-256
-240
320
432
-1280
-3184
-2672
-432
1920
3488
2976
512
-1952
-3440
-4096
-3712
1696
3664
3024
864
-384
208
2256
3952
3568
1296
-1664
-3328
-1696
512
-1168
-3504
-864
3312
3072
1008
1920
3632
2624
464
-432
-144
608
656
-1008
-3088
-4048
-3520
-1232
432
-1408
-3424
-1008
3264
5008
4192
2160
640
1648
3488
2848
992
736
832
-752
-2928
-4064
-3568
-1536
528
1280
1072
560
672
2288
3952
3600
1280
-1792
-3136
-736
3216
5024
4112
1632
-64
1200
3808
4896
4160
2176
48
-480
-240
-1296
-3008
-3632
-3536
-3792
-3584
-1664
-112
-1760
-3280
16
3712
1360
-2976
-2592
-320
-1312
-3184
-2192
-304
-128
-224
1328
3424
4304
3984
3056
1232
-1488
-3264
-2416
-416
256
128
864
1024
-1440
-3280
-160
3552
1088
-2928
-640
3408
1392
-2816
-2560
192
1216
688
-32
-320
416
688
-1296
-3136
-1792
656
800
-272
-224
-96
-1392
-3200
-4240
-3776
-1328
544
-1088
-3136
-976
3184
4944
4160
2288
320
-400
0
112
512
2320
3680
2416
128
-560
-192
-336
-80
1872
3808
3280
1248
272
-160
-2080
-3232
-272
3440
2720
-64
-352
688
800
-112
-2176
-3360
-608
3232
3200
880
336
768
16
-352
1808
4080
3024
880
1792
3680
2496
160
288
976
-928
-3328
-2688
-544
-272
-288
2176
3872
1008
-3008
-3392
-720
2336
4000
3280
1168
-320
-160
1488
3344
4256
3952
2192
768
2128
3664
1248
-2816
-4416
-3536
-1568
-352
-1712
-3424
-2448
448
3392
4144
576
-3104
-992
3360
3456
384
-2336
-3200
-1376
672
-704
-3056
-2400
-640
-528
-320
1872
3856
3216
992
-304
352
2352
3808
3184
864
-1808
-3072
-1472
336
-1392
-3424
-672
3344
2912
768
1712
3504
2496
96
-864
-256
816
848
-896
-3104
-4224
-3680
-1104
784
-1168
-3392
-960
3328
4848
3888
2048
752
1776
3424
2672
960
832
736
-944
-2944
-3936
-3520
-1664
400
1184
784
112
352
2000
3584
3392
1200
-1968
-3264
-608
3280
4944
4080
1776
112
1200
3680
4880
4160
2016
64
-112
96
-1392
-3248
-3632
-3376
-3680
-3520
-1744
-464
-2128
-3424
16
3760
1408
-3120
-3008
-704
-1376
-3152
-2432
-608
-320
-208
1488
3568
4416
4096
2992
1008
-1552
-3072
-2208
-336
272
64
624
576
-1888
-3472
-32
3808
1184
-2976
-608
3504
1376
-2928
-2448
480
1312
672
112
-48
672
896
-1200
-3216
-2048
176
416
-272
-80
0
-1280
-3056
-4128
-3616
-1120
656
-1168
-3232
-976
3200
4960
4160
2144
48
-608
-112
-16
368
2224
3744
2704
544
-192
-48
-496
-384
1696
3696
2960
976
448
32
-2304
-3472
-256
3488
2864
256
-320
384
688
48
-2128
-3328
-336
3584
3472
1104
352
560
-96
-176
1952
3824
2624
848
2000
3696
2384
80
112
720
-1072
-3328
-2544
-336
-144
-288
2144
3920
1168
-2784
-3200
-752
2048
3696
3152
1024
-656
-496
1584
3920
4800
4048
2144
960
2416
3680
1040
-2960
-4400
-3584
-1728
-352
-1424
-3168
-2416
320
3248
3984
384
-3184
-864
3360
3184
224
-2224
-3200
-1584
464
-896
-3360
-2640
-448
-160
-240
