6624
4720
-816
-5152
-5616
-1328
4880
5664
-80
-5296
-6592
-5600
-3888
-4464
-6784
-3584
4320
5248
-1344
-2640
3584
6992
4976
3792
4432
2784
-1392
-4784
-6016
-6336
-6464
-5392
-3680
-4512
-6608
-4016
2976
8048
8320
3856
-2304
-2224
4128
5536
-544
-4672
-4160
-4096
-5456
-6288
-6368
-5552
-4208
-3408
-3296
-4240
-4992
-1424
4800
5568
-224
-5904
-7344
-3600
3232
7472
7200
5568
4416
4336
5584
6656
6688
5760
4256
4016
4720
2192
-3536
-7008
-6624
-6512
-7280
-3920
2464
2224
-4464
-4256
3920
4784
-3392
-5056
1792
2736
-3984
-5360
832
4880
4432
4288
5552
6976
7408
4752
-592
-5392
-7104
-4448
1136
5296
5392
2480
-1424
-5424
-7520
-3408
4528
4592
-3552
-4496
3664
5312
-2368
-6896
-4992
-3856
-4608
-2128
2816
3632
-928
-5152
-6128
-6016
-5232
-2224
1936
4992
5376
1904
-3760
-7184
-7088
-5312
-3648
-4480
-6720
-4304
2976
7760
7600
5856
4240
3840
4464
2112
-2592
-2144
3920
7152
5184
3328
3632
3776
3472
4912
7040
4528
-1952
-2896
2544
2528
-4128
-4752
2592
7504
6368
1968
-2992
-2784
2656
2448
-4432
-4448
3552
5920
-32
-5024
-5120
-2352
1600
5648
7520
4144
-2000
-2544
3472
7568
6048
2384
-1408
-5168
-7024
-4496
1296
4720
4016
4752
7248
3936
-3888
-5728
96
6128
7872
4368
-1744
-3456
1024
5392
6368
7120
7920
4176
-2368
-2000
4752
5376
-2096
-8000
-8256
-3696
2576
3008
-3056
-7360
-6304
-912
5328
4192
-3664
-5104
2336
7728
6640
1824
-4064
-6544
-4656
-4224
-6304
-4720
1168
4720
4304
4992
6944
4944
-768
-5168
-5600
-1312
4880
5664
-224
-5536
-6656
-5600
-4112
-4736
-6896
-3664
4256
5232
-1552
-3024
3392
7088
5088
3856
4544
2816
-1520
-4976
-6160
-6432
-6624
-5632
-3856
-4640
-6784
-4112
3072
8224
8512
4064
-2144
-2112
4400
5952
-176
-4480
-4080
-4160
-5728
-6720
-6752
-5712
-4240
-3536
-3472
-4320
-4992
-1376
4976
5920
176
-5872
-7792
-4080
3232
7984
7760
5728
4240
4256
5760
6992
7008
6016
4560
4336
4912
2240
-3680
-7248
-6800
-6672
-7552
-4016
2640
2272
-4832
-4608
4032
5056
-3504
-5408
1584
2592
-4256
-5664
560
4624
4176
4160
5712
7392
7952
5264
-352
-5504
-7376
-4720
912
5136
5248
2464
-1312
-5408
-7600
-3312
4784
4704
-3728
-4688
3712
5440
-2448
-7072
-4928
-3504
-4208
-2016
2576
3360
-992
-5200
-6304
-6096
-5136
-2128
2032
5104
5408
1904
-3680
-7136
-7136
-5472
-4016
-4800
-6688
-4160
3024
7744
7536
5888
4544
4336
4848
2144
-2960
-2608
3664
7184
5456
3664
3856
3968
3792
5280
7216
4416
-2112
-2800
2768
2528
-4352
-4880
2720
7680
6288
1728
-2992
-2560
2672
2208
-4656
-4416
3856
6224
0
-5040
-4912
-2192
1392
5456
7712
4432
-1952
-2496
3696
7648
5808
2160
-1408
-5184
-7232
-4736
1168
4720
4096
4880
7408
4000
-4064
-5968
-16
6096
7968
4624
-1552
-3520
816
5312
6544
7408
8112
4272
-2256
-1920
4752
5280
-2304
-8352
-8672
-4112
2048
2304
-3728
-7696
-6192
-400
6096
4656
-3904
-5440
2560
8000
6304
1136
-4560
-6672
-4480
-4064
-6416
-4928
1024
4528
3984
4800
3808
6592
5168
3408
3408
4320
5312
6208
5904
1680
-4544
-4368
2112
2928
-3648
-4912
2112
6576
4960
4384
6080
4272
-1200
-5296
-5648
-1904
3136
3040
-2592
-7232
-7504
-3184
2864
2576
-3936
-4960
2000
7120
6960
5504
4400
4160
5392
5968
4624
4064
4544
2176
-3088
-7056
-7344
-3968
1344
4624
4496
3488
3392
4176
5344
6368
5808
1200
-4912
-4768
2096
7808
8080
3536
-2400
-3072
2544
7504
7696
3936
-1488
-4528
-4032
-3744
-5120
-6048
-5920
-5824
-5984
-5392
-3952
-4432
-6432
-3552
3760
4832
-2208
-6800
-5216
-3840
-5152
-5600
-4304
-4000
-4544
-2064
3440
6848
6608
6096
5568
1968
-3776
-6432
-4832
-3728
-4416
-1904
3168
2160
-4464
-4288
3616
4592
-3328
-4560
3248
4656
-2720
-5168
480
5248
5344
1824
-2816
-2368
2912
2624
-4000
-4784
1600
3472
-1408
-4592
-4000
-3936
-5104
-6496
-7184
-3632
2656
2512
-3888
-4864
1936
7504
7552
3920
-1296
-5248
-5456
-2400
1872
5520
6848
4224
-1264
-4720
-4432
-4240
-4736
-1856
3728
6992
5936
2256
-1824
-5408
-7136
-3440
3888
4832
-1456
-3088
1920
3312
-1072
-5376
-6816
-3904
2656
6608
5296
4112
4800
2128
-3072
-2864
3200
6656
5040
4528
6288
3808
-2400
-2880
2624
3344
-2816
-6672
-5088
-4160
-5040
-1808
4464
4720
-2032
-7200
-6320
-1568
3872
7040
6256
1744
-3152
-2752
2960
7040
6928
5536
4320
4704
6320
4112
-2496
-6880
-6800
-5328
-4128
-4560
-6128
-4560
656
5536
7408
3472
-4032
-4464
3008
5584
-96
-5712
-7040
-3632
2352
3152
-2912
-6816
-5120
-3968
-4656
-1968
3824
6736
5408
3600
3408
4336
5520
6432
5968
1536
-4816
-4544
2096
2784
-3952
-4976
2464
6960
5008
4176
5984
4304
-1136
-5168
-5344
-1536
3312
2912
-2816
-7424
-7728
-3376
2864
2768
-3728
-4768
2224
7328
7040
5568
4640
4400
5360
5776
4736
4496
4896
2352
-3040
-7152
-7536
-3968
1552
4832
4656
3680
3648
4336
5312
6448
6272
1776
-4624
-4736
1936
7536
7904
3344
-2640
-3072
2720
7504
7696
4160
-1344
-4688
-4304
-3968
-5264
-6224
-6208
-5984
-6016
-5568
-4256
-4592
-6384
-3424
3792
4800
-2112
-6656
-5280
-4032
-5232
-5680
-4608
-4448
-4912
-2304
3296
6720
6416
6064
5888
2352
-3552
-6448
-5200
-4272
-4768
-2016
3360
2608
-4128
-4272
3520
4560
-3328
-4384
3584
4752
-2960
-5248
768
5696
5744
1968
-3040
-2624
2896
2688
-4048
-4832
1648
3520
-1472
-4672
-3984
-3952
-5328
-6752
-7264
-3584
2704
2480
-4128
-5136
1920
7808
7968
4192
-1200
-5056
-5152
-2288
1808
5504
6912
4288
-1216
-4720
-4432
-4224
-4688
-1808
3776
7024
5904
2160
-1856
-5424
-7200
-3424
4032
4912
-1584
-3168
2176
3696
-1040
-5664
-7040
-3904
2768
6736
5440
4256
4912
2240
-3056
-3056
2944
6640
5248
4736
6352
3680
-2672
-3088
2688
3584
-2736
-6880
-5312
-4224
-5040
-1808
4608
4912
-2016
-7360
-6608
-2000
3488
7120
6704
2000
-3344
-2944
3040
7136
6832
5488
4528
4976
6416
4064
-2464
-6720
-6640
-5296
-4384
-4928
-6160
-4080
1344
5984
7440
3344
-3920
-4208
3072
5376
-448
-6048
-7264
-3664
2512
3392
-2688
-6752
-5312
-4272
-4912
-2256
2784
5808
5456
4608
4688
4848
4704
5328
5856
2416
-3344
-2784
3344
3600
-2512
-3568
2144
5760
5184
5296
5856
2928
-2320
-6000
-6224
-1968
3696
3712
-1792
-6080
-6064
-1744
3856
3296
-2672
-3472
2272
5968
5456
4768
4896
4880
4880
4800
4704
5424
5744
2928
-2144
-5760
-5872
-2384
2784
5760
5504
4736
4800
4864
4736
5536
6000
2384
-3264
-3392
2144
6544
6512
2080
-3552
-3664
1968
6368
6224
2544
-2640
-5600
-5184
-4416
-4512
-4544
-4496
-4416
-4368
-4432
-4528
-5312
-5712
-2032
3664
3760
-1760
-5488
-5184
-4384
-4464
-4352
-4208
-4992
-5472
-2592
2800
5664
5168
5232
5744
2864
-2528
-5440
-4944
-4976
-5648
-2144
3744
3152
-2992
-3088
3120
3312
-3008
-3104
3264
3408
-2752
-3504
2256
6608
6592
2336
-3472
-2992
3296
3536
-2848
-3200
3040
3888
-1968
-5600
-5120
-4448
-4368
-4944
-5552
-2048
3920
3376
-2768
-3728
1936
6416
6272
2672
-2416
-6096
-6192
-2608
2768
6496
6416
2656
-2608
-5392
-4912
-4864
-5408
-2736
2512
6176
6272
2832
-2224
-5872
-6208
-1968
3936
3296
-2944
-3216
2960
4032
-1664
-6080
-6016
-2496
2752
5792
5360
5376
6000
2448
-3424
-3536
2256
5984
5408
5344
5888
2064
-3840
-3056
3264
4304
-1600
-5664
-5104
-5088
-5792
-2240
3552
3824
-1648
-6128
-6160
-2512
2640
6416
6624
2352
-3296
-3440
2176
5920
5536
4768
4944
5600
5840
2880
-2464
-5344
-4944
-4256
-4336
-5184
-5552
-2560
2800
6464
6576
2208
-3680
-3024
3200
4112
-1776
-6368
-6208
-1776
3872
4016
-1792
-5600
-5040
-4976
-5584
-2576
3008
6032
5648
4784
4816
5008
4928
5504
5920
2320
-3600
-2960
3440
3680
-2736
-3776
2304
6080
5344
5360
5952
2992
-2320
-5872
-6032
-1920
3728
3904
-1664
-6144
-6208
-1728
4048
3504
-2704
-3712
2096
5904
5376
4816
5152
5136
5008
4976
5008
5808
6144
3200
-2128
-5888
-5968
-2304
3040
6128
5888
5040
5120
5120
4672
5376
6288
2944
-2960
-3440
1968
6368
6368
1888
-3792
-3888
1808
6352
6320
2544
-2832
-5808
-5376
-4576
-4560
-4544
-4608
-4608
-4464
-4528
-4752
-5472
-5600
-1888
3568
3552
-1904
-5600
-5440
-4672
-4560
-4448
-4528
-5328
-5648
-2752
2672
5680
5216
5232
5920
3280
-2128
-5280
-5104
-5328
-6016
-2272
4080
3616
-2896
-3264
3152
3456
-2912
-2960
3424
3488
-2720
-3424
2400
6784
6832
2496
-3552
-3136
3328
3648
-2784
-3056
3312
4128
-1872
-5680
-5296
-4624
-4592
-5200
-5728
-2048
3936
3232
-3008
-3728
2208
6704
6448
2784
-2384
-6160
-6288
-2640
2752
6480
6432
2720
-2656
-5600
-5152
-5136
-5680
-2880
2544
6368
6560
2944
-2448
-6192
-6336
-1888
4000
3216
-3248
-3536
2944
4176
-1696
-6256
-6064
-2432
2816
5840
5424
5520
6224
2560
-3536
-3712
2208
6144
5696
5568
6048
2176
-3840
-3136
3216
4208
-1760
-5728
-5120
-5216
-6016
-2384
3584
3888
-1760
-6352
-6336
-2656
2480
6384
6784
2448
-3456
-3616
2256
6064
5504
4752
5056
5744
5952
2912
-2576
-5472
-4976
-4304
-4512
-5376
-5600
-2544
2896
6640
6688
2192
-3664
-2960
3152
3872
-2048
-6544
-6272
-1760
4016
4192
-1728
-5680
-5216
-5168
-5776
-2864
6912
4528
-1184
-5312
-5472
-896
5136
5344
-656
-5696
-6800
-5600
-3904
-4832
-7120
-3312
4736
5104
-1680
-2576
3760
6784
4656
3616
4208
2480
-1632
-5008
-6240
-6448
-6480
-5264
-3728
-5024
-7024
-3744
3408
8032
7984
3376
-2560
-1856
4640
5504
-848
-4752
-4192
-4368
-5872
-6608
-6528
-5648
-4288
-3472
-3408
-4384
-4864
-960
5120
5424
-608
-6384
-7696
-3488
3712
7920
7376
5328
4016
4320
5968
7040
6832
5584
4016
3920
4448
1616
-4096
-7248
-6736
-6784
-7456
-3664
2672
1760
-4992
-3920
4480
4480
-4096
-5184
1856
2288
-4496
-5360
912
4656
4240
4416
5808
7168
7408
4496
-1104
-6064
-7536
-4368
1360
5168
5072
2336
-1536
-5808
-7760
-2848
5152
4112
-4352
-4192
4368
5072
-3152
-7152
-4768
-3632
-4368
-1984
2576
3264
-1040
-5296
-6560
-6192
-4896
-1968
1936
5008
5296
1488
-4192
-7488
-7360
-5392
-3696
-4896
-7056
-3952
3584
8048
7584
5600
3936
3808
4496
1888
-2768
-2000
3936
6880
5056
3488
3744
3680
3424
5120
7248
4336
-2176
-2560
2832
2000
-4704
-4384
3360
7712
6016
1584
-2992
-2432
2704
1808
-4928
-4000
4176
5712
-672
-5216
-4880
-2272
1504
5792
7792
4000
-2368
-2448
3856
7456
5488
2032
-1488
-5392
-7328
-4464
1472
4656
4016
5104
7392
3312
-4672
-5760
544
6416
7824
4080
-1984
-3408
1200
5472
6496
7248
7696
3664
-2432
-1376
5168
4960
-2832
-8560
-8480
-3600
2480
2304
-3872
-7664
-6032
-224
5872
3824
-4320
-4896
3088
7888
6016
896
-4592
-6304
-4272
-4464
-6768
-4592
1568
4640
3968
4912
6944
4704
-1088
-5280
-5376
-832
5168
5296
-880
-5984
-6928
-5568
-3856
-4880
-7152
-3152
4896
4992
-1904
-2704
3744
7024
5056
4000
4544
2736
-1648
-5280
-6576
-6784
-6800
-5456
-3584
-4800
-7152
-3984
3520
8448
8448
3792
-2320
-1824
4656
5632
-656
-4544
-3968
-4272
-6064
-7088
-6928
-5696
-4160
-3392
-3328
-4304
-4848
-928
5280
5824
-48
-6096
-7920
-3728
3872
8352
7904
5616
3840
4064
6048
7376
7248
5952
4096
3872
4448
1504
-4336
-7456
-6896
-6896
-7600
-3856
2464
1520
-5328
-4080
4688
4736
-4128
-5376
1744
2112
-4784
-5568
928
4672
4096
4256
5904
7440
7712
4880
-768
-6016
-7696
-4528
1200
5024
5040
2480
-1280
-5744
-8000
-2976
5360
4176
-4656
-4480
4384
5104
-3280
-7136
-4464
-3328
-4256
-1936
2592
3184
-1120
-5344
-6672
-6352
-5008
-1920
2144
5232
5344
1376
-4416
-7664
-7328
-5312
-3776
-5024
-7056
-3824
3680
7968
7536
5840
4224
3936
4592
1904
-2912
-1984
4320
7296
5216
3536
3760
3648
3456
5248
7344
4448
-2048
-2672
2480
1664
-4976
-4592
3280
7744
5920
1376
-2960
-2160
2864
1728
-5184
-4192
4384
6224
-304
-5120
-4832
-2224
1456
5744
7872
4176
-2160
-2224
3936
7376
5424
2032
-1536
-5568
-7536
-4528
1568
4672
3872
5136
7648
3552
-4560
-5840
368
6432
8096
4288
-2064
-3600
1120
5536
6688
7536
8048
3808
-2624
-1600
5168
4944
-3008
-8656
-8512
-3632
2512
2352
-3856
-7600
-5920
-64
6064
3856
-4512
-4864
3488
8176
5920
736
-4720
-6480
-4352
-4384
-6752
-4768
1328
4448
3872
5008
