1280
5360
6256
6160
6272
5488
4064
4688
6688
4128
-2256
-2432
4064
5184
-1040
-3568
800
5056
6112
6384
5648
1792
-3648
-7600
-8064
-3056
4304
5472
-336
-5376
-5616
-1152
5024
5056
-1424
-3600
1392
4960
4336
4432
6000
5888
4480
4240
5328
6832
7280
4352
-1152
-5232
-5536
-1888
3712
7056
6816
6064
6208
5568
4112
4736
6640
4096
-2192
-3696
1072
5584
6016
1632
-4592
-5248
640
5664
5760
1936
-3600
-7104
-6928
-5488
-4320
-3568
-3664
-3792
-3600
-4352
-5696
-6352
-5552
-1936
2912
3456
-1136
-5456
-6560
-5648
-4320
-4048
-5264
-6864
-7216
-4176
1536
4784
4256
4752
6656
4752
-1136
-5392
-6016
-6624
-7456
-3328
4192
4896
-1584
-3168
2208
3104
-2320
-2960
2480
2960
-2432
-3072
2784
7792
8288
3216
-4432
-4480
3536
5248
-1744
-2784
4048
4928
-2432
-7504
-7104
-5488
-4208
-4112
-4896
-1600
4896
5024
-1440
-3632
976
5312
5488
1904
-3632
-7936
-8288
-3776
3232
7328
6064
1440
-3920
-6944
-6608
-6496
-7184
-4592
1184
6224
7680
3824
-3088
-7248
-6464
-1792
3520
2336
-4432
-4304
3584
5040
-2400
-7360
-5984
-2320
1888
5152
5968
6832
7696
3488
-4096
-5680
256
5680
6656
6432
5792
1024
-5456
-4352
3584
6064
-32
-5472
-6320
-6944
-7648
-4032
2112
3584
-832
-5744
-7184
-4416
976
6016
7744
3440
-4128
-5648
592
5120
4544
4352
5920
6544
5456
2240
-2192
-4432
-4080
-4272
-5584
-6480
-5728
-1824
3776
6976
6304
2112
-3072
-2784
2592
3168
-2944
-7424
-6448
-1344
4720
5424
-400
-5360
-6144
-6592
-7216
-4384
1296
5376
6400
6480
6608
5760
4288
4912
6864
4112
-2544
-2656
4144
5168
-1424
-3872
1088
5600
6352
6336
5680
1872
-3680
-7696
-8160
-3168
4224
5392
-544
-5664
-5856
-1232
5136
5248
-1280
-3584
1200
4640
4160
4496
6192
6016
4336
4032
5392
7072
7440
4448
-1104
-5328
-5648
-1920
3744
7200
7120
6400
6448
5648
4096
4784
6864
4480
-1696
-3280
1152
5360
5728
1328
-4928
-5520
480
5584
5776
1984
-3744
-7408
-7152
-5584
-4400
-3680
-3776
-3872
-3728
-4576
-5888
-6352
-5344
-1696
2912
3376
-944
-5216
-6720
-5920
-4256
-3920
-5408
-7216
-7648
-4608
1216
4496
3888
4464
6688
5120
-720
-5264
-6320
-7136
-7840
-3440
4352
5152
-1504
-3264
2128
3056
-2352
-2944
2464
2848
-2464
-2864
3088
8048
8480
3264
-4560
-4608
3536
5232
-1824
-2736
4288
5120
-2528
-7824
-7424
-5792
-4528
-4464
-5184
-1728
4848
4880
-1616
-3616
1184
5552
5680
2080
-3536
-7936
-8288
-3760
3200
7440
6496
1856
-3840
-7040
-6688
-6560
-7232
-4704
992
6064
7712
3904
-3152
-7328
-6336
-1600
3568
2208
-4656
-4400
3840
5424
-2368
-7600
-6064
-2288
1712
4960
6160
7216
7984
3616
-4112
-5840
112
5680
6800
6576
5696
752
-5648
-4432
3632
6240
128
-5392
-6304
-7008
-7808
-4192
2016
3488
-976
-5936
-7488
-4912
592
6128
8144
3648
-4240
-5744
544
4928
4272
4240
5920
6464
5312
2208
-2064
-4192
-3824
-4224
-5904
-6832
-5680
-1456
4224
7120
5904
1600
-3072
-2416
2672
2752
-3440
-7632
-6288
-976
5152
5728
-320
-5488
-6416
-6992
-7616
-4736
-5152
-1856
3296
6896
7280
3408
-2288
-2688
2928
6320
4752
3664
4864
5968
5472
1696
-3248
-2336
3664
4960
-560
-5040
-5520
-6048
-6848
-3648
2784
6320
5136
3296
3248
4160
5216
6000
5184
2000
-1888
-4592
-5072
-1312
4560
4496
-1504
-2848
2768
6912
6624
5376
4304
3296
3136
3904
5152
6000
5872
6304
6976
3680
-2256
-2768
2928
6816
5552
1744
-2112
-3920
-3488
-3744
-5376
-5824
-4496
-3216
-3168
-3936
-4944
-6368
-6992
-4176
1216
4368
3984
3872
4672
1600
-4432
-4640
1408
2816
-2112
-2608
2544
2304
-4016
-4640
1552
2976
-2656
-6768
-6608
-5344
-4128
-3872
-4320
-1920
3328
6768
5856
1648
-3440
-7104
-7552
-3552
2992
7024
6080
1456
-3168
-2464
2416
2736
-2096
-3184
1184
4624
5296
6480
7408
3328
-3872
-4672
2240
6512
4576
3904
5920
3968
-2400
-7216
-7584
-3984
1504
4560
4032
3712
4992
5872
5168
2160
-2128
-4336
-4048
-3984
-4832
-6288
-7136
-3360
3568
4928
-624
-5216
-5872
-5680
-5808
-5808
-5760
-5936
-5568
-1488
4768
4096
-3440
-5104
896
3216
-752
-5104
-6928
-3376
3984
4480
-3136
-5024
1280
2720
-2320
-2832
2704
7200
7440
3472
-2784
-6928
-6256
-1200
4448
4768
-576
-5760
-6944
-3632
2464
6784
6144
1744
-3584
-6736
-6560
-5792
-5312
-1840
2992
2512
-3056
-7040
-6240
-1152
4800
4576
-2320
-6752
-5184
-3968
-4816
-1712
4448
4464
-1616
-3440
1072
5104
5328
1360
-4384
-5152
144
5376
6976
3760
-2000
-2752
1968
3248
-1040
-5200
-6496
-4272
912
4912
5744
5872
5456
1984
-3504
-6592
-6400
-5968
-5408
-1920
3456
7168
7504
3488
-2336
-2672
3136
6480
4656
3616
5152
6272
5424
1504
-3264
-2160
3888
5088
-496
-5088
-5712
-6352
-7088
-3648
2992
6544
5344
3456
3344
4192
5200
6064
5488
2272
-2048
-5072
-5472
-1536
4464
4384
-1792
-3216
2544
6832
6672
5600
4624
3552
3360
4160
5360
6000
5744
6336
7104
3680
-2368
-2864
2784
6816
5904
2096
-2224
-4432
-4112
-4176
-5328
-5552
-4480
-3472
-3408
-4112
-5104
-6480
-7120
-4304
1264
4592
4160
4064
4848
1600
-4464
-4368
1872
3072
-2304
-2896
2592
2480
-4000
-4608
1776
3200
-2656
-6832
-6624
-5504
-4544
-4400
-4736
-2256
3104
6720
6032
1984
-3184
-7008
-7536
-3616
2800
6896
6192
1616
-3264
-2640
2528
2992
-2080
-3296
1360
4992
5456
6320
7264
3376
-3760
-4640
2240
6592
4832
4272
6224
4112
-2480
-7504
-7824
-3984
1440
4320
3952
3968
5456
6320
5376
2112
-2272
-4272
-3760
-3792
-4992
-6656
-7392
-3424
3696
5152
-480
-5216
-6032
-5936
-5984
-5856
-5936
-6208
-5632
-1328
4928
4208
-3376
-5120
1024
3440
-864
-5552
-7184
-3408
3872
4336
-3200
-5040
1472
3008
-2400
-3216
2480
7232
7520
3536
-2672
-6880
-6432
-1488
4320
4784
-656
-5952
-7104
-3712
2640
7120
6368
1872
-3456
-6672
-6512
-5824
-5408
-1792
3232
2704
-3056
-7232
-6560
-1360
4800
4672
-2304
-6880
-5424
-4144
-4896
-1712
4496
4352
-1968
-3664
1136
5360
5808
1904
-4128
-4928
672
5904
7088
3408
-2624
-3136
2240
3632
-1200
-5680
-6688
-4176
1072
5104
5904
5904
5456
2000
-3568
-6720
-6384
-5920
-5696
-2928
2352
6000
6064
1904
-3664
-3808
1824
5616
5200
4480
4592
5296
5808
2320
-3664
-3408
2656
3664
-2080
-5760
-5024
-4880
-5568
-2880
2464
5520
5200
4448
4672
4736
4448
5200
5712
2768
-2528
-6256
-6496
-2256
3552
3040
-3056
-3984
1872
5712
5232
4608
4752
4704
4736
4816
4832
4704
4416
5056
5616
2000
-3696
-3712
1936
6192
6112
2512
-2752
-5856
-5616
-4848
-4816
-4880
-4992
-5152
-5216
-4976
-4608
-5120
-5568
-2736
2672
5680
5216
5248
5888
2336
-3632
-2976
3264
3200
-3408
-3600
3120
3504
-2960
-3296
3040
3920
-2064
-5904
-5488
-4688
-4736
-5568
-6000
-3168
2208
6032
6096
2672
-2448
-6176
-6224
-2576
2496
6144
6480
2160
-3824
-3168
3200
3472
-2928
-4016
2000
5856
5152
5008
5616
2240
-3408
-3600
1936
5552
5216
5200
5504
2624
-2576
-6208
-6272
-2528
2864
5776
5504
4736
4608
5216
5696
2928
-2608
-5808
-5584
-4848
-4576
-5104
-5648
-2320
3376
3504
-2320
-6048
-5408
-4512
-4768
-4832
-4608
-5312
-5920
-2400
3504
2848
-3488
-3408
3072
4000
-1888
-6384
-6384
-2080
3744
3200
-3200
-3408
3040
3216
-3104
-3968
1760
6144
6112
2624
-2480
-6352
-6672
-2272
3520
3616
-2192
-6688
-6304
-2592
2368
6064
6320
2816
-2512
-5600
-5216
-5296
-6080
-2480
3616
3872
-1872
-6512
-6624
-2288
3408
3648
-2096
-6064
-5520
-5360
-6080
-2464
3552
2848
-3440
-4176
1952
6704
6656
2224
-3552
-3712
2048
6592
6480
1904
-3888
-3264
2896
3856
-1936
-6448
-6400
-2624
2976
5856
5040
4880
5616
2992
-2512
-5600
-5264
-5312
-5760
-2880
2448
6096
6208
2000
-3744
-3824
2064
5856
5296
4528
4640
5344
5872
2272
-3664
-3152
2976
3744
-2224
-6016
-5328
-5184
-5792
-3024
2416
5664
5536
4848
4976
4928
4608
5344
5888
2912
-2592
-6496
-6752
-2448
3488
2960
-3328
-4288
1792
5712
5136
4576
5008
5168
5136
4976
4768
4592
4416
5200
5776
2048
-3920
-4208
1472
6192
6560
2800
-2992
-6304
-5888
-4912
-4752
-4864
-5168
-5408
-5456
-5184
-4720
-5216
-5680
-2672
2944
5968
5424
5472
6160
2576
-3472
-2864
3504
3376
-3536
-3760
3216
3632
-2976
-3248
3232
4080
-2032
-5808
-5280
-4608
-4832
-5632
-6032
-3264
2096
6080
6400
3008
-2320
-6160
-6144
-2528
2400
6048
6528
2112
-4096
-3360
3328
3648
-2992
-4112
2096
6016
5200
4976
5568
2224
-3408
-3552
2096
5792
5392
5360
5728
2720
-2672
-6368
-6400
-2624
2816
5760
5424
4640
4640
5328
5744
2944
-2576
-5872
-5696
-4960
-4720
-5328
-5872
-2416
3392
3520
-2384
-6240
-5696
-4688
-4688
-4640
-4576
-5504
-6208
-2656
3456
3024
-3296
-3408
3072
4032
-2064
-6752
-6576
-2032
3760
3120
-3200
-3280
3296
3440
-3184
-4288
1680
6336
6208
2576
-2512
-6464
-6864
-2448
3344
3440
-2400
-6848
-6416
-2704
2272
6096
6512
2960
-2544
-5696
-5200
-5184
-6032
-2480
3600
3888
-1808
-6576
-6880
-2528
3312
3696
-1984
-6000
-5584
-5616
-6480
-2752
3552
2976
-3360
-4080
2064
6848
6848
2352
-3504
-3600
2256
6736
6512
1792
-4144
-3408
3104
4112
-2080
-6736
-6336
-2384
3104
5984
5264
5024
5744
3136
-2400
-5440
-5024
-5232
1664
5664
6640
6560
6512
5504
4144
5088
6976
3856
-2496
-1984
4656
5104
-1408
-3536
1232
5520
6368
6352
5504
1792
-3568
-7584
-7936
-2576
4768
5376
-800
-5680
-5536
-720
5296
4832
-1648
-3392
1552
4768
4304
4848
6400
5920
4352
4272
5536
7040
7376
4352
-1152
-5216
-5312
-1328
4336
7392
6976
6240
6320
5456
4144
5264
7152
4144
-2096
-3280
1312
5488
5712
1056
-5024
-5040
1072
5680
5376
1440
-3936
-7120
-6688
-5136
-4048
-3520
-3664
-3632
-3504
-4560
-5920
-6144
-5024
-1584
2816
3264
-1040
-5328
-6608
-5456
-3904
-3984
-5472
-6944
-7088
-3824
1888
4784
4240
5056
6864
4656
-1200
-5280
-6016
-6832
-7440
-2736
4848
4960
-1808
-3120
2288
2976
-2256
-2544
2736
2832
-2320
-2336
3664
8336
8336
2736
-4752
-3840
4352
5184
-1920
-2160
4608
4672
-2832
-7520
-6928
-5152
-3776
-3936
-4752
-1136
5248
4928
-1472
-3344
1232
5344
5424
1792
-3792
-7984
-7952
-3024
3888
7456
5872
1184
-4128
-6912
-6480
-6448
-6992
-4304
1344
6320
7664
3344
-3648
-7104
-5728
-1136
3632
1856
-4704
-3744
4208
4912
-2720
-7200
-5584
-2016
2160
5488
6400
7296
7824
3104
-4352
-5264
928
6144
6928
6576
5632
592
-5552
-3840
4048
5936
-304
-5440
-6144
-6784
-7392
-3696
2336
3632
-928
-5888
-7200
-4224
1328
6544
8112
3312
-4272
-5184
1088
5056
4432
4688
6304
6496
5152
2208
-1872
-3984
-3776
-4304
-5808
-6400
-5120
-976
4496
7248
6016
1680
-3024
-2336
2640
2672
-3184
-7136
-5856
-560
5328
5472
-608
-5504
-6368
-6800
-7056
-3824
2016
5904
6608
6528
6624
5616
4128
5072
7088
4000
-2496
-1984
4736
5104
-1648
-3792
1296
5808
6576
6528
5696
1792
-3728
-7632
-7824
-2448
4864
5456
-752
-5680
-5536
-624
5536
5088
-1440
-3328
1488
4672
4256
4896
6544
5984
4336
4448
5952
7424
7600
4448
-1104
-5056
-5088
-1152
4544
7728
7328
6704
6928
5840
3984
4992
7376
4656
-1760
-3152
1312
5232
5280
784
-5120
-5184
880
5632
5488
1520
-4096
-7488
-7152
-5408
-3952
-3360
-3568
-3392
-3264
-4624
-6240
-6400
-5008
-1392
2848
3120
-1088
-5280
-6640
-5552
-3936
-4032
-5632
-7200
-7312
-3968
1872
4880
4336
5200
7184
5024
-1008
-5312
-6224
-7136
-7728
-2832
5008
5200
-1728
-3184
2304
3184
-1920
-2304
2768
2864
-2272
-2432
3600
8544
8624
2784
-4976
-4112
4256
5232
-1856
-2048
4832
4896
-2752
-7488
-6896
-5216
-3984
-4192
-4928
-1152
5280
4752
-1776
-3456
1328
5568
5616
1808
-3792
-7936
-8048
-3152
3888
7520
5984
1392
-4048
-7008
-6592
-6592
-7232
-4432
1360
6496
8016
3584
-3840
-7408
-5728
-1024
3584
1760
-4864
-3856
4320
4976
-2912
-7216
-5264
-1856
1952
5312
6528
7552
8016
3168
-4480
-5552
752
6112
6992
6688
5712
624
-5520
-3712
4240
6032
-448
-5664
-6384
-7008
-7440
-3520
2560
3792
-816
-5952
-7472
-4528
1168
6576
8288
3344
-4464
-5296
1168
5168
4512
4752
6304
6544
5344
2240
-2064
-4160
-3840
-4320
-5824
-6512
-5232
-880
4656
7152
5776
1584
-2944
-2240
2624
2400
-3664
-7456
-5920
-544
5408
5600
-608
-5632
-6496
-7008
-7408
-4336
