-1840
-2528
-2224
-1376
-752
-672
-944
-1648
-2336
-1568
128
528
-528
-1008
32
1248
544
-1536
-2240
-1536
-1584
-2160
-1552
-144
720
624
-144
-704
-336
720
1616
1264
-240
-848
448
1328
48
-1616
-1904
-1040
-32
-144
-1504
-2320
-1776
-1184
-1232
-1088
160
1904
2240
1040
-128
-976
-1728
-1616
-1136
-1568
-2256
-1952
-1232
-400
1024
1760
224
-1824
-1968
-608
640
448
-1360
-2864
-2816
-2096
-848
688
912
144
208
880
1088
944
848
800
784
1056
1520
816
-1376
-2192
-80
1728
1056
480
1248
1296
480
384
640
176
-1024
-2176
-2464
-2208
-1568
-144
992
560
-384
-464
-32
-256
-1456
-1680
144
1184
-352
-1312
16
656
-720
-1472
-160
1088
720
-320
-992
-960
-96
336
-592
-944
336
640
-912
-1488
-352
256
80
288
672
1136
1648
640
-1664
-1952
272
1456
80
-2016
-3088
-2624
-1088
112
208
-144
-336
-896
-1936
-1984
-688
416
592
480
368
-288
-1776
-3120
-3008
-1792
-912
-544
240
832
-192
-1648
-1040
352
-160
-1424
-1072
448
1808
2208
1040
-720
-1168
-592
-848
-1472
-896
-80
-816
-1888
-1488
-848
-1488
-1936
-1056
-256
-208
112
800
1056
752
224
-160
-688
-1808
-2352
-896
1216
1632
448
-768
-1296
-1088
-496
-64
-128
-1104
-2592
-3136
-2448
-1520
-1184
-1584
-1856
-800
944
1680
896
-48
304
1536
1920
1056
-544
-2048
-1504
864
1200
-1232
-2624
-1600
-96
1104
1456
48
-1264
-272
1264
912
-80
128
336
-864
-2048
-1680
-832
-768
-928
-1120
-1936
-2576
-1472
752
1424
-176
-1120
416
1344
-544
-2224
-1344
-464
-1440
-2208
-1280
-48
320
48
-496
-672
-64
624
832
432
-576
-928
352
1200
0
-1472
-1760
-1504
-1264
-1456
-2080
-2176
-1520
-880
-768
-800
-112
1312
2144
1264
-464
-1488
-1552
-1248
-816
-688
-1248
-1856
-2048
-1568
-144
576
-576
-1920
-2096
-1488
-512
-192
-1056
-2048
-2464
-1984
-624
368
288
128
608
1328
1600
1600
1664
880
-720
-784
944
1440
-80
-848
544
1968
1360
16
96
992
1040
560
480
208
-704
-1632
-2272
-2528
-1744
-304
640
1104
1248
688
-32
-448
-1136
-960
976
1280
-1776
-3408
-848
1408
80
-1504
-144
1472
384
-1248
-1296
-928
-672
-432
-912
-720
928
1552
384
-368
48
656
576
432
1200
2048
1840
752
-672
-928
832
1696
-464
-2960
-3200
-1920
-608
256
768
592
-480
-1840
-2736
-2608
-1008
704
864
320
192
-208
-1520
-2768
-2400
-704
400
784
1664
1904
-16
-1776
-1040
256
112
-384
-352
32
576
576
-512
-1600
-1808
-1696
-1504
-960
-528
-912
-1680
-1824
-1056
-592
-1376
-1968
-864
96
-672
-1120
192
1392
1168
800
944
144
-1760
-2032
0
1312
640
-352
-944
-1488
-1696
-1136
112
832
-320
-2128
-2480
-1648
-976
-1072
-1824
-1744
-160
1072
1040
752
432
240
784
1328
688
-816
-1904
-1376
272
768
-848
-2240
-1520
0
656
528
144
160
1024
1568
848
160
80
-464
576
-304
-1344
-1616
-1392
-1088
-176
432
-560
-1856
-1920
-1456
-1248
-1376
-1744
-1040
896
1200
-592
-1200
-64
496
288
512
1120
1248
160
-1440
-1968
-1376
-944
-960
-960
-1248
-1648
-976
432
1120
944
304
-528
-592
192
496
-176
-944
-1344
-1488
-1424
-1120
-784
-608
-656
-928
-992
-624
-304
-320
160
896
304
-1360
-1952
-944
576
1520
1328
1088
1440
1008
384
1264
2112
1552
1280
1920
2224
1696
432
-784
-880
-528
-784
-496
1024
1360
-512
-1520
-224
672
-272
-896
144
864
-240
-1120
-64
1504
2256
2320
1376
160
304
912
112
-1584
-2240
-1056
768
1264
624
320
112
-688
-1232
-688
432
800
-208
-992
64
1168
-384
-2816
-2912
-1648
-1184
-480
800
704
-880
-2144
-1952
-544
224
-352
16
1712
2256
1264
192
-688
-1168
-1120
-1120
-1312
-1488
-1312
-336
688
720
592
1008
1408
1744
1440
32
-496
704
1264
704
704
1136
1088
1088
1440
1488
640
-608
-624
928
1408
-368
-1392
-288
896
1440
1264
-352
-1824
-1056
528
576
-336
-224
656
192
-1248
-1712
-864
272
1136
1632
1040
-1024
-2336
-976
768
912
928
928
-688
-2656
-2240
16
1408
1152
720
928
784
-480
-1248
-176
1280
1616
944
-384
-848
592
2048
1824
1088
944
448
-1152
-2048
-656
880
352
-960
-1680
-1824
-864
928
1488
0
-1744
-1792
-560
256
128
-144
304
1232
1696
1088
-496
-1536
-1024
-416
-784
-688
528
1328
816
272
976
1488
208
-1536
-2160
-1584
-128
736
-400
-1856
-1888
-1376
-1216
-1264
-1456
-1296
-160
784
-144
-1536
-624
1568
1952
1184
992
448
-544
-720
-768
-1008
-848
-1040
-1328
-768
-496
-688
256
1744
2112
896
-1072
-1616
-48
1040
144
-1408
-2192
-1904
-1344
-1008
-576
-576
-1296
-1472
-864
-816
-1424
-1168
272
848
-592
-2256
-2480
-1648
-640
96
704
1168
1072
624
592
992
1216
976
688
976
1584
1296
-160
-1296
-1360
-1392
-1440
-496
736
768
-320
-1008
-352
96
-832
-1104
320
976
-304
-1328
-368
1200
1456
848
480
320
528
864
288
-944
-1776
-1504
-96
1232
1360
752
-192
-1472
-2064
-1248
-16
16
-1088
-1392
-176
512
-336
-944
-304
-224
-1488
-1840
-336
784
320
-576
-1024
-1088
-1344
-1616
-768
1184
2544
2064
208
-1456
-1856
-1456
-880
-576
-1056
-1360
-384
496
160
32
816
1600
1856
1200
-512
-1584
-768
576
1088
1232
1328
1040
640
912
1856
1744
-352
-1664
-64
1248
-16
-880
112
768
1120
1824
864
-1248
-944
576
-160
-1360
-160
1200
192
-1872
-2928
-2192
-128
1328
1248
544
-144
-576
-416
144
752
1104
352
-1360
-1984
-624
864
832
-48
-176
544
576
-400
-784
64
1056
1488
928
-256
-560
176
608
720
1280
1792
1056
-832
-1392
320
1264
-160
-1536
-1616
-928
512
1472
736
-512
-1040
-544
512
464
-640
-720
176
880
1664
1472
-704
-2416
-2128
-1440
-1168
-672
-80
336
544
560
1248
1312
432
-320
-624
-176
1040
1600
720
-832
-1920
-1488
-96
-96
-1488
-1312
992
2176
1024
272
1168
1600
752
-64
-240
144
384
-480
-1456
-1648
-1904
-1696
-336
192
-960
-1456
-240
1248
1744
1104
32
-240
640
1424
960
-240
-832
-800
-912
-1216
-1328
-1280
-896
-192
192
144
176
496
1024
1232
480
-928
-1920
-1440
512
2080
2080
1552
1232
864
928
1696
2272
1696
464
48
688
960
64
-1312
-2080
-1824
-1216
-640
48
-96
-1408
-1568
320
1040
-944
-2240
-640
1008
240
-1104
-1088
-480
256
1392
1856
1472
1520
1664
912
-48
-576
-720
-288
192
208
400
688
-288
-1888
-1312
1344
2080
-208
-1376
480
1792
192
-1568
-1232
-416
-384
-144
432
544
352
0
-848
-1344
-816
-48
288
368
160
-304
-912
-1664
-1920
-1168
-368
-448
-848
-640
464
1712
2096
1616
736
80
240
368
-16
368
1376
1568
1152
704
336
384
640
1072
1872
1648
176
-352
192
-432
-1856
-1504
608
1840
1184
112
-496
-512
224
384
-944
-1344
496
1696
736
-224
-16
288
304
768
1616
1744
944
352
704
1152
896
560
368
-400
-1376
-1328
-128
1008
1072
848
1312
1136
-192
-688
-112
240
784
1264
400
-704
-464
544
1456
1888
1472
592
-96
-48
928
1648
496
-1888
-3040
-1840
16
256
-848
-1472
-1024
208
1600
1488
-368
-1392
-208
1072
560
-752
-1216
-864
-464
-320
-768
-1296
-784
64
-80
-112
800
1072
304
-448
-832
-208
1344
1760
704
-240
-1168
-1680
-608
-48
-1664
-2032
672
2320
688
-560
832
2192
1504
352
224
560
672
240
-848
-1664
-1376
-464
320
192
-1040
-1584
-400
1040
1648
1584
864
464
1360
1888
768
-256
96
304
-432
-1200
-1792
-2256
-1888
-928
-320
-288
-416
224
1824
2528
1120
-848
-1584
-1008
80
1312
2240
2192
1232
448
560
1408
2032
1728
928
416
272
272
-160
-1296
-2032
-1888
-1840
-1456
-80
608
-320
-480
1136
1504
-736
-1952
-272
816
-448
-1184
-256
272
16
352
1248
1904
2080
1696
656
-464
-1008
-912
-448
128
544
496
80
-496
-1312
-1184
880
1872
-96
-1024
880
1584
-16
-816
-96
192
-544
-880
-160
384
240
-224
-992
-1360
-704
192
720
1024
1056
592
-384
-1216
-1072
-288
256
128
-832
-1472
-112
2144
2720
1712
960
752
496
-112
-656
-48
1152
1200
592
704
816
352
48
560
1568
1840
1008
400
496
240
-608
-944
-112
864
976
832
592
416
720
240
-1376
-1296
992
2272
1424
288
16
176
128
400
1504
2144
1232
208
592
1456
1136
192
-32
64
-672
-1504
-832
336
64
-80
1424
1808
-272
-1664
-752
864
1824
1648
464
-416
-80
832
1392
1728
2144
1584
-272
-896
768
1568
16
-1168
-960
-704
-384
-160
-1056
-1840
-1312
-208
1008
1168
-704
-1856
-16
2048
1856
592
-368
-736
-560
-384
-704
-736
16
352
16
384
2256
912
-32
-400
-816
-832
368
1760
1200
-512
-752
-272
-640
-912
-816
-320
1280
2128
864
0
848
1792
2096
2112
1904
1376
176
-1136
-1392
-1056
-1200
-1520
-1200
-640
-784
-992
48
1776
2496
1472
-448
-1008
608
1696
528
-928
-1264
-976
-624
-624
-864
-768
-544
-608
-864
-1056
-848
160
1632
2160
1056
-336
-624
288
1696
2320
1808
1552
2064
2448
2640
2672
2096
1632
1760
2048
2288
1920
720
112
304
-224
-1120
-768
480
1216
688
-112
576
1648
768
-400
544
1600
704
-240
304
992
1232
1728
1920
1504
1616
1808
624
-688
-496
368
944
1552
2064
1648
384
-400
-208
256
1072
1648
576
-512
464
1184
-192
-1296
-880
-544
-640
-48
1024
1120
-160
-1216
-976
-736
-1488
-1392
544
2160
2112
1456
560
-560
-944
-544
-272
-496
-912
-544
800
1280
848
1056
1552
1616
1712
1056
-496
-800
672
1920
1792
1120
1040
1312
1232
1680
2544
1760
-96
-32
1872
2208
336
-688
672
2352
2608
1296
-336
-304
1072
1072
-192
-48
1392
1712
416
-1024
-1424
-592
944
2128
2224
1312
272
208
1136
1904
1840
1264
384
-448
-432
544
1760
2480
2272
1520
1360
1520
576
-544
128
1808
2416
1696
448
-336
240
1504
1856
1440
1376
1120
208
128
1200
1536
528
-768
-1456
-880
768
1664
656
-944
-1424
-240
1472
1584
128
-832
-656
176
1392
1792
608
-544
-688
-496
-288
176
1088
2016
1920
1216
976
592
-64
-160
-432
-800
736
2672
1744
-352
-480
160
-96
-784
-1152
-400
912
816
-432
-576
736
1936
2160
1920
1840
1408
336
-528
-912
-992
-768
-560
-560
-592
-640
-368
672
1712
1920
1184
-96
-304
1088
1504
-240
-1632
-1312
-528
-128
-416
-1008
-704
0
-192
-576
-544
-672
-480
624
1376
784
-336
-640
-32
784
1456
1808
1568
1248
1520
2016
2000
1840
2000
1904
1360
1312
1504
720
-432
-768
-688
-624
-272
112
176
-80
80
1024
1408
368
-32
1168
1488
112
-368
736
1488
1472
1744
1984
1728
1824
1824
384
-1200
-1232
-304
1280
3040
3056
1456
208
-368
-544
240
1664
1904
320
-640
784
2064
1040
-432
-624
-576
-1024
-560
1248
1984
432
-992
-848
-784
-1360
-1024
544
1920
2240
1440
-16
-864
-576
-176
-304
-592
-784
-480
608
1520
1552
1456
1680
1824
1600
672
-576
-640
592
1808
2192
1696
896
944
1808
2192
1616
544
-640
-816
640
1600
384
-672
320
1616
1824
1168
-336
-1312
-80
1440
768
-320
448
1248
224
-1168
-1216
-176
1024
1664
1792
1568
752
128
992
2688
3376
2240
224
-1040
-992
-64
1280
1984
1888
2240
2528
1280
-320
-288
1024
2160
2128
864
-512
-912
-16
1472
2288
2448
2640
1760
-144
-416
864
784
-368
-800
-880
-480
1024
1952
992
-256
-512
32
992
1024
-464
-944
848
2160
1440
192
-528
-560
-208
-432
-1296
-1440
-176
1408
1936
1440
