-1280
208
2160
2864
2464
1872
896
416
1648
2800
2032
1312
2112
2688
2080
1104
352
528
1520
1552
224
-608
-496
-720
-1168
-656
960
2304
1776
336
480
1792
2240
2176
2048
1168
336
192
-272
-288
1264
2112
672
-384
656
1920
2128
2144
1824
912
624
1296
1952
2112
1840
1728
2160
2016
480
-592
560
2448
2624
1568
944
544
112
-64
-544
-1088
-576
592
976
272
-640
-1136
-1296
-960
240
1424
1344
704
624
480
-432
-784
384
1376
768
32
544
944
-16
-976
-464
224
-112
-800
-1280
-1584
-1040
240
800
496
960
2464
2848
1232
-672
-1584
-1360
16
1632
2368
2208
1376
272
128
1216
1840
992
208
784
1520
1696
2224
2736
2048
400
-448
784
2352
2096
1696
2464
2192
464
-624
-784
-704
208
1472
1456
896
1472
2032
1616
1200
512
-624
-592
400
480
-608
-1360
-368
1776
2544
1504
336
-592
-1312
-1152
-976
-1424
-1472
-1040
-80
1888
2144
-752
-2112
64
1632
1056
-96
-1712
-2032
656
2720
1024
-1008
-368
896
848
400
912
2496
3104
1232
-1024
-1616
-1216
-144
1472
2080
1168
-352
-1248
-416
1328
1984
1296
448
-176
-944
-1760
-1872
-1136
-16
1120
1248
-112
-1440
-1616
-880
640
1424
272
-640
96
464
-144
224
1920
2720
1440
-208
-448
464
1552
1744
608
-288
304
1360
1792
1536
640
48
624
1024
240
-592
-912
-816
96
1296
1712
1616
1360
544
-848
-1776
-1296
-640
-1008
-608
1344
2368
1600
608
0
240
1904
3232
2672
1824
2112
2368
1632
560
-160
48
1104
1568
864
-64
-880
-1616
-1632
-304
1584
2384
1840
1328
1184
1200
1712
2160
1696
672
-320
-848
-480
544
1840
2400
1088
-272
656
2224
2224
1952
2384
2320
1680
1456
1648
1872
2256
2704
2816
2096
880
624
1680
2368
1856
1104
672
432
464
336
-480
-1472
-1440
-272
528
-112
-1216
-1680
-1808
-1456
-80
1376
1824
1776
1536
512
-896
-1024
624
1872
1040
-32
688
1344
-272
-1536
160
1664
304
-1344
-1712
-1664
-784
608
800
336
816
1616
1744
1216
80
-1424
-2240
-1248
992
2288
1744
688
272
320
656
960
640
304
848
1600
1936
2432
2864
2160
720
208
1280
2320
1728
912
1536
1696
64
-1136
-992
-848
-448
784
1536
1376
1424
1744
1760
1264
688
496
368
-80
-624
-1344
-1952
-1040
1168
2496
1984
544
-640
-928
-704
-928
-1584
-1760
-896
704
2080
2048
528
-928
-1024
-432
-128
-400
-1232
-1216
608
1872
688
-416
464
1200
272
-528
288
1856
2656
2080
496
-784
-688
416
1472
1856
1248
0
-992
-640
1296
3120
2768
976
-304
-1040
-1680
-1712
-672
1056
2064
1296
-32
-624
-576
352
1920
2192
480
-1056
-464
928
880
448
1552
2320
992
-48
608
1536
1792
1072
-736
-1872
-688
1632
3024
2400
432
-528
576
1696
1104
-240
-1088
-880
320
1408
1744
1984
1792
528
-672
-848
-880
-1424
-800
-1920
-1984
-1264
-1504
-2448
-2240
-1104
-912
-1344
-720
-128
-1408
-2464
-1152
-144
-1120
-1792
-1520
-1856
-2320
-1856
-1056
-448
-32
-368
-1424
-1680
-528
672
1104
688
-816
-1952
-1008
224
-528
-2096
-2720
-2592
-2368
-2192
-1856
-1728
-2320
-2832
-2480
-1664
-720
304
864
432
-960
-2448
-3136
-2928
-2176
-1424
-1392
-2064
-2704
-2320
-704
544
32
-1408
-2304
-1808
-304
432
-448
-1872
-2800
-2512
-880
624
608
-448
-1008
-528
320
736
608
368
256
-64
-288
-352
-1136
-1744
-720
272
-400
-1168
-672
400
784
160
-96
304
-400
-1904
-2224
-2032
-2640
-2704
-1200
272
688
704
496
-432
-1600
-1536
-80
416
-1200
-2160
-848
-16
-1264
-2064
-976
-240
-1344
-2720
-2688
-1328
192
464
-784
-1792
-1120
-320
-1328
-2576
-1536
432
800
400
416
576
1040
1120
-288
-1504
-896
-304
-1328
-2528
-2544
-1600
-512
80
96
-496
-1728
-2704
-2592
-1616
-288
480
-64
-592
-128
128
-544
-1584
-2336
-2000
-896
-128
256
80
-1040
-1680
-912
-400
-1312
-2512
-2240
-400
1008
464
-1088
-1776
-1456
-1424
-1984
-1792
-464
480
-208
-1680
-2368
-2320
-2464
-2128
-576
560
-416
-1840
-1344
-80
-48
-96
544
144
-1552
-2400
-1360
208
624
0
-816
-1808
-2384
-1408
128
432
-736
-2368
-2960
-2192
-1584
-1728
-1936
-1952
-1696
-832
160
896
1392
1408
784
-432
-1696
-2256
-2128
-1696
-784
-272
-1360
-2448
-1488
64
304
-272
-896
-1136
-512
96
-176
-384
80
320
-416
-1552
-2240
-2448
-2368
-2000
-1616
-1664
-2176
-2432
-1344
80
-352
-1760
-1648
-928
-1376
-2128
-2128
-2192
-2640
-2288
-1120
-160
416
80
-1472
-2384
-1376
16
336
-320
-1472
-2080
-1184
160
-96
-1408
-2000
-2176
-2432
-2224
-2160
-2736
-2896
-2480
-2288
-1984
-864
624
1248
96
-2000
-3056
-2672
-2208
-1888
-1088
-496
-928
-1760
-1936
-960
192
-96
-1728
-3168
-3008
-1280
-32
-704
-2112
-2912
-2624
-1408
-464
-448
-368
48
64
-112
48
304
64
-400
-416
48
208
-544
-1216
-496
496
464
304
400
160
96
352
400
16
-1136
-2448
-2384
-1360
-1088
-1200
-528
128
-352
-704
80
32
-1600
-2064
-512
48
-1664
-2960
-1840
-496
-1056
-1856
-1008
-48
-928
-2816
-3344
-1840
112
416
-1168
-1920
-304
544
-1104
-1904
-624
48
-320
-352
32
528
480
-752
-2112
-1968
-544
416
-288
-1856
-2656
-2176
-832
336
256
-768
-1536
-1760
-2016
-2016
-1104
-288
-592
-848
-464
-592
-1216
-1552
-1824
-1936
-1424
-736
-368
-912
-2448
-2800
-912
368
-608
-1648
-1248
-240
480
352
-1008
-2384
-2368
-2016
-2672
-2800
-1264
-128
-720
-1616
-1808
-1984
-2496
-2272
-912
-96
-960
-1984
-1408
336
1328
640
-368
-560
-768
-1408
-1456
-560
112
-304
-1264
-1872
-1680
-656
336
-16
-1392
-2208
-2256
-2240
-2048
-1888
-2224
-2192
-1120
16
608
752
256
-400
-432
-448
-1440
-2592
-2400
-1232
-432
-496
-1360
-2032
-1360
-288
128
48
-688
-1264
-528
240
32
64
464
80
528
-304
-944
-1120
-1216
-1056
-512
-832
-2272
-2384
-544
272
-1056
-2160
-1312
288
560
-560
-1440
-1392
-752
352
1264
1824
2160
1344
-432
-1136
-528
160
544
112
-1392
-1904
-320
928
224
-576
-320
-592
-1632
-1616
-672
-432
-928
-1360
-1728
-1664
-704
480
832
160
-768
-1168
-1344
-1744
-1728
-960
-320
-640
-1488
-1680
-640
320
64
-416
-272
160
848
1104
128
-768
-720
-512
144
1280
1440
816
432
144
64
272
208
272
976
1520
976
0
-352
-368
-320
432
1552
1696
800
96
624
1728
1696
528
-224
-64
240
-112
-848
-1024
-528
-80
528
1552
2352
2016
208
-1504
-896
560
-64
-1296
-816
-96
-240
160
1136
1120
-144
-1696
-2560
-1840
416
1600
-160
-1984
-1168
-128
-960
-1376
128
1552
1728
1472
928
320
288
-192
-1712
-2112
-720
256
80
-400
-880
-912
-32
1264
2080
1760
160
-1472
-1520
-160
1216
1872
1600
816
400
464
128
-768
-1472
-1040
416
1440
1184
0
-1232
-1008
720
1104
-896
-2224
-896
1088
1392
384
-560
-1328
-2032
-2000
-1616
-1472
-688
688
912
-256
-1408
-1808
-1424
-144
1536
1744
-288
-2192
-1888
-352
656
1168
1744
1792
592
-800
-640
672
1392
960
80
-880
-1728
-1440
288
1168
-208
-1520
-1232
-1072
-1632
-1440
-544
-80
0
32
32
208
800
1376
1040
-352
-1760
-1760
-416
416
-96
-656
-736
-592
256
1184
1024
288
-560
-1344
-960
208
864
1552
2160
1440
320
0
-288
-992
-1520
-1360
-848
-1184
-2320
-2128
-288
624
-336
-1104
-416
400
96
-800
-1616
-2016
-1456
48
1552
2320
2192
1120
-624
-1920
-1696
-560
80
-416
-1584
-1920
-688
416
0
-560
-336
-512
-1168
-1344
-1024
-736
-864
-1744
-2336
-1536
-240
512
688
64
-1072
-1712
-1632
-1600
-1936
-2000
-1504
-1392
-1920
-1776
-432
768
640
-176
-336
288
736
864
656
-48
-672
-640
-32
1088
2144
1920
640
96
800
1024
112
-128
704
784
96
48
272
64
-160
224
1168
1456
608
464
1456
1808
1648
1664
736
-672
-848
-640
-1472
-2096
-1200
208
928
1312
1584
736
-1264
-2160
-1008
176
96
-224
-128
32
-48
-96
80
0
-688
-1712
-2560
-2096
-64
1088
-240
-1520
-736
-112
-1344
-1968
-304
1248
1248
880
496
-64
-80
-352
-1680
-2144
-752
336
-208
-1200
-1568
-1024
288
1632
2080
1232
-560
-1968
-1904
-752
560
1360
1552
1664
1808
1568
1072
-32
-1520
-1392
480
1200
352
-336
-672
-320
864
912
-672
-1296
32
1120
400
-864
-1280
-1312
-1344
-1360
-1712
-1344
464
1600
912
-336
-1488
-2192
-1728
-512
544
864
128
-720
-592
304
1200
1568
1296
896
432
-240
-432
528
1840
2032
992
-400
-1648
-1696
128
1472
624
-464
-640
-1040
-1648
-1680
-1136
-592
-256
304
1008
1152
1008
928
592
256
-128
-1040
-1520
-608
512
464
-208
-192
576
1264
928
-752
-2512
-2560
-1040
208
640
1184
1840
1536
-672
-1424
-1280
-1104
-1360
-1616
-1504
-1568
-1648
-656
752
400
-1088
-976
720
1376
272
-752
-816
-1040
-1344
-416
1008
1504
1584
1216
-224
-1008
128
1584
2080
1264
-560
-832
1136
1600
-272
-1328
-1200
-1440
-1472
-992
-912
-1024
-992
-1312
-1504
-704
576
1312
1200
704
320
-32
-496
-720
-608
-496
-400
-400
-608
-256
896
1392
256
-1008
-928
-80
624
688
-48
-864
-1056
-608
272
1152
1488
1392
1344
1552
1824
1648
1232
1216
1600
1872
1680
832
-368
-624
688
2048
1888
1104
1008
1312
1584
1904
2064
1584
688
48
-192
-784
-1408
-672
1184
2256
1872
1136
1056
1104
624
480
1424
2080
992
-592
-704
-64
-512
-1024
96
1104
256
-864
-944
-256
848
1056
-240
-400
1488
2112
448
-592
64
1056
1616
1632
1120
752
1088
1280
272
-688
256
1680
1232
-176
-768
-272
1152
2784
3088
2000
736
-64
-416
-32
816
1280
1280
1536
1568
448
-928
-1168
-752
-368
272
848
1296
1648
896
-16
784
1328
-192
-960
448
1872
2208
1712
496
-480
-528
-464
-864
-912
-32
768
272
-848
-976
-576
-832
-784
224
544
-48
192
1264
1936
1888
1488
976
240
-672
-896
48
1344
2032
1648
320
-1072
-1568
-800
688
1072
-32
-656
-336
-464
-1024
-1248
-1232
-672
640
1792
2064
1792
1424
1392
1632
1040
-480
-1552
-1488
-416
960
1056
-192
-816
16
1360
2080
1280
-48
-176
592
1296
1968
2352
2160
1280
-416
-1568
-1232
-752
-608
-528
-1168
-2128
-2160
-1088
720
1552
320
-400
752
1232
208
-752
-1184
-1328
-1216
-608
704
1936
2320
1728
288
-464
592
1712
1824
1472
336
-464
512
976
-512
-1296
-832
-1216
-1840
-1312
-624
-544
-576
-848
-1216
-640
816
2112
2432
1504
256
-368
-896
-1312
-848
-224
-368
-1072
-1600
-480
1728
1984
176
-1120
-1232
-656
464
1152
544
-688
-1168
-400
832
1584
1536
1008
896
1504
1968
1920
1600
1056
624
800
1312
1008
-384
-896
640
2256
2016
1104
1264
1776
1328
880
1328
1424
256
-1200
-1648
-1440
-1648
-1584
-192
1104
1360
1600
1808
1104
-16
80
1776
2400
416
-736
496
576
-1056
-1136
272
752
112
-704
-1168
-288
1680
2064
128
-848
464
1152
-80
-992
-224
1056
1520
1504
1632
1904
2032
1296
-528
-1328
112
1248
656
-176
-688
-832
16
1392
2384
2192
432
-1040
-1136
-1104
-512
976
1264
736
1328
1664
672
-192
-480
-496
368
1760
2256
1536
208
-688
-160
896
608
-176
528
2112
2592
1456
-336
-1792
-2144
-1328
-528
-320
368
912
-352
-1728
-1392
-1008
-1488
-1152
464
1456
496
-576
336
1792
1952
1888
2304
1616
-464
-1392
48
1520
1488
1024
384
-848
-1600
-672
1264
1776
32
-1200
-592
-512
-1520
-1792
-1120
-224
640
896
800
1312
1840
1856
2112
2064
496
-1504
-2048
-944
736
1168
-32
-480
816
1920
1904
1264
64
-528
368
1136
800
832
1568
1104
