6032
4672
-304
-5824
-8208
-6064
-192
3664
672
-4560
-6144
-5568
-5152
-5040
-5936
-5120
416
4256
-176
-5408
-2192
4640
7088
6800
7184
5568
336
-4656
-5888
-4592
-4096
-4992
-5328
-5152
-5872
-5088
-576
4576
6608
4352
-1600
-5344
-1392
3552
640
-5680
-7392
-5856
-4800
-4208
-4080
-4784
-5584
-6112
-6256
-6480
-7280
-5888
-336
3648
816
-4672
-6960
-5072
-288
4176
5616
5504
5744
5808
5424
4928
4720
5200
5856
6544
7616
6688
1792
-3472
-4864
-4256
-4832
-3776
2000
6080
1632
-3904
-624
4400
1008
-3328
1024
6000
2096
-3056
16
6272
7920
6320
5072
4816
5152
3984
-336
-5152
-6784
-4304
1120
6608
8624
5888
336
-4640
-6960
-5216
896
5040
816
-4352
-720
4800
2000
-4400
-6496
-6368
-7152
-5232
976
4864
1424
-4272
-6064
-5712
-6192
-4944
80
5824
8512
6720
1504
-3376
-5216
-5296
-5152
-5184
-5824
-5008
-528
4208
5536
5344
5808
6720
7664
5856
-560
-5392
-2224
4480
7264
6720
6592
6944
6528
6080
6320
4480
-1296
-4720
208
5632
1888
-4112
-1760
5184
8144
5344
-816
-4288
192
5424
1680
-3888
-864
3920
816
-5872
-8272
-5376
112
5232
7424
4880
-1616
-5840
-2272
4912
7984
5536
384
-4576
-6768
-4592
1104
6448
7456
6048
6304
5360
-32
-3712
-256
5568
7648
4720
-1376
-4736
-960
5024
6544
5312
5440
4272
-1504
-5536
-1168
4464
2224
-3856
-6432
-4064
1952
6112
2736
-4224
-7760
-6032
112
4624
944
-4416
-1744
5008
8016
6400
1264
-4592
-6496
-5552
-5584
-4432
816
6272
7280
6112
6128
4864
-160
-5776
-8240
-6112
-144
3760
624
-4752
-6224
-5472
-5168
-5264
-6000
-4896
608
4144
-512
-5808
-2592
4384
7088
7056
7520
5856
336
-4912
-6016
-4352
-3680
-4720
-5424
-5504
-6000
-4864
-432
4336
6272
4112
-1888
-5712
-1632
3488
544
-5856
-7600
-6064
-4976
-4336
-4128
-4784
-5632
-6224
-6352
-6576
-7456
-6144
-560
3488
656
-4832
-7024
-5040
-320
4032
5456
5488
5856
5920
5424
4832
4640
5232
5968
6608
7568
6592
1712
-3552
-5024
-4480
-5040
-3904
1936
6080
1552
-4064
-656
4544
1088
-3472
800
5824
1920
-3232
-64
6256
7904
6320
5152
4976
5328
4128
-224
-5136
-6880
-4432
1104
6720
8768
5952
288
-4704
-6992
-5248
864
5024
768
-4464
-784
4864
2064
-4448
-6560
-6400
-7152
-5232
944
4784
1376
-4272
-6064
-5728
-6240
-5024
64
5968
8704
6880
1648
-3232
-5072
-5216
-5264
-5440
-6032
-5072
-464
4304
5600
5392
5872
6800
7696
5840
-576
-5312
-2016
4688
7344
6688
6560
6944
6576
6192
6480
4592
-1344
-4816
208
5664
1840
-4128
-1696
5232
8144
5360
-832
-4336
176
5488
1792
-3776
-736
4032
848
-5856
-8208
-5360
128
5280
7488
4976
-1536
-5856
-2304
4992
8192
5712
368
-4720
-6816
-4608
1056
6464
7520
6080
6352
5488
96
-3632
-272
5472
7568
4704
-1376
-4800
-992
5040
6512
5216
5376
4208
-1648
-5792
-1360
4480
2352
-3760
-6352
-3968
2048
6208
2832
-4192
-7872
-6240
-16
4672
1056
-4416
-1824
5008
8160
6656
1536
-4368
-6448
-5680
-5680
-4368
1024
6560
7632
6416
-2192
1680
4544
5824
6384
6080
3984
2400
4096
5248
1568
-1728
1008
4464
2656
-976
-1392
1200
4512
6432
5504
2176
-1808
-5328
-7504
-5920
64
4784
2960
-2080
-4336
-2416
1888
4560
2352
-1248
-880
1856
2592
2464
4432
6144
4480
2384
3424
5824
6704
5360
1776
-2384
-4208
-2656
1248
5072
6320
5760
6032
6144
4000
2368
4096
5216
1984
-1552
-928
2064
3840
2464
-1888
-4896
-2688
1968
4112
2528
-1312
-5152
-6928
-6384
-4544
-2880
-2656
-3072
-2560
-2496
-4608
-6512
-5232
-1952
512
1296
608
-1744
-5072
-6496
-4544
-2544
-3648
-5984
-6800
-5440
-1632
2352
3200
2816
4320
5200
2352
-2032
-4752
-6048
-7088
-5632
32
4512
2544
-1264
-944
896
128
-1184
-128
1104
-304
-1712
544
4864
7584
5856
-656
-5200
-1200
4448
2288
-1648
1232
4912
1376
-4960
-7376
-6416
-4480
-2976
-3040
-2320
1632
4576
2256
-1360
-1040
1968
3808
2576
-1088
-5136
-7568
-6176
-256
5632
6240
2528
-1904
-5216
-6352
-6128
-6192
-5424
-2496
1632
5616
6048
352
-5952
-6112
-2064
1360
1664
-2272
-5152
-480
5024
1392
-5696
-6000
-2064
96
1632
3968
5952
7120
5584
-80
-4816
-3504
1488
5264
6464
5552
2192
-2992
-5248
-864
4576
3568
-1584
-4976
-6304
-6832
-5328
-1744
1232
1184
-1728
-5056
-5680
-2848
1728
5824
5872
176
-5024
-3024
2032
3120
2384
4272
6352
5008
1856
-704
-2272
-2512
-2592
-4432
-6416
-5760
-2560
2048
5696
5280
1824
-960
-1376
416
1568
-1264
-5568
-6048
-2368
2288
4736
2896
-1552
-4880
-6336
-6704
-5456
-2304
1600
4560
5952
6528
6144
3936
2384
4208
5312
1440
-1920
896
4416
2384
-1392
-1488
1488
4720
6432
5584
2464
-1504
-5216
-7552
-5968
96
4752
2736
-2448
-4752
-2768
1728
4496
2128
-1616
-976
2176
3024
2736
4560
6224
4576
2480
3504
5888
6720
5280
1680
-2400
-4256
-2768
1200
5120
6368
5792
6016
6112
4112
2608
4256
5232
1904
-1632
-880
2240
4064
2608
-1856
-4896
-2640
2112
4240
2592
-1328
-5232
-7056
-6512
-4624
-2864
-2576
-2976
-2464
-2368
-4560
-6592
-5312
-1872
576
1264
672
-1568
-5056
-6704
-4640
-2448
-3632
-6080
-6896
-5472
-1664
2256
3072
2720
4336
5296
2464
-2016
-4816
-6096
-7120
-5696
0
4528
2560
-1264
-864
1008
240
-1088
-64
1104
-384
-1792
544
4976
7696
5872
-736
-5280
-1152
4528
2304
-1728
1200
4928
1360
-5056
-7520
-6528
-4576
-3168
-3296
-2464
1632
4592
2192
-1456
-1104
1984
3872
2592
-1232
-5376
-7760
-6240
-192
5728
6224
2384
-2080
-5360
-6496
-6240
-6288
-5504
-2576
1632
5696
6096
320
-6016
-6144
-2128
1280
1648
-2256
-5168
-464
5056
1360
-5792
-6128
-2192
32
1648
4032
6064
7280
5696
-64
-4864
-3536
1472
5296
6560
5600
2192
-2992
-5248
-864
4544
3520
-1648
-4976
-6288
-6864
-5408
-1824
1120
1104
-1744
-5104
-5760
-2896
1728
5840
5936
208
-5008
-2944
2192
3312
2512
4336
6448
5168
1936
-768
-2400
-2672
-2704
-4480
-6464
-5872
-2656
2032
5744
5392
1936
-960
-1424
432
1648
-1232
-5616
-6224
-2640
2144
4752
2848
-1712
-5008
-6320
-6640
-5424
-5520
-2912
2064
6688
8576
6736
1488
-1936
1104
5584
5392
3536
4128
5536
5632
3360
-1120
-2720
2144
6672
3744
-2576
-5824
-7024
-8272
-6544
-288
5456
5776
2784
1408
2720
4608
5680
5472
3296
-176
-2800
-3696
-1952
3168
6448
2720
-1760
944
6592
8160
6544
4448
2416
1536
2528
4528
6416
7088
7088
7776
6736
1728
-1888
960
5648
6256
3328
-352
-2704
-2992
-3232
-4960
-6240
-5248
-3088
-2000
-2896
-4784
-6800
-8336
-7376
-2944
1648
2784
2192
2784
1888
-3344
-7040
-3056
2192
416
-2864
-208
2128
-2688
-6976
-3168
1408
-1472
-7024
-8512
-6880
-4592
-2816
-2592
-1776
2080
6064
6160
2432
-2832
-7376
-9200
-6624
-272
5376
6368
3280
-1328
-3392
-256
2832
256
-3120
-1312
2688
4880
6560
8336
6256
-928
-5680
-1568
5040
5504
3408
4848
5616
592
-6304
-9312
-7536
-2880
1296
2560
2832
4352
5760
5376
3072
-320
-2432
-2400
-2672
-4576
-6976
-8720
-6832
304
6192
4016
-2384
-6048
-6912
-7360
-7552
-7264
-6720
-5824
-2784
3184
5968
16
-6448
-3616
2304
1632
-3408
-6880
-5920
352
5120
448
-6160
-3488
2064
448
-2512
960
6800
8928
6160
-96
-5872
-7104
-3184
3328
6896
3680
-2912
-7040
-6144
-656
5328
6624
2784
-2944
-7328
-8176
-6688
-5552
-3456
768
2272
-1888
-6624
-6976
-2800
3472
6000
864
-5792
-6224
-3248
-2816
-2224
2832
6576
2688
-2640
-1744
2144
3792
1904
-3344
-7104
-4208
2160
6464
6592
1904
-2592
-800
2800
1232
-3216
-6288
-6800
-3328
2336
5584
6048
5456
2640
-2768
-7312
-8112
-6832
-5584
-2880
2224
6896
8784
6912
1584
-1840
1344
5872
5424
3344
4096
5696
5664
3216
-1216
-2656
2288
6816
3856
-2544
-5872
-7152
-8480
-6736
-288
5584
5792
2592
1152
2544
4640
5888
5536
3136
-240
-2672
-3712
-2128
3168
6624
2800
-1760
1056
6768
8288
6640
4544
2416
1440
2464
4624
6576
7232
7216
7952
6976
1984
-1600
1296
5888
6192
3072
-416
-2480
-2704
-3056
-4976
-6352
-5232
-2896
-1744
-2720
-4800
-6944
-8448
-7472
-3056
1552
2752
2176
2752
1888
-3376
-7136
-3152
2176
496
-2832
-272
2064
-2720
-7024
-3216
1360
-1584
-7168
-8624
-6944
-4608
-2880
-2784
-2032
1952
6112
6256
2496
-2848
-7472
-9296
-6640
-240
5392
6448
3392
-1312
-3424
-176
3024
320
-3248
-1424
2784
5040
6656
8400
6288
-944
-5696
-1536
5104
5680
3680
5024
5632
544
-6384
-9440
-7584
-2768
1504
2752
2944
4400
5872
5616
3280
-352
-2720
-2720
-2896
-4720
-7120
-8832
-6864
336
6192
3936
-2464
-6112
-7024
-7504
-7680
-7392
-6896
-6000
-2832
3344
6128
16
-6528
-3680
2192
1584
-3200
-6720
-5984
336
5264
496
-6352
-3760
1840
352
-2448
1072
6880
9040
6320
-64
-5968
-7152
-3168
3360
6992
3856
-2864
-7136
-6224
-640
5408
6720
2928
-2800
-7328
-8288
-6736
-5632
-3616
656
2256
-1856
-6544
-6928
-2864
3376
6000
896
-5808
-6224
-3120
-2608
-2016
3040
6848
2976
-2448
-1760
1952
3552
1760
-3392
-7168
-4304
2112
6560
6784
2064
-2624
-880
2832
1312
-3264
-6480
-6912
-3344
2288
5552
6096
5552
2704
-2832
-7440
-8272
-6976
-5184
-2848
1888
6304
7968
5952
912
-2048
992
5136
5104
3680
4064
5024
5216
3264
-1120
-2720
1952
6048
2976
-2944
-5680
-6576
-7552
-5760
-16
5024
5312
2816
1776
2944
4400
5136
5088
3232
-240
-3056
-3920
-1968
2960
5776
2048
-1936
912
6192
7472
5904
4128
2496
1872
2768
4416
5936
6464
6544
7168
5936
1136
-2000
864
5248
5904
3232
-432
-2928
-3312
-3472
-4800
-5696
-4848
-3184
-2400
-3168
-4672
-6336
-7680
-6656
-2320
1968
2912
2384
2928
1840
-3216
-6368
-2336
2336
160
-2976
-144
2112
-2512
-6368
-2560
1536
-1424
-6624
-7840
-6240
-4320
-3024
-2880
-1856
1920
5600
5744
2352
-2640
-6944
-8464
-5808
32
4960
5920
3184
-1360
-3424
-160
2880
64
-3296
-1168
2976
4880
6144
7568
5392
-1200
-5072
-1088
4656
5104
3584
4784
4880
64
-6000
-8544
-6768
-2288
1600
2752
3024
4208
5232
4976
3008
-352
-2640
-2736
-2944
-4528
-6560
-7984
-6016
608
5616
3136
-2800
-5888
-6400
-6720
-6960
-6656
-6160
-5488
-2688
2880
5216
-368
-5872
-2800
2496
1248
-3776
-6656
-5120
736
4496
-80
-5616
-2656
2208
208
-2608
848
6400
8192
5344
-416
-5504
-6624
-3056
3008
6208
2880
-3328
-6736
-5376
-272
4928
6048
2624
-2736
-6880
-7536
-6112
-5296
-3424
736
2224
-1712
-6176
-6560
-2688
3104
5248
480
-5408
-5776
-3376
-3088
-2192
2704
5920
1984
-2816
-1504
2464
3920
1840
-3184
-6464
-3408
2560
6240
5808
1168
-2752
-544
2912
992
-3552
-6224
-6128
-2512
2704
5360
5504
5008
2528
-2560
-6832
-7456
-6240
-5264
-2816
2016
6432
8112
6064
960
-1968
1200
5376
5088
3456
4000
5152
5248
3120
-1232
-2656
2112
6208
3072
-2912
-5712
-6672
-7728
-5888
16
5136
5328
2688
1568
2800
4448
5328
5136
3088
-304
-2976
-3936
-2096
2992
5936
2112
-1952
976
6336
7568
5968
4208
2528
1808
2720
4496
6048
6528
6624
7344
6160
1360
-1728
1184
5440
5824
3040
-448
-2704
-3040
-3344
-4848
-5776
-4816
-3008
-2160
-3024
-4736
-6480
-7776
-6720
-2416
1856
2848
2336
2896
1840
-3216
-6448
-2416
2336
224
-2960
-176
2080
-2544
-6368
-2576
1488
-1568
-6768
-7936
-6304
-4336
-3072
-3056
-2096
1776
5616
5824
2432
-2624
-7040
-8592
-5856
32
4960
5984
3264
-1360
-3472
-64
3040
96
-3408
-1216
3088
4992
6192
7584
5392
-1216
-5072
-1056
4704
5248
3824
4912
4864
16
-6048
-8624
-6752
-2128
1824
2928
3136
4240
5312
5216
3232
-384
-2944
-3040
-3152
-4640
-6656
-8064
-6016
608
5552
3024
-2880
-5936
-6480
-6880
-7088
-6784
-6320
-5632
-2704
3024
5344
-384
-5952
-2864
2384
1200
-3616
-6560
-5200
720
4640
-32
-5792
-2896
2032
128
-2560
928
6464
8288
5472
-384
-5568
-6624
-3008
3072
6336
3040
-3312
-6832
-5440
-256
4960
6112
2768
-2576
-6848
-7568
-6144
-5376
-3568
640
2240
-1648
-6096
-6528
-2752
3024
5264
512
-5408
-5760
-3248
-2912
-2000
2896
6160
2224
-2688
-1536
2272
3680
1680
-3264
-6528
-3488
2544
6352
6000
1248
-2832
-624
2976
1072
-3616
-6384
-6224
-2512
2672
5312
5504
5072
2560
-2640
-6960
-7584
-6368
