-608
-5200
-6144
-4704
-4192
-5136
-5648
-5600
-6128
-4512
1648
5664
1344
-3344
48
4448
1344
-4448
-6192
-5872
-6608
-5792
-1392
3728
6464
5040
-384
-3984
-512
5808
8560
6208
224
-3424
352
4768
1248
-5552
-7520
-5920
-5216
-5536
-5664
-5520
-5104
-4816
-5168
-4064
512
5984
8352
6448
1312
-3744
-5312
-4352
-4256
-5296
-5632
-5632
-6208
-4384
1552
5152
1136
-5664
-8784
-6544
-448
3552
400
-5856
-8560
-6496
-1392
3552
5344
5184
5552
6224
6624
6864
6496
5696
5216
5648
6656
5040
-704
-4528
-1104
4672
6432
5584
5376
5520
5072
4688
4960
3888
-880
-6256
-7520
-6256
-5840
-4128
896
5504
5952
4592
5024
4496
-336
-3568
736
4784
384
-4304
-272
4336
224
-4480
-352
5200
2848
-3360
-6544
-5104
448
4416
704
-3664
592
5696
1616
-4144
-1840
3664
5408
5184
5584
6320
7424
6256
448
-3440
480
4864
1392
-5552
-8624
-6608
-1648
3488
6224
5232
640
-4880
-7632
-6160
-1344
3600
5136
4624
5008
4000
-416
-5104
-7104
-5616
-528
5200
7648
5232
-1248
-5504
-1280
4288
1024
-4624
-1968
4992
7616
5152
16
-4832
-6000
-4848
-5232
-4640
176
3664
336
-5040
-6336
-5696
-6672
-5984
-192
4272
848
-3744
-832
5040
6272
5056
5360
3920
-1488
-4896
-1328
4896
7296
4576
-688
-5312
-7312
-5280
480
4080
192
-6144
-7632
-5792
-5040
-5760
-6592
-5232
0
5712
7344
5952
4992
5472
6688
6144
1488
-4736
-7696
-5200
1168
4624
96
-5344
-2704
4384
7920
5952
320
-3504
-576
4944
6320
5200
5232
4048
-576
-5232
-6256
-4896
-4416
-5216
-5616
-5664
-6272
-4480
1872
5888
1456
-3184
416
4832
1344
-4752
-6240
-5616
-6512
-6048
-1776
3440
6304
4896
-448
-3776
-128
6192
8928
6560
496
-3136
768
5168
1280
-5872
-7936
-6192
-5216
-5408
-5664
-5664
-5168
-4784
-5056
-3840
752
6112
8448
6560
1360
-3744
-5296
-4304
-4096
-5120
-5680
-5840
-6304
-4288
1696
5248
1120
-5824
-8992
-6704
-544
3520
352
-5984
-8736
-6560
-1344
3664
5520
5392
5712
6288
6624
6848
6496
5648
5184
5776
6784
5008
-768
-4544
-1184
4544
6576
5952
5584
5520
5088
4816
5120
4016
-800
-6224
-7456
-6208
-5888
-4256
784
5520
6032
4592
4960
4528
-272
-3536
784
4816
320
-4416
-336
4288
144
-4544
-304
5296
2832
-3472
-6656
-5120
592
4592
656
-3840
544
5808
1696
-4128
-1840
3728
5504
5232
5648
6544
7696
6384
480
-3312
704
5024
1456
-5600
-8720
-6640
-1488
3792
6480
5296
512
-5072
-7728
-6064
-1120
3840
5328
4752
5072
4064
-400
-5152
-7168
-5616
-480
5280
7760
5360
-1184
-5520
-1312
4272
1024
-4624
-1904
5120
7760
5264
32
-4928
-6096
-4992
-5472
-4848
160
3744
336
-5104
-6416
-5776
-6736
-6032
-304
4176
880
-3648
-704
5168
6304
5008
5344
3984
-1424
-4832
-1296
4896
7376
4736
-592
-5328
-7344
-5344
400
4016
112
-6304
-7840
-5936
-4992
-5664
-6640
-5312
32
5856
7504
6048
5008
5488
6800
6272
1568
-4704
-7776
-5328
1152
4720
80
-5472
-2816
4336
8064
6224
512
-3424
-448
5104
6352
5008
4960
3840
4448
5536
2496
-2032
-4016
-2240
2016
4848
3152
-1216
-5072
-6304
-4080
-2048
-4192
-5536
-336
4896
2576
-1344
1024
5488
5440
3120
2272
1888
608
-1488
-3952
-5696
-6416
-6016
-3712
-2112
-4304
-5696
-1008
5472
7728
5584
1184
-1456
1168
4688
2672
-1872
-3008
-2432
-3632
-5520
-6352
-5952
-4320
-2608
-2160
-2752
-3328
-2000
1936
4832
3264
-1376
-5600
-5808
-768
5232
7536
6480
4064
2512
3648
5888
6816
6256
4560
3008
3056
2560
-944
-4928
-6160
-5824
-6048
-5072
-944
1888
-1472
-4752
-256
4928
1248
-4320
-2112
1872
-608
-4416
-2272
2288
3424
2800
3952
5984
6688
5392
2272
-1840
-5200
-5456
-1840
2608
3904
2336
576
-1616
-5232
-5776
384
5344
752
-4864
-656
5232
1616
-5184
-5632
-2944
-2208
-1664
208
1456
928
-1280
-4560
-6416
-4880
-1760
576
2320
3648
2640
-1136
-4912
-6736
-6256
-3664
-2144
-4352
-5632
-1040
5216
7424
6400
4608
3104
2672
2016
-432
-1680
1440
5472
5488
3104
2432
2912
2432
2544
4608
5360
2192
-992
128
1664
-1744
-4976
-784
5792
6080
1984
-768
-1024
688
1568
-1840
-4768
-704
4752
3168
-2000
-3584
-1952
-240
1952
5040
5632
1616
-1744
1040
5728
5520
2112
112
-1504
-4448
-5488
-1968
2320
2960
2608
5056
5856
592
-4688
-3376
1888
5664
5648
2224
-1168
-1152
1632
4544
6352
6944
5424
1184
-1488
1744
5216
1616
-5024
-7552
-5424
-880
1936
-768
-5392
-5968
-2272
3136
5328
224
-5008
-1328
5648
6624
2640
-2256
-5504
-4576
-2384
-3728
-5328
-2192
2176
2928
2576
4528
5680
2608
-1952
-3952
-2192
2048
4912
3168
-1392
-5216
-6320
-4128
-2288
-4432
-5552
-224
4912
2352
-1712
752
5424
5600
3392
2560
2128
640
-1728
-4224
-5728
-6288
-5952
-3888
-2448
-4560
-5664
-912
5440
7648
5504
976
-1760
1040
4736
2656
-2000
-3200
-2688
-3872
-5664
-6416
-5968
-4384
-2720
-2256
-2800
-3488
-2256
1760
4800
3216
-1504
-5696
-5840
-784
5200
7520
6528
4176
2592
3680
5904
6848
6288
4608
2992
2976
2464
-1024
-4992
-6272
-5984
-6208
-5168
-960
1824
-1600
-4864
-240
5040
1344
-4368
-2336
1584
-816
-4512
-2320
2240
3360
2752
3968
6064
6768
5504
2432
-1744
-5200
-5536
-1888
2672
4016
2368
544
-1664
-5280
-5824
400
5392
736
-4960
-720
5264
1616
-5264
-5696
-2928
-2176
-1664
128
1344
896
-1232
-4560
-6448
-4944
-1824
560
2384
3760
2752
-1056
-4912
-6752
-6272
-3776
-2352
-4576
-5760
-1024
5328
7536
6480
4592
3008
2592
1984
-384
-1504
1680
5632
5456
2976
2304
2848
2448
2624
4720
5456
2192
-1088
80
1648
-1792
-5008
-752
5840
6096
1984
-784
-1056
672
1568
-1840
-4768
-640
4848
3248
-1920
-3456
-1856
-240
1936
5104
5760
1744
-1680
1040
5792
5712
2272
80
-1648
-4544
-5552
-2016
2384
3024
2592
5056
5952
704
-4640
-3424
1728
5552
5648
2224
-1184
-1120
1680
4544
6320
6960
5424
1040
-1728
1600
5232
1664
-5024
-7552
-5360
-800
2032
-704
-5376
-6048
-2432
3072
5408
304
-5024
-1392
5680
6768
2848
-2144
-5504
-4656
-2512
-3840
-5344
-2080
2448
3264
2864
2272
6192
5664
2784
1616
2944
4928
6112
6000
3024
-3200
-6704
-2592
1632
-1824
-5664
-1216
5376
5728
3680
5104
6480
3312
-1456
-3792
-2784
736
2384
-1280
-6640
-8928
-6992
-1584
1744
-2048
-5920
-1376
6368
8816
6848
4480
3440
4512
6000
5024
2896
2544
1904
-1968
-6688
-8704
-7120
-2624
1856
3168
2256
1952
3120
4848
6128
6096
2880
-3280
-6144
-1232
6192
9456
7344
1824
-1728
1136
6736
9104
7280
2736
-1600
-2864
-2832
-4416
-6512
-7328
-7376
-7200
-6320
-4368
-3456
-5392
-5552
400
5376
1456
-5200
-5792
-3424
-4096
-5856
-4848
-2688
-2320
-1744
2240
7040
8272
6912
5392
2400
-2784
-6368
-5248
-2368
-2064
-2208
672
2016
-2784
-6000
-192
5424
624
-5168
-480
5488
1024
-5904
-4352
1328
3872
2896
-432
-2640
80
2272
-2416
-6912
-3248
2176
1440
-1760
-2352
-2512
-4400
-6640
-8272
-7168
-1872
1584
-2256
-6016
-1536
6288
9520
7584
3136
-1264
-3344
-2784
-448
2896
6064
6672
3152
-1504
-2880
-2256
-2720
-1904
2240
6096
6320
3744
320
-3136
-6160
-5792
528
6288
3360
-2256
-864
3040
1568
-3088
-6224
-5696
-400
5536
5920
2960
2528
2640
-320
-1968
1856
6176
5536
3568
5248
6592
2336
-2208
-432
2192
-1344
-6144
-5552
-2800
-2704
-1792
3216
6128
1344
-5568
-6880
-2624
2896
6368
6448
3424
-976
-2416
1792
7200
8480
6608
4400
3696
5488
5984
752
-6208
-8544
-6736
-4128
-3152
-5056
-6608
-3568
2432
6848
6064
-624
-5424
-672
6208
4704
-2048
-6608
-6560
-2096
1552
-1264
-6000
-5600
-2816
-2448
-1744
2480
6384
5760
2704
1456
2768
4896
6272
6048
2736
-3648
-6944
-2640
1552
-2080
-5904
-1152
5584
5776
3600
5088
6544
3408
-1408
-3776
-2704
832
2352
-1488
-6864
-9104
-7168
-1744
1504
-2352
-6144
-1360
6512
8928
6880
4448
3408
4592
6144
5056
2832
2512
1856
-2080
-6832
-8848
-7216
-2704
1792
3152
2192
1680
2768
4768
6320
6128
2608
-3648
-6368
-1232
6368
9680
7600
2080
-1552
1248
6896
9296
7488
2960
-1408
-2752
-2800
-4480
-6640
-7488
-7520
-7344
-6384
-4320
-3424
-5504
-5712
384
5536
1600
-5232
-5952
-3616
-4272
-5952
-4832
-2608
-2288
-1712
2352
7120
8272
6928
5504
2544
-2752
-6480
-5392
-2448
-2144
-2368
608
2096
-2736
-6048
-176
5520
688
-5168
-448
5552
1008
-5968
-4368
1392
3984
2960
-544
-2832
32
2352
-2400
-6928
-3136
2352
1440
-1984
-2672
-2784
-4544
-6768
-8400
-7216
-1760
1648
-2320
-6112
-1552
6304
9536
7536
2976
-1488
-3568
-2896
-368
3104
6272
6784
3184
-1488
-2832
-2192
-2672
-1936
2256
6208
6352
3632
240
-3168
-6288
-5952
512
6480
3600
-2128
-896
2912
1520
-2992
-6224
-5824
-400
5712
6032
2976
2512
2624
-368
-1984
1952
6304
5584
3536
5248
6688
2464
-2176
-464
2192
-1280
-6128
-5616
-2896
-2800
-1856
3168
6096
1344
-5568
-6944
-2784
2816
6416
6560
3536
-912
-2416
1808
7296
8688
6752
4304
3504
5472
6128
816
-6352
-8736
-6800
-4128
-3216
-5200
-6736
-3632
2384
6864
6160
-592
-5472
-672
6304
4768
-2128
-6816
-6768
-2176
1616
-1216
-6096
-5712
-2816
-2384
-1696
2256
5856
5360
2816
1888
3120
4768
5712
5616
2800
-3120
-6160
-2080
1648
-1808
-5152
-816
5104
5392
3760
5088
5920
2704
-1744
-3840
-2688
848
2384
-1280
-6400
-8416
-6304
-1104
1712
-2064
-5440
-928
6160
8192
6288
4272
3552
4496
5600
4672
2960
2704
1856
-1984
-6448
-8224
-6480
-2096
2064
3184
2288
2128
3280
4720
5728
5696
2672
-3152
-5600
-816
6016
8864
6672
1360
-1792
1248
6560
8576
6608
2192
-1840
-2960
-2928
-4368
-6160
-6880
-6944
-6720
-5824
-4176
-3632
-5312
-4912
768
4896
992
-4944
-5440
-3520
-4112
-5440
-4512
-2784
-2496
-1696
2288
6768
7760
6448
5088
2272
-2672
-6016
-4960
-2464
-2288
-2192
784
1952
-2688
-5440
160
4928
208
-4688
-32
5008
528
-5520
-3664
1616
3904
2800
-592
-2656
176
2208
-2368
-6416
-2656
2320
1216
-2000
-2560
-2688
-4336
-6304
-7728
-6496
-1392
1552
-2256
-5488
-1056
6112
8880
6896
2592
-1520
-3440
-2800
-256
3184
6000
6096
2544
-1728
-2912
-2384
-2784
-1824
2208
5776
6016
3664
176
-3392
-6032
-5104
944
5808
2656
-2336
-544
3152
1312
-3408
-6096
-5088
0
5248
5504
2976
2704
2576
-480
-1968
1808
5824
5248
3664
5216
5984
1696
-2272
-224
2192
-1312
-5792
-5216
-2864
-2816
-1664
3136
5552
944
-5312
-6400
-2448
2752
6048
6160
3280
-1008
-2384
1776
6896
7920
6064
4224
3872
5392
5360
272
-6000
-7888
-6128
-3920
-3296
-5024
-6080
-2864
2800
6592
5328
-992
-4896
-176
5808
3936
-2416
-6416
-5936
-1568
1600
-1296
-5664
-5248
-2864
-2608
-1680
2416
6000
5408
2736
1712
2976
4784
5856
5664
2544
-3504
-6384
-2112
1536
-2096
-5392
-768
5280
5408
3696
5072
5984
2752
-1696
-3808
-2592
960
2336
-1488
-6624
-8576
-6464
-1264
1520
-2320
-5600
-896
6304
8288
6336
4256
3520
4544
5696
4672
2896
2672
1808
-2096
-6592
-8352
-6576
-2160
2016
3152
2208
1856
2944
4672
5904
5712
2384
-3488
-5808
-800
6192
9056
6864
1568
-1616
1328
6656
8736
6816
2416
-1648
-2848
-2912
-4400
-6224
-6960
-7056
-6832
-5856
-4112
-3568
-5392
-5024
768
4992
1056
-4976
-5584
-3696
-4256
-5504
-4448
-2672
-2432
-1648
2352
6832
7760
6432
5136
2384
-2608
-6048
-5024
-2480
-2368
-2336
736
2016
-2640
-5440
160
4976
240
-4672
-16
5040
496
-5568
-3664
1696
4032
2896
-704
-2832
160
2320
-2336
-6400
-2512
2480
1200
-2208
-2848
-2928
-4480
-6384
-7808
-6496
-1264
1616
-2304
-5584
-1104
6096
8912
6864
2416
-1792
-3664
-2848
-128
3392
6160
6160
2544
-1744
-2880
-2304
-2736
-1824
2208
5840
6000
3536
112
-3424
-6144
-5264
928
5984
2864
-2256
-624
2992
1264
-3312
-6096
-5168
16
5376
5552
2960
2688
2560
-496
-1984
1856
5920
5296
3648
5248
6112
1824
-2208
-256
2192
-1264
-5760
-5264
-2944
-2896
-1712
3104
5520
928
-5296
-6464
-2576
2656
6048
6224
3376
-944
-2368
1792
7024
8128
6192
4080
3648
5392
5504
320
-6128
-8080
-6240
-3952
-3360
-5136
-6160
-2928
2752
6608
5424
-944
-4944
-192
5872
4000
-2480
-6592
-6080
-1616
1648
-1280
-5728
-5344
-2880
-2560
-1648
