1136
-4480
-6400
-4992
-3984
-4432
-5152
-5568
-6208
-5568
-496
5136
2736
-3696
-1968
4736
3520
-3904
-6672
-4912
-5280
-6256
-2784
3024
6400
5632
688
-4048
-2208
4048
7824
6928
1472
-4064
-1600
4928
3584
-3840
-7376
-6448
-5216
-4464
-4576
-5648
-5600
-4608
-5024
-5184
-1536
4176
7584
6896
2336
-3184
-5568
-4928
-4208
-4384
-4880
-5456
-6336
-5680
-560
4944
3264
-3568
-7968
-7136
-1600
3984
2656
-3776
-7712
-6800
-2320
3232
5712
5024
4832
5584
5808
5744
5744
5632
4992
4368
5664
6512
1664
-4832
-3424
3648
6688
5280
4784
5456
5216
4768
5472
5488
1712
-4032
-6544
-5856
-5888
-5680
-1568
4272
6416
5152
5184
5536
1152
-4272
-1632
4928
2752
-4624
-2816
4624
2704
-4704
-2896
4400
3872
-2864
-6912
-6112
-1072
4176
1968
-4080
-2032
4704
3200
-3408
-2928
3088
5696
4896
4736
5392
6560
6608
1616
-4240
-1840
4640
3600
-3632
-7952
-6880
-2368
3200
6448
5584
1664
-3152
-6624
-6704
-2480
3328
5776
4976
5152
5264
1504
-4144
-7072
-5824
-1552
3376
6864
6896
1360
-4896
-2736
3808
2576
-3536
-3072
2960
6944
6592
2032
-4240
-6640
-5120
-4960
-5312
-1136
4000
2272
-4032
-6416
-4800
-5328
-6528
-2112
3904
2048
-3840
-2608
4080
6672
5040
5184
5504
576
-5200
-3296
3824
7744
6160
1232
-4304
-7456
-6240
-768
4304
2480
-3920
-6944
-6144
-5248
-4960
-5776
-6256
-2320
4032
6832
6080
5008
4736
5792
6144
2464
-3296
-7008
-6768
-1008
5280
2768
-4480
-4192
2544
7152
6880
1776
-3984
-2560
4176
6880
5104
4880
5168
1216
-4720
-6832
-5312
-4096
-4384
-5104
-5776
-6544
-5632
-160
5552
2896
-3696
-1808
4976
3520
-4144
-6736
-4704
-5200
-6432
-2960
2960
6384
5632
656
-4160
-2304
4048
7984
7120
1456
-4240
-1680
4976
3568
-4032
-7632
-6720
-5552
-4800
-4832
-5744
-5600
-4672
-5200
-5296
-1536
4208
7600
6880
2272
-3408
-5984
-5280
-4448
-4640
-5072
-5584
-6624
-5984
-544
5184
3360
-3696
-8080
-7072
-1424
4192
2848
-3808
-7936
-6896
-2208
3408
5856
5040
4752
5568
5904
5824
5840
5984
5552
4784
5824
6560
1632
-4944
-3408
3936
7088
5456
4768
5600
5440
4784
5456
5616
1664
-4368
-6864
-6048
-6080
-5728
-1360
4560
6592
5248
5248
5504
944
-4512
-1616
5152
2800
-4864
-2992
4736
2832
-4768
-2896
4592
4080
-2672
-6640
-5872
-928
4240
1936
-4096
-1904
4848
3120
-3664
-3056
3264
5984
5088
4896
5504
6656
6768
1696
-4352
-1824
4960
3888
-3616
-8208
-7248
-2640
3072
6432
5632
1696
-3216
-6768
-6848
-2592
3264
5712
4912
5200
5392
1408
-4496
-7296
-5792
-1488
3376
6976
7088
1360
-5200
-2976
3856
2544
-3744
-3216
2896
6992
6848
2240
-4320
-6848
-5296
-5072
-5280
-928
4224
2304
-4288
-6848
-5264
-5664
-6528
-1808
4192
2160
-3936
-2784
4064
6800
5120
5280
5680
640
-5360
-3472
3872
7920
6240
1152
-4464
-7520
-6112
-576
4384
2432
-4128
-7296
-6432
-5184
-4592
-5616
-6528
-2544
4144
6992
6208
5168
4704
5664
6288
2768
-3184
-7216
-7120
-1184
5424
2912
-4512
-4192
2704
7344
7056
1872
-4064
-2704
4208
6960
5136
4960
5328
5696
3024
-1456
-5808
-8176
-7712
-3424
1136
-560
-5872
-5952
-2224
-2768
-6304
-6384
-2864
1040
2256
-1424
-6176
-5536
-288
3968
6112
8128
8032
2160
-5440
-6896
-3008
-224
-688
-3424
-6384
-6192
-2720
240
1296
2208
2144
-1904
-6448
-4448
768
0
-5472
-8256
-7392
-5200
-2576
-784
-1008
-3200
-6032
-7328
-7040
-7440
-7424
-3472
1200
-416
-5808
-6784
-3168
144
1680
1680
1392
3440
6320
5824
2640
592
1024
3136
5872
7936
7680
4064
-704
-2576
-1808
-2048
-2320
1536
6304
4736
-704
-1392
1536
592
-2096
992
6288
4544
-1024
-320
5312
8192
7440
5216
2704
2160
2400
-784
-5760
-7024
-3696
1280
5632
8544
8112
2240
-5152
-7008
-3312
704
2080
496
-1632
-880
1360
1328
-1024
-3664
-6016
-8384
-8208
-1712
5952
3936
-4736
-6672
-2544
-3232
-6672
-3360
4576
8912
7952
3872
-672
-2192
-1584
-3360
-6432
-6112
-2832
128
1536
1440
1328
2992
5872
8480
8240
2192
-5376
-5952
-320
4416
6480
7136
6896
6928
7136
6272
3552
-2192
-6912
-2960
5200
5408
-400
-2224
640
4944
7376
2256
-5744
-3664
5056
5472
-512
-1088
1664
-368
-5456
-8800
-8256
-2400
5168
7616
3792
-2416
-6592
-5616
-432
5280
7440
2832
-4960
-7504
-3456
1952
6048
8144
7616
5600
2864
-736
-2320
976
5872
7200
3888
-2480
-7056
-3360
5008
7200
3296
1920
2608
-1200
-6288
-4688
784
1872
-1104
-3376
-2800
1504
6224
5472
64
-5056
-7104
-4224
704
1424
-1040
-1472
688
4080
6752
5232
64
-4560
-6800
-6480
-3264
1648
5952
7936
7552
6000
3072
-1520
-5904
-8352
-7920
-3552
1168
-544
-6016
-6000
-2048
-2672
-6448
-6560
-2928
960
2224
-1360
-6240
-5776
-432
4032
6240
8368
8352
2336
-5504
-7040
-3184
-464
-960
-3664
-6576
-6384
-2880
208
1328
2240
2144
-1984
-6672
-4656
848
256
-5408
-8528
-7792
-5472
-2624
-720
-992
-3280
-6224
-7552
-7136
-7648
-7824
-3600
1408
-256
-5856
-6912
-3264
144
1712
1600
1296
3472
6496
6128
2976
896
1328
3440
6144
8048
7632
4032
-736
-2752
-2048
-2288
-2528
1456
6384
4832
-592
-1280
1584
496
-2176
1152
6544
4560
-1104
-272
5344
8160
7488
5264
2592
2000
2336
-928
-6016
-7136
-3552
1456
5760
8656
8176
2192
-5312
-7152
-3328
688
2000
464
-1568
-800
1472
1488
-816
-3568
-6144
-8576
-8304
-1632
6160
4048
-4800
-6688
-2528
-3408
-6912
-3424
4672
8992
8032
3888
-848
-2384
-1632
-3376
-6560
-6272
-2848
272
1680
1392
1152
2848
5824
8576
8448
2272
-5568
-6224
-432
4464
6656
7424
7152
7104
7264
6288
3312
-2576
-7216
-2944
5552
5824
-112
-2144
480
4768
7408
2416
-5744
-3744
5136
5664
-432
-1088
1664
-320
-5456
-8880
-8352
-2416
5232
7696
3824
-2432
-6592
-5568
-384
5296
7488
2864
-5088
-7696
-3536
1936
6000
8128
7664
5600
2816
-832
-2400
1168
6256
7312
3680
-2736
-7216
-3360
5232
7296
2976
1472
2272
-1520
-6592
-4928
496
1680
-992
-3168
-2720
1584
6384
5696
320
-4976
-7216
-4368
608
1280
-1296
-1600
848
4256
6752
5312
240
-4512
-6832
-6448
-3184
1776
6128
8048
7616
5504
3808
-304
-5040
-7584
-6752
-2000
2704
896
-4720
-5616
-3056
-3504
-5648
-5664
-3504
368
2944
-208
-5200
-4144
1568
5168
6096
7344
7008
1760
-4688
-6064
-3424
-1696
-2240
-4016
-5680
-5504
-3184
-224
2240
4096
3760
-896
-5552
-3248
2080
1056
-4544
-7184
-6256
-4592
-3008
-2096
-2432
-3840
-5584
-6192
-5856
-6512
-6448
-2064
2704
864
-4704
-6304
-3680
-272
2432
3248
2992
4288
6080
5520
3504
2432
2816
4128
5792
7152
6720
3040
-1856
-3728
-2992
-3360
-3440
880
5712
3600
-1792
-1232
2752
1264
-2640
144
5584
3488
-2272
-1184
4736
7424
6512
4848
3536
3824
3888
224
-4896
-6576
-4112
448
5136
8016
7120
1680
-4624
-6640
-4064
256
3008
1152
-2384
-1248
2496
2160
-1712
-4384
-5456
-7024
-6784
-832
5600
3200
-4320
-5984
-3344
-4304
-6064
-2096
4688
8144
7024
2704
-1920
-3360
-2816
-3952
-5808
-5600
-3408
-224
2512
3120
2848
3904
5840
7776
7328
1504
-5056
-4384
1488
5376
6320
6480
6432
6448
6432
6096
4224
-1152
-5712
-1824
5280
4112
-1984
-2560
1888
6080
6928
1440
-5184
-2464
5072
4096
-1968
-1296
2736
1008
-4576
-8016
-6944
-1376
4992
7264
4512
-1264
-5664
-4288
1424
6320
6944
2064
-4736
-7072
-4016
928
5376
7456
6720
5456
3792
0
-2752
-48
5152
7120
4416
-1600
-6016
-2592
4880
6720
3808
3472
3952
-544
-5600
-3360
2256
2464
-1728
-4592
-3888
880
5744
4416
-1536
-6096
-6608
-2400
2624
1872
-2192
-2128
1872
5568
6640
3824
-1344
-4960
-6096
-5840
-3760
688
5376
7264
6544
5568
3792
-368
-5008
-7600
-6848
-1968
2784
704
-5040
-5776
-3040
-3504
-5776
-5840
-3616
368
3056
-112
-5344
-4432
1472
5280
6192
7360
6992
1680
-4800
-6160
-3504
-1952
-2592
-4208
-5728
-5728
-3648
-496
2464
4544
3984
-944
-5648
-3072
2528
1376
-4560
-7264
-6352
-4880
-3440
-2496
-2752
-4048
-5632
-6208
-5888
-6592
-6544
-2000
2912
992
-4752
-6560
-3952
-336
2576
3392
3136
4464
6256
5776
3792
2704
3104
4352
5920
7344
6912
3056
-1968
-3856
-3200
-3632
-3584
912
5840
3680
-1936
-1488
2656
1312
-2608
192
5648
3568
-2032
-832
5024
7728
6880
4944
3184
3312
3520
16
-5136
-6768
-3936
832
5344
8224
7472
1744
-4880
-6672
-3840
288
2832
1120
-2160
-1040
2576
2208
-1760
-4576
-5728
-7392
-7104
-896
5792
3232
-4608
-6128
-3024
-4096
-6400
-2448
4736
8336
7248
2912
-1936
-3600
-3008
-4080
-5968
-5760
-3552
-304
2560
3296
3088
4080
5872
7760
7376
1584
-5088
-4464
1584
5616
6560
6656
6496
6464
6544
6176
4144
-1360
-5952
-1952
5392
4352
-1776
-2480
1840
6144
7104
1376
-5472
-2512
5264
4192
-2000
-1264
2832
1040
-4592
-8096
-7104
-1472
5104
7456
4592
-1280
-5648
-4144
1712
6688
7184
2144
-4704
-7056
-4096
784
5264
7328
6656
5680
4128
16
-2992
-160
5200
7152
4560
-1312
-5808
-2560
4896
6848
3968
3568
4032
-464
-5584
-3280
2416
2448
-1920
-4784
-4032
768
5632
4272
-1600
-6128
-6704
-2480
2624
1920
-2144
-2080
1984
5728
6800
3792
-1568
-5184
-6128
-5760
-3728
672
5408
7408
6816
848
-4896
-6688
-5136
-4096
-4368
-4944
-5600
-6624
-5776
-64
5408
2160
-4176
-1616
5056
3168
-4288
-6752
-5104
-5568
-6160
-2368
3408
6624
5456
64
-4528
-2144
4304
7968
6784
1008
-4272
-1376
4880
3056
-4272
-7408
-6400
-5440
-4912
-4960
-5840
-5744
-4864
-5344
-5232
-1248
4464
7552
6576
1936
-3552
-5856
-5216
-4560
-4704
-4976
-5520
-6752
-6032
-288
5312
3056
-3968
-8032
-6832
-1152
4112
2224
-4416
-8048
-6704
-1936
3632
5904
4976
4624
5392
5808
5792
5776
5888
5504
4768
5696
6192
1216
-4912
-3008
4144
7024
5472
4672
5152
5136
4992
5744
5504
1360
-4336
-6384
-5680
-6224
-6096
-1584
4400
6480
5408
5536
5408
400
-4816
-1440
5104
2320
-4928
-2576
4656
2208
-4912
-2480
4576
3424
-3392
-7200
-6032
-480
4576
1472
-4544
-1696
4880
2496
-4048
-2768
3536
5904
4944
4688
5344
6688
6560
1184
-4368
-1216
5104
3296
-4144
-8160
-6864
-2144
3536
6464
5088
960
-3600
-6624
-6464
-2208
3456
5632
4736
5104
5200
1152
-4704
-7552
-5920
-1120
3824
6784
6368
752
-5152
-2448
3792
1696
-4192
-2608
3696
7040
6288
1696
-4512
-6912
-5600
-5616
-5472
-576
4528
2096
-4672
-7008
-5280
-5616
-6272
-1344
4320
1648
-4256
-2336
4576
6880
5120
5248
5264
128
-5408
-3264
3968
7936
6112
832
-4768
-7664
-6064
-240
4640
2256
-4272
-7040
-6080
-5168
-4944
-5792
-6112
-1968
4336
6960
6208
5232
4960
5856
5936
2064
-3648
-7200
-6768
-912
5152
2256
-4752
-3824
3024
7216
6576
1328
-4224
-2352
4464
6928
5328
5360
5280
880
-4944
-6944
-5616
-4560
-4704
-5136
-5712
-6720
-5808
48
5648
2368
-4112
-1600
5072
3104
-4480
-6896
-5120
-5568
-6192
-2304
3456
6512
5488
192
-4656
-2432
4224
8096
6784
624
-4880
-1680
5040
3312
-4064
-7184
-6272
-5536
-5152
-5104
-5792
-5792
-5184
-5680
-5504
-1440
4416
7568
6432
1568
-4016
-6256
-5424
-4736
-5024
-5264
-5616
-6816
-6272
-576
5184
3120
-3968
-8224
-6976
-1024
4448
2608
-4080
-7952
-6768
-1856
3792
5952
5120
4896
5552
5824
5744
5648
5856
5616
4864
5776
6336
1280
-5056
-3184
4064
6976
5344
4688
5568
5568
4928
5344
5104
928
-4912
-7104
-6336
-6368
-5680
-976
4912
6688
5296
5312
5248
288
-4768
-1168
5360
2304
-5120
-2560
4960
2384
-5152
-2800
4640
3728
-3184
-6928
-5584
-272
4384
1328
-4384
-1328
5344
2864
-3888
-2736
3504
5808
4960
4896
5568
6832
6592
1056
-4592
-1360
5152
3440
-4112
-8304
-7008
-2176
3632
6736
5440
1120
-3712
-6800
-6544
-2240
3424
5632
4848
5232
5248
1056
-4896
-7680
-5856
-1088
3760
6912
6688
992
-5040
-2416
3920
1888
-4144
-2832
3376
6928
6416
1840
-4560
-7008
-5504
-5424
-5424
-592
4592
2176
-4624
-7024
-5456
-5872
-6352
-1264
4320
1536
-4432
-2544
4496
6976
5328
5536
5584
336
-5376
-3264
3984
8016
6320
976
-4864
-7872
-6208
-304
4608
2112
-4528
-7184
-6144
-5280
-5072
-5984
-6384
-2176
4288
6928
6208
5392
5168
6032
6128
2208
-3696
-7392
-6848
-816
5232
2256
-4768
-3808
3120
7360
6656
1312
-4208
-2320
4464
6912
5264
5296
5376
