6032
5328
1168
-4272
-7424
-6752
-1504
3984
2320
-4192
-6592
-4816
-4400
-5536
-6304
-5360
-592
4112
1328
-4944
-4080
2608
6048
5760
6624
6880
2304
-4128
-6512
-5088
-3824
-4032
-4816
-5664
-6288
-5200
-1456
3072
5968
5504
208
-5296
-2944
3408
2576
-4032
-7216
-6256
-5152
-4512
-4032
-4144
-4768
-5648
-5920
-5632
-6512
-6608
-1744
4000
2560
-3888
-7232
-5584
-1184
3488
5424
4784
4784
5712
5712
4864
4304
4416
4832
5472
6672
6688
2720
-3184
-5616
-4672
-4960
-5280
-512
5296
2976
-3520
-2256
3792
2176
-3840
-1664
4896
3008
-3680
-2816
3792
6864
6080
5152
4816
5424
5392
1680
-4032
-7120
-5840
-1168
4288
7584
6928
2096
-4064
-7280
-5920
-528
4384
2064
-3760
-2352
3632
3088
-2912
-5936
-5712
-6576
-6672
-1328
5040
3328
-3936
-6656
-4912
-5440
-6448
-2496
4080
7728
6848
2272
-3152
-5408
-4784
-4672
-5632
-6304
-5360
-1360
3568
5360
4800
4768
5504
6960
7072
1760
-4864
-3872
2688
6288
6112
5776
5904
5872
5856
6400
5824
544
-5360
-2448
4848
3440
-3408
-3280
2784
7040
6928
1344
-5184
-2864
4512
3136
-3664
-2240
3776
2528
-4016
-7936
-7056
-2000
4352
7664
6016
144
-5216
-3968
2400
7120
7024
2272
-4272
-7504
-5664
-736
4576
7024
6320
6144
5696
848
-4256
-2240
4176
7712
6208
400
-5168
-3328
3856
6992
5360
5360
5792
864
-5072
-2688
3792
3168
-3024
-6800
-5920
-560
5072
3744
-2816
-7248
-6928
-1712
4032
2320
-3584
-3104
2880
6816
6608
2624
-3104
-6128
-6064
-6160
-5440
-1024
4768
7008
6224
6096
5376
928
-4736
-7776
-6992
-1776
3856
2336
-4240
-6672
-4800
-4448
-5760
-6512
-5424
-528
4192
1360
-4896
-4048
2560
6144
6032
6768
6864
2176
-4448
-6816
-5168
-3824
-4144
-4912
-5728
-6384
-5312
-1440
3184
6112
5648
240
-5424
-3024
3488
2640
-4064
-7312
-6496
-5520
-4784
-4208
-4400
-5072
-5776
-5872
-5584
-6496
-6608
-1776
4000
2624
-3872
-7472
-6048
-1456
3632
5696
4992
4960
5888
5920
5120
4512
4624
5152
5712
6704
6624
2608
-3328
-5760
-4896
-5280
-5552
-640
5312
2960
-3728
-2352
3984
2304
-3984
-1760
4944
2992
-3760
-2720
4064
7072
6144
5120
4704
5344
5440
1664
-4272
-7456
-6016
-1216
4336
7776
7152
2080
-4336
-7600
-6048
-544
4176
1808
-3664
-2080
3728
3120
-2816
-5968
-5856
-6720
-6784
-1392
5136
3488
-3984
-6816
-4912
-5344
-6368
-2416
4144
7840
7072
2352
-3312
-5568
-4864
-4816
-5744
-6208
-5200
-1360
3504
5312
4720
4816
5664
7088
7200
1888
-4928
-4080
2640
6400
6240
5920
6048
6032
6080
6576
5776
320
-5552
-2448
5056
3664
-3264
-3168
2864
7120
7008
1376
-5200
-2768
4800
3424
-3616
-2352
3760
2656
-4000
-8080
-7120
-1904
4528
7872
6160
112
-5280
-3792
2752
7312
7008
2320
-4144
-7648
-6032
-944
4624
7184
6544
6304
5600
672
-4272
-2128
4368
7968
6352
240
-5536
-3520
4096
7344
5392
5104
5504
544
-5472
-3040
3680
3280
-2912
-6816
-5984
-560
5248
4048
-2672
-7360
-7088
-1808
4016
2416
-3472
-3184
2720
6800
6800
2912
-2928
-6160
-6192
-6240
-5536
-1184
4576
6928
6256
1440
6032
6144
2624
256
672
3296
6160
6384
3136
-2368
-6432
-4208
752
-1072
-6352
-3344
4992
6352
2336
2832
6304
4896
-64
-2624
-1792
624
1856
-800
-5392
-8032
-7520
-3328
1072
-1120
-6208
-3664
4464
8688
7744
4688
1824
2736
6144
5808
2240
1360
2000
-704
-5376
-7968
-7328
-3824
400
2336
1904
912
992
3280
6080
6464
3360
-2592
-6784
-3392
4528
8992
7856
3216
-1024
96
5200
8336
7584
4016
-304
-1856
-1296
-2752
-5824
-7136
-6752
-6864
-7008
-4704
-1760
-3552
-6848
-2336
5600
3792
-4672
-6464
-2528
-2656
-5984
-5648
-2496
-1568
-1824
912
5568
7872
7280
5856
3296
-1504
-5952
-5952
-2672
-1232
-1712
16
2064
-1568
-6640
-2640
5568
3264
-5248
-3184
5424
3824
-4752
-5680
80
3152
2352
128
-1664
-272
1952
-1056
-6128
-4848
480
1616
-880
-1616
-1264
-2928
-5680
-7760
-7696
-3392
1312
-976
-6240
-3856
4368
8864
7808
4112
-272
-2576
-1840
-496
976
4112
6640
4544
-352
-2416
-1600
-1888
-2160
1280
6080
6528
2912
160
-1040
-4240
-6960
-2432
5248
5264
-256
-1408
1136
1520
-688
-4496
-7008
-2736
5104
6864
2896
1104
1712
80
-1744
1280
6192
5888
2208
2896
6320
4624
-288
-624
1600
-848
-5920
-6144
-2352
-1264
-1888
2000
6720
3376
-4720
-7424
-3536
2176
6304
6608
3296
-720
-2144
768
5568
8064
7472
4656
1968
3616
6832
3552
-4320
-8432
-7600
-4608
-1968
-3184
-6208
-5120
-208
5104
7408
2128
-5696
-3760
4784
6304
480
-4944
-6944
-4000
784
-336
-5712
-6256
-2384
-1184
-1696
1568
6256
6288
2672
304
784
3488
6352
6512
3200
-2432
-6576
-4256
816
-1008
-6400
-3392
5024
6304
2096
2720
6400
4960
-112
-2704
-1968
368
1712
-832
-5440
-8160
-7568
-3200
1216
-1168
-6384
-3696
4592
8752
7712
4592
1664
2640
6288
6064
2384
1216
1680
-944
-5472
-8112
-7616
-4064
400
2448
2000
1024
1152
3456
6288
6720
3696
-2352
-6800
-3552
4512
9184
8096
3216
-1200
48
5344
8512
7760
4064
-512
-2208
-1520
-2880
-5984
-7312
-6848
-6864
-7104
-4912
-1920
-3616
-6896
-2320
5712
3856
-4768
-6576
-2464
-2576
-6176
-5888
-2544
-1632
-2080
720
5616
7952
7312
5952
3344
-1744
-6272
-5968
-2496
-1152
-1680
160
2272
-1424
-6608
-2544
5856
3376
-5536
-3472
5440
3888
-4848
-5856
-208
2720
1984
0
-1600
-128
1984
-1152
-6208
-4896
400
1472
-1104
-1744
-1248
-3056
-6016
-7984
-7728
-3408
1264
-1072
-6368
-3872
4480
9072
8032
4176
-320
-2496
-1696
-464
960
4240
6896
4768
-208
-2320
-1504
-1712
-1952
1472
6192
6528
2832
224
-880
-4272
-7184
-2512
5392
5344
-288
-1408
1120
1440
-592
-4336
-7024
-2832
5152
7008
3072
1136
1552
-80
-1904
1104
6176
5984
2224
2960
6560
4736
-480
-768
1664
-848
-6064
-6304
-2608
-1600
-2064
2032
6784
3344
-4848
-7600
-3616
2256
6384
6544
3152
-752
-2016
960
5712
8208
7712
4832
1904
3520
6800
3424
-4544
-8608
-7776
-4752
-2000
-3184
-6288
-5280
-320
5200
7664
2240
-5712
-3696
4880
6432
704
-4832
-7008
-3968
912
-432
-6016
-6496
-2528
-1376
-1952
480
5344
5984
3536
1984
2512
4352
5968
6144
4064
-1184
-5760
-3072
2480
304
-5440
-2880
4672
6096
3312
4256
6400
3584
-1744
-4448
-3600
0
2896
640
-4704
-7888
-7040
-2064
2592
-80
-5520
-3088
4464
7888
6800
4640
3056
3920
6032
5504
3328
3264
3392
-32
-5040
-7712
-6912
-2880
2000
4064
3296
2432
2816
4288
5744
6176
4160
-1408
-5936
-2944
4464
8528
7216
2128
-2432
-928
4768
8032
6976
2800
-2064
-3904
-3280
-4000
-5808
-6432
-6208
-6336
-6368
-4816
-3136
-4832
-6640
-1520
5360
3056
-4640
-6464
-3760
-3824
-5728
-5216
-3584
-3728
-3776
-272
4880
6992
6256
5648
4288
-192
-5168
-5968
-3712
-3120
-3520
-448
3024
-240
-5600
-2000
5360
2560
-5104
-2400
5248
2800
-4944
-4544
1680
4880
3904
336
-2992
-1104
2752
96
-5376
-3552
2224
2192
-2064
-3664
-3264
-4112
-5696
-7168
-6928
-2176
2624
-176
-5536
-3184
4384
8432
7360
3248
-1632
-4048
-3216
-1008
1952
5344
6592
3344
-1776
-3760
-2960
-3328
-3456
224
5136
6416
4048
880
-2240
-5744
-6752
-1296
5344
3744
-2128
-1776
2432
2240
-1888
-5872
-6800
-2080
4800
6480
3888
3248
3552
336
-2944
-256
5152
5888
3472
4336
6304
2864
-2336
-1200
2624
480
-5088
-6112
-3536
-3216
-3424
1152
5952
2848
-4528
-7296
-4352
832
5376
6736
4304
-192
-3008
-512
4816
7392
6672
4672
3216
4784
6464
2400
-4672
-7792
-6832
-4640
-3168
-4496
-6176
-3648
1744
6304
7152
1296
-5440
-2560
5040
4912
-1504
-6208
-6704
-2480
2496
800
-5040
-6224
-3568
-3184
-3408
352
5280
6080
3808
2320
2688
4336
5984
6256
4080
-1296
-5904
-3152
2464
144
-5776
-3040
4800
6288
3408
4272
6352
3488
-1808
-4512
-3712
-80
2928
624
-4912
-8128
-7168
-1984
2928
224
-5504
-3200
4480
7984
6880
4768
3280
4016
5920
5456
3568
3616
3664
176
-5008
-7872
-6976
-2688
2288
4304
3552
2704
3136
4576
5840
6304
4592
-992
-5904
-3136
4352
8560
7312
2144
-2560
-1088
4736
8192
7136
2832
-2064
-3792
-3232
-4096
-5888
-6432
-6160
-6304
-6336
-4736
-3072
-4912
-6704
-1360
5616
3168
-4640
-6432
-3600
-3824
-6048
-5456
-3344
-3264
-3376
128
5328
7408
6608
5808
4128
-496
-5360
-6032
-3664
-2976
-3280
-208
3104
-528
-6000
-2096
5552
2592
-5312
-2496
5392
2880
-5056
-4720
1488
4560
3616
384
-2624
-848
2672
-144
-5600
-3792
2016
2112
-2016
-3424
-2912
-3984
-5840
-7296
-6944
-2176
2752
32
-5536
-3312
4256
8288
7136
3024
-1840
-4272
-3392
-1088
1872
5360
6768
3472
-1792
-3712
-2928
-3408
-3472
384
5360
6512
3936
816
-2080
-5696
-6976
-1488
5392
3904
-2048
-1856
2320
2320
-1664
-5808
-6992
-2160
4976
6656
3808
2976
3376
352
-3008
-400
5216
6032
3504
4432
6512
2960
-2400
-1264
2752
640
-5200
-6384
-3728
-3536
-3824
960
6048
3008
-4576
-7616
-4672
720
5392
6784
4352
-176
-3072
-528
4976
7616
6752
4688
3312
4912
6592
2448
-4640
-7648
-6672
-4608
-3280
-4592
-6272
-3744
1824
6608
7264
1040
-5744
-2656
5136
5088
-1408
-6272
-6816
-2528
2480
768
-5120
-6272
-3552
-3248
-3600
6368
5472
960
-4592
-7520
-6480
-1104
4064
1984
-4496
-6656
-4768
-4192
-5280
-6224
-5104
128
4512
1056
-4912
-3344
3168
6112
5792
6688
6768
2016
-4400
-6640
-5120
-3872
-4032
-4560
-5408
-6224
-4992
-816
3680
6160
5408
48
-5184
-2432
3744
2432
-4112
-6944
-6032
-5120
-4480
-3952
-4096
-4640
-5392
-5584
-5408
-6432
-6320
-1088
4384
2320
-4272
-7408
-5472
-672
3968
5504
4800
4928
5872
5952
5136
4496
4576
4944
5536
6720
6464
2256
-3392
-5472
-4576
-5040
-5152
-80
5504
2704
-3488
-1440
4336
1792
-4064
-1040
5312
2640
-3920
-2368
4288
7008
6128
5312
5088
5680
5488
1584
-4144
-7168
-5712
-832
4592
7680
6880
1984
-4144
-7296
-5584
192
4576
1328
-4096
-1584
4240
2768
-3312
-5792
-5392
-6384
-6368
-880
5264
3328
-3840
-6512
-4944
-5280
-5808
-1760
4464
7856
6800
1952
-3520
-5472
-4592
-4432
-5408
-6176
-5120
-832
4032
5456
4672
4688
5728
7456
7152
1344
-4896
-3280
3216
6416
6176
6016
6160
6032
6016
6624
5872
320
-5360
-1920
5136
2976
-3664
-2576
3616
7232
6704
1120
-5040
-2208
4928
2928
-3616
-1536
4256
2432
-4144
-7760
-6640
-1584
4624
7920
6192
16
-5184
-3344
3088
7328
6912
2256
-4096
-7376
-5568
-352
5104
7248
6448
6416
5648
384
-4368
-1632
4976
8224
6160
-64
-5328
-2800
4528
7248
5488
5584
5664
224
-5328
-2224
4112
2976
-3104
-6496
-5360
112
5376
3504
-3072
-7168
-6432
-960
4352
1984
-3728
-2640
3392
7024
6560
2464
-3056
-5680
-5664
-6064
-5296
-592
5120
7136
6448
6416
5520
1088
-4416
-7520
-6656
-1088
4320
2080
-4656
-6784
-4752
-4224
-5376
-6288
-5232
-48
4640
1328
-4944
-3536
3216
6336
6064
6944
6880
2000
-4432
-6736
-5264
-4016
-4208
-4720
-5424
-6384
-5424
-1040
4080
6864
5856
48
-5376
-2336
4208
2736
-4224
-7056
-6016
-5360
-5008
-4544
-4624
-4976
-5376
-5488
-5504
-6544
-6288
-1040
4496
2592
-4000
-7408
-5712
-864
4112
5824
5040
5072
5920
6032
5360
4752
4800
5216
5712
6704
6448
2320
-3360
-5536
-4880
-5488
-5360
64
5648
2560
-3808
-1632
4368
1872
-4064
-1040
5376
2768
-3696
-2048
4704
7584
6864
5776
4928
5264
5184
1264
-4528
-7376
-5648
-640
4864
8000
7136
1968
-4416
-7424
-5520
128
4464
1536
-3680
-1328
4240
2688
-3312
-5808
-5584
-6736
-6688
-912
5552
3472
-4128
-6736
-4752
-5168
-6128
-2080
4592
8272
7200
2160
-3520
-5632
-4816
-4624
-5536
-6224
-5136
-864
4016
5536
4816
4816
5728
7360
7184
1424
-4976
-3344
3328
6560
6288
6160
6352
6288
6352
6864
5840
48
-5600
-1984
5216
3248
-3328
-2512
3488
7296
6912
1104
-5216
-2256
5008
2928
-3680
-1536
4240
2304
-4368
-8048
-6896
-1664
4752
8080
6224
-128
-5296
-3200
3440
7536
6848
2080
-4256
-7488
-5664
-464
5008
7200
6528
6688
5920
496
-4400
-1840
4688
8160
6384
144
-5376
-2928
4496
7312
5504
5552
5760
400
-5280
-2208
4224
3040
-3248
-6768
-5584
32
5472
3552
-3184
-7296
-6464
-864
4464
1968
-3728
-2432
3568
7072
6640
2496
-3152
-5824
-5824
-6256
-5392
-576
5120
7088
6384
