3424
-1168
-3376
-3968
-4880
-5152
-3712
-2240
-3344
-5056
-2272
2112
144
-4736
-3376
1520
2064
-1344
-4224
-5152
-4640
-2704
832
4736
7056
5808
240
-4832
-3216
2512
5392
3536
-1536
-5696
-3424
2368
2784
-1584
-3360
-2512
-3296
-4592
-3696
-2448
-2912
-4032
-4816
-4720
-2048
2672
5840
4848
384
-4096
-5520
-5040
-5248
-5264
-3904
-3264
-4752
-5168
-1648
2240
1792
-1600
-4320
-4000
896
6176
4656
-1744
-5200
-3600
496
4624
6784
6608
5248
3872
3552
3760
3248
3120
4528
6400
7488
6320
1936
-2160
-1664
2128
5408
6448
5184
3616
3968
5760
7264
6736
2928
-1584
-3008
-2912
-4272
-5168
-2736
1824
5104
6464
7536
6480
736
-4416
-2176
3072
2416
-1712
-736
3008
1328
-2560
-624
3136
1184
-3824
-6384
-4896
784
5328
1248
-5344
-2832
3072
544
-4832
-2496
3936
7024
6944
5728
4400
4656
4448
160
-4288
-2576
1968
2320
-1136
-4160
-4240
-784
4336
7584
6672
1808
-3552
-5392
-3488
304
4384
6320
6144
6560
6512
3536
-1040
-5104
-6064
-1488
4592
6576
4880
1040
-2160
768
5808
2848
-3552
-2032
4304
6624
4880
1728
-2128
-4576
-5456
-6736
-5616
576
5984
4192
-1856
-5632
-5856
-5008
-2912
2096
5808
2256
-4000
-3664
2192
5904
6336
7200
7136
2736
-2192
-1600
3136
6880
7264
4304
-896
-5936
-6352
-272
5568
3904
-1456
-3536
-3168
-3888
-5120
-5312
-4000
-608
3296
4416
3584
4240
5904
6192
4208
-128
-4384
-5216
-2816
1040
3584
1376
-2320
-576
4896
7488
5344
-96
-4720
-3104
2848
6384
6608
6880
6512
2816
-2288
-4816
-5280
-5936
-5760
-3824
-2640
-4272
-5376
-1264
3600
816
-4720
-2448
3280
2624
-2192
-4848
-5568
-5680
-3584
768
5152
7984
7072
1072
-4384
-2528
3392
6464
5056
-64
-4640
-2464
2736
2240
-2016
-3616
-3360
-3984
-4560
-3888
-3232
-3856
-5008
-5776
-5280
-1984
2944
5616
4448
320
-4592
-6960
-6304
-5552
-5408
-4432
-3728
-5072
-5248
-880
3456
2352
-1712
-4560
-4352
256
5200
3904
-1712
-4896
-3664
544
5136
7200
6944
6032
5056
4544
4432
4128
4480
5760
6864
7232
5600
1168
-2688
-1776
2928
6784
6896
4992
4544
5584
6320
6944
6576
2864
-2000
-3888
-3936
-5168
-5888
-2768
2640
5728
6192
7056
6656
1136
-4960
-3232
3088
3216
-1328
-208
4384
2528
-2464
-1072
3392
2208
-3504
-7680
-6784
-48
5840
2160
-4752
-2352
3920
1568
-4432
-2368
5008
8016
6240
4704
5040
6688
6640
864
-5440
-3520
2112
1936
-2320
-4544
-3408
112
4272
7264
7408
3072
-3168
-5984
-4192
352
5232
7152
6720
7520
7664
3616
-2416
-6464
-6064
-752
5104
7024
5184
560
-3104
336
5760
2320
-4160
-1488
5808
7776
5408
2128
-2256
-5584
-6288
-6896
-6416
-880
5472
4384
-2208
-6192
-6368
-6304
-4864
720
5168
1456
-4752
-3488
2752
6064
6736
8096
7616
2608
-2272
-1456
3312
7344
8208
4736
-1584
-6400
-5968
-208
4752
2784
-2320
-3952
-3712
-4592
-5504
-5840
-4976
-1408
3008
4736
4400
4720
6064
7120
5808
784
-4880
-6688
-4496
-112
3360
1808
-1792
-320
5152
8528
6784
272
-5200
-3008
3680
7248
7104
6656
5840
3504
3984
1648
-2000
-4048
-3520
-48
3840
3136
-1488
-4256
-3792
-2912
-3104
-4352
-4592
-992
2864
1120
-2560
-1328
2720
4224
3712
3824
4000
1920
-1872
-3984
-3728
-3584
-3920
-3280
-2864
-4128
-4240
-896
3280
5168
3744
-624
-3696
-1408
2112
880
-3024
-4336
-3408
-3408
-4032
-3408
-2880
-3904
-4832
-4592
-4464
-4864
-3776
32
3104
1456
-2704
-4992
-4336
-1088
2880
4192
3312
3280
4320
4928
4496
3456
3104
3680
4384
5472
5472
1840
-3296
-5312
-4720
-4544
-3680
304
3856
1600
-2320
-96
3920
1152
-3296
-400
4352
1872
-2944
-1568
3168
5104
4800
4384
4176
4624
4352
1312
-2896
-5296
-4912
-1872
2416
5184
4784
1536
-2704
-5504
-4832
-544
2928
704
-3088
-1168
2784
1248
-3120
-4416
-4208
-5632
-5920
-1664
3216
2128
-3152
-5248
-3712
-3360
-3648
-1488
2064
4624
4864
1840
-2144
-3488
-2944
-2976
-3552
-4304
-4096
-1088
2768
4240
4128
3888
3936
5136
5392
1424
-3104
-2080
2432
4576
4160
3920
4016
3952
4560
5856
5216
384
-4192
-1712
3648
2416
-2496
-2384
1696
4672
4880
848
-4048
-2320
2864
1856
-2240
-816
2640
1312
-2944
-5648
-5184
-1776
2608
5792
5584
848
-3936
-3056
1728
4800
4320
1136
-3248
-5968
-4800
-528
3952
6144
6032
5616
4464
656
-2784
-1024
3744
6224
4976
480
-3776
-2432
2624
4560
3536
3600
3360
-384
-4096
-2128
2208
1536
-2768
-5168
-4080
-208
2896
1040
-2976
-5008
-4800
-1088
3440
1536
-3712
-3024
2160
5184
4768
1664
-2544
-4864
-5328
-5824
-4944
-912
3888
5808
5488
5520
4432
464
-3680
-5648
-5040
-1008
3168
1504
-3952
-6000
-4464
-3648
-4512
-5440
-4160
160
3008
80
-3968
-2320
2784
5296
5296
5600
5024
1136
-3840
-5728
-4528
-3200
-3040
-3648
-4656
-5264
-3872
-176
3760
5632
4112
-880
-4992
-2528
2944
2624
-2512
-5280
-5120
-4960
-4448
-3552
-3648
-4384
-4656
-4544
-4576
-5168
-4688
-960
2880
1536
-3280
-5776
-4112
-16
3712
4656
3680
3376
4336
5328
4928
3456
2784
3152
4000
5552
5888
2432
-2608
-4832
-4384
-4432
-4048
176
4592
2080
-2992
-1184
3152
544
-3744
-512
4768
2656
-2336
-1248
3632
5632
4960
4256
4000
4352
3888
544
-3920
-6192
-4816
-544
3904
6368
6032
2336
-2768
-5440
-3984
832
4288
1360
-3008
-704
3456
1392
-3088
-4064
-3984
-5824
-6192
-1280
4240
2368
-4064
-5696
-3184
-3328
-4752
-2576
2128
5472
5392
1728
-2752
-4352
-3328
-3168
-4720
-5840
-4640
-1056
2592
4160
4544
4608
4432
5392
5504
1072
-3424
-1632
2848
4400
4080
3904
3952
4560
5376
6080
5296
400
-4784
-2592
3104
2192
-2528
-1904
2944
6256
5888
1296
-3456
-1424
3808
2368
-2528
-1296
2800
1696
-2992
-6080
-5568
-1328
3984
6736
5056
-544
-4928
-2640
3328
6640
6000
2080
-3584
-6816
-5328
-688
4208
6224
5664
5616
4608
-192
-3984
-1616
3440
6144
5040
-288
-5440
-3456
3488
6816
5552
5120
5120
656
-4656
-2480
3024
1904
-3392
-5728
-4400
-16
4240
2624
-2688
-5824
-5760
-2240
2016
672
-3568
-2288
2992
6048
5632
2128
-2896
-5248
-4768
-4848
-4672
-896
4592
6960
6464
4432
4432
1536
-2144
-3968
-2800
1184
4416
2784
-1888
-4560
-4336
-3264
-2880
-4064
-4352
-176
4112
1920
-2112
-272
3920
4288
3008
3680
4016
1280
-2176
-3312
-3424
-4272
-4464
-3712
-4304
-5936
-5120
-656
3904
5456
3968
32
-2816
-240
3696
1952
-2528
-3808
-3344
-3632
-4144
-4896
-5568
-5040
-3968
-3168
-3072
-4144
-3840
480
4608
2944
-2432
-6224
-5824
-1152
4464
6416
4832
3216
3136
4096
4976
4992
4480
3792
3424
3968
3568
288
-3520
-4832
-4720
-5488
-5200
-528
3936
1120
-3408
-432
4048
800
-3680
-576
3872
1040
-3632
-1984
2496
3904
3968
4768
5232
5328
4368
784
-3728
-6016
-4800
-656
3888
5936
4656
1136
-2896
-5808
-5008
592
4864
1408
-3328
-672
3696
1728
-2656
-3680
-3440
-4560
-4336
-224
3856
2256
-2768
-4944
-4192
-3904
-3504
-912
3184
6128
5232
672
-3680
-5168
-4528
-3472
-3696
-5152
-4608
-464
3824
5120
4656
4240
4144
4640
4304
784
-2800
-1072
3616
5488
4736
3984
3360
2672
2960
4816
5536
1424
-3392
-1264
3408
1056
-3808
-1856
3616
5776
4336
272
-3104
-272
4288
1648
-3040
-576
3760
2080
-2496
-4880
-4352
-1104
3552
6912
6288
1248
-2816
-560
4448
6256
4768
1552
-2688
-5728
-5024
-624
3776
4528
3840
5344
5520
640
-3888
-2128
2944
5968
5072
640
-3248
-1504
3664
5840
5024
5424
5408
928
-3520
-1072
3648
2272
-3120
-6112
-4816
-128
3584
1344
-3952
-6128
-3808
1296
4560
1408
-2992
-912
4256
6000
4256
448
-3472
-4528
-4160
-4944
-4336
-336
3600
4464
4240
5152
5088
2032
-2384
-5632
-5248
-192
4352
2336
-2992
-4944
-4016
-3568
-3984
-4960
-4448
240
4400
1536
-3152
-1408
3408
4736
4208
5056
4880
1008
-3760
-5328
-4416
-4016
-4272
-4080
-4272
-5264
-4528
-496
4064
6064
4544
-96
-3136
160
4464
2000
-3328
-4592
-3776
-4464
-5200
-4672
-3872
-3488
-3792
-4352
-4752
-5456
-4688
-32
4256
2352
-3040
-5904
-4832
-672
4048
5840
5024
4352
4448
4688
4800
4928
5072
4720
4592
5456
4576
-48
-4352
-4736
-4016
-5088
-4704
208
4272
864
-4176
-1248
4224
1456
-3888
-1088
3808
960
-3696
-1376
3776
5520
5088
4560
4640
5888
5520
992
-4576
-7040
-5504
-1040
3792
6400
5664
2016
-2528
-5696
-5184
512
5504
1904
-3888
-1296
3888
1840
-3264
-4400
-3744
-4944
-5008
-320
4704
3152
-2480
-4880
-4288
-4912
-5040
-1424
3664
6192
4928
528
-4064
-5456
-4416
-3808
-4400
-5584
-5200
-976
4176
5584
4368
3936
4528
5568
5152
864
-3088
-928
3968
5664
5088
4864
4896
4672
4624
5648
5536
640
-4080
-832
4320
1168
-4288
-1856
4496
7184
5504
352
-3936
-864
4368
1584
-3552
-400
4928
2480
-3744
-6304
-4848
-1200
3440
6544
5168
-368
-4176
-1424
4256
6832
5264
1024
-3904
-6704
-5568
-1232
3200
4800
5072
6464
5664
-144
-4704
-1840
4480
7776
6176
224
-5024
-3024
3456
6368
5536
5472
4704
-80
-3792
-352
4304
2160
-3424
-6384
-5200
48
4384
2016
-3632
-6528
-5280
144
4704
1712
-3376
-1552
3680
5680
4368
544
-3856
-5120
-4688
-5792
-5552
-944
4336
5616
4624
2496
-1856
-4592
-5040
-4816
-4432
-3200
-2240
-3408
-4272
-1120
2208
-64
-3888
-2592
1072
1344
-1152
-3232
-4160
-4192
-2656
656
4304
6688
5888
1200
-2880
-1584
2144
3376
1792
-1536
-4064
-1936
2160
1616
-2368
-3984
-3520
-4304
-4944
-3488
-2464
-3584
-4880
-5184
-4400
-1920
1296
3328
3040
-208
-4272
-5424
-4464
-4640
-5120
-3936
-2960
-4304
-5024
-1696
2000
1216
-2224
-4416
-3184
1536
4864
2400
-2240
-4080
-2672
880
4512
6032
5600
4256
2928
2560
2736
2832
3360
4160
4512
4816
3968
432
-2512
-864
2800
4368
3984
3168
3136
4144
4640
4944
5344
2816
-1888
-3712
-3536
-4928
-5312
-1600
3424
5776
5712
5904
5200
624
-3632
-1200
3200
1216
-3152
-1504
2512
832
-2768
-640
3472
1952
-3440
-6672
-4944
912
4704
1056
-3824
-1408
2688
-80
-4000
-1120
4208
5600
4528
3840
3920
4448
3072
-1776
-4896
-1632
2688
1408
-3056
-5280
-3888
-256
3744
6384
5728
928
-4608
-6288
-3936
192
4064
5584
5440
5728
5056
2016
-1696
-4720
-5072
-720
4512
5728
3392
-656
-2816
1008
4912
960
-3888
-944
4528
5648
3696
544
-2752
-4144
-4480
-5968
-5680
-464
4544
3184
-1712
-4000
-3856
-4112
-2768
2144
4976
512
-4848
-3232
2224
5136
5808
6528
5552
1216
-2544
-1408
2752
5808
6144
3456
-1504
-5952
-5952
-144
5440
3504
-2528
-4496
-3392
-4128
-5552
-4928
-2976
-336
2384
3296
3168
4320
5696
5504
3488
-464
-4336
-5168
-3168
144
2448
800
-2016
-416
4096
6352
4272
-1072
-4608
-1856
3200
4848
4848
6048
5840
2048
-2608
-5008
-5600
-5952
-5808
-4560
-4000
-5616
-5472
-16
4224
128
-5216
-2432
3168
2736
-1888
-4864
-5392
-5040
-3872
-1056
3184
6624
5744
320
-3728
-1824
2608
4704
3520
-784
-4624
-2224
2720
1680
-2960
-4336
-3984
-4864
-5040
-4032
-3600
-3840
-4544
-5904
-5872
-2368
2688
5664
4640
128
-4768
-6608
-5872
-5216
-5088
-4320
-3488
-4288
-4720
-1440
2240
864
-3136
-4672
-2976
1152
4480
2768
-2240
-5072
-3632
784
4880
5904
5040
4208
3728
3888
4048
3600
4208
5600
5568
4992
4144
496
-3328
-1776
2960
5376
5248
4384
3824
4544
5792
6336
5408
1648
-3216
-4464
-3264
-4336
-5456
-1696
3984
5632
4752
5776
5568
-352
-5552
-2288
3200
1552
-2720
-880
3136
1168
-2656
-448
3408
1392
-3904
-7232
-6256
0
5088
1200
-4624
-2080
2320
-752
-5072
-1888
4784
7424
5968
4112
3728
4624
4048
-288
-4192
-2144
2288
2048
-2144
-5040
-4400
-496
4624
7456
5632
160
-4896
-5936
-3280
928
4576
5824
5712
6288
5920
2704
-1904
-5520
-5360
-624
4112
5104
3312
-640
-3504
144
4960
1536
-4016
-1344
4800
6208
3984
720
-2864
-4816
-5312
-6304
-5328
272
5216
3040
-3040
-5968
-5696
-5888
-4736
816
5184
1424
-4432
-2736
3232
5472
5216
6176
5456
576
-3456
-1728
3088
6032
5472
2112
-2416
-5680
-5168
-288
3984
2080
-2480
-3824
-3536
-4480
-5424
-5680
-4592
-992
2624
3456
3312
4080
5232
6144
4832
128
-4544
-5968
-4000
816
4048
1040
-2768
-336
4512
6144
4384
-352
-4608
-2656
3136
5552
5120
5856
5712
