5152
5856
3296
-160
-2096
-1808
1792
5776
4640
-464
-4224
-5104
-3872
-2576
-3808
-4384
304
4976
2720
-1088
1008
5056
5136
3760
4160
4176
1792
-1712
-4512
-5504
-5040
-4304
-3056
-2064
-3520
-4880
-1488
4432
7600
6560
2000
-2128
-128
4784
4096
-704
-2720
-2368
-3072
-4336
-4848
-4592
-3600
-2576
-2160
-2256
-3152
-3168
960
6048
5024
-896
-5088
-4928
-656
5104
7680
6528
4816
3968
4464
6160
7168
6608
5344
4512
4896
4688
960
-4320
-6384
-5696
-5712
-5056
-496
3664
848
-3744
-480
5344
2560
-3488
-1440
3744
1536
-3856
-2848
2288
4512
4240
4768
6400
8000
7744
4400
-496
-4288
-4720
-1216
3200
5248
4544
2272
-816
-4432
-5632
-464
5408
2032
-4464
-1088
6208
3872
-3744
-5312
-2560
-2128
-2688
-672
2096
1616
-2144
-5328
-5680
-4480
-2512
512
3760
5744
4848
784
-3680
-5856
-5264
-2400
-704
-3216
-5424
-1984
3856
6864
6960
5872
4928
5024
4192
672
-1904
432
4704
5680
3856
3104
4048
4368
3904
4880
5824
2832
-1312
112
3840
1104
-4240
-2064
4720
7296
5248
1152
-2336
-448
3504
976
-3488
-176
5904
4912
-1040
-4176
-2672
240
2832
6016
7392
3136
-2176
-896
4448
6624
4976
2176
-1168
-4224
-4720
-1568
2720
4528
4704
6192
6080
656
-4720
-3376
2496
7504
8352
3712
-1632
-704
4192
6208
5792
6928
7456
3168
-1328
1136
5584
3024
-3344
-6464
-5472
-752
3856
1808
-4224
-6304
-3168
2800
7072
3488
-3376
-2400
4608
7872
5488
288
-4272
-4400
-2368
-3328
-4832
-1920
2832
4464
4464
6336
7424
3952
-1200
-3712
-2624
1776
5680
3648
-2240
-5552
-5136
-3568
-2928
-4288
-4672
-192
4720
2768
-1712
224
5712
6720
4544
4320
4720
2224
-1824
-4368
-5344
-5920
-5632
-4000
-2880
-4112
-4832
-1072
4752
7824
6784
1728
-2736
400
6240
4416
-1632
-3504
-2864
-3648
-4976
-5808
-5520
-3840
-2384
-2512
-3632
-4400
-2784
1936
5856
4176
-1584
-5664
-4864
48
5568
8016
7200
5328
4192
4976
6864
7728
7008
5296
3888
4320
4896
2224
-2576
-5360
-5664
-6320
-6112
-1280
3856
1216
-4048
-992
5120
2304
-4048
-1888
3424
688
-4576
-2160
3744
5472
4768
5008
5904
7088
7104
3824
-1408
-5296
-5552
-1984
2784
5776
5808
2752
-1840
-5664
-6032
-640
5120
2128
-3872
-640
5840
3216
-3904
-5632
-3616
-3440
-4016
-1024
3728
3648
-1440
-5072
-5168
-4752
-4064
-1136
3152
6160
5696
1184
-4128
-5856
-4464
-2928
-2768
-4816
-6160
-1936
4992
7856
6912
5568
5104
6240
6240
1264
-3632
-832
5584
7072
4816
3952
4096
3712
4496
7184
8048
3296
-2272
-672
3616
720
-4528
-1616
5808
8656
6192
1232
-2512
-560
3152
240
-4432
-512
6512
5264
-1536
-5136
-4192
-976
3456
7456
7680
2672
-2400
-784
4976
7248
5392
2528
-1456
-5504
-5808
-1680
2960
4416
4496
6848
7520
1232
-5344
-3456
3664
8496
7792
2096
-2640
-1120
3392
5760
6880
8560
7872
2192
-2576
848
6576
4448
-2736
-7056
-6320
-928
4064
1904
-3984
-6144
-3776
1872
6224
2192
-4592
-2448
5200
8064
5040
-592
-5360
-5744
-3792
-4464
-5808
-2624
2976
5232
5248
-1200
2096
2864
2240
2544
3280
2784
2016
3184
4032
528
-3680
-1872
2224
592
-3680
-2720
1808
3472
2368
1856
1328
-624
-2736
-4112
-3968
-944
2064
608
-3472
-6048
-5824
-2048
1968
-96
-5056
-4032
1520
4272
3888
3456
3072
2592
2608
2256
1552
2160
2784
240
-4496
-7424
-6688
-3152
592
2400
2496
2192
2304
2976
3664
3984
2816
-1392
-5248
-3360
1888
4672
3888
160
-3664
-2528
2176
4544
3408
-48
-4048
-5424
-4592
-4704
-5456
-5312
-4624
-4464
-5344
-5792
-4912
-4928
-5440
-2448
1952
1184
-3728
-6256
-5392
-4512
-4544
-4752
-5280
-6144
-5616
-2048
2336
3840
3488
3904
3296
-384
-4576
-5920
-5168
-5184
-5024
-1456
2144
-544
-5040
-2576
2832
1376
-3840
-2896
1728
560
-4064
-3472
1088
3952
3392
-944
-5200
-3120
1312
-208
-3968
-2336
1520
656
-3568
-5952
-5824
-5152
-4848
-5456
-5296
-1312
2720
480
-4272
-3856
736
3952
3712
624
-3344
-5664
-5024
-2016
1536
3968
3984
976
-3104
-4880
-4944
-5776
-5616
-1936
2640
4400
2880
-416
-3632
-5760
-5952
-2128
2704
1392
-3152
-2096
1728
640
-3488
-5888
-5472
-1920
2720
4224
2864
2336
2320
-160
-3008
-1232
3552
5296
3392
2576
3152
672
-3248
-1904
2288
1120
-4032
-6192
-5184
-4688
-4256
-1088
2656
1504
-3920
-7552
-6432
-1792
3312
5504
3664
-944
-4384
-2368
2624
4624
4064
3728
3568
3936
3456
-512
-5136
-6544
-5856
-4512
-3696
-5136
-6208
-3680
592
3968
4352
-192
-4752
-2512
2560
2240
-2512
-6144
-5888
-1776
2288
1088
-3712
-6016
-5376
-5392
-5296
-1776
3072
4576
3248
2272
2240
2816
4128
5488
4448
-832
-5664
-3168
2064
256
-4992
-3584
2384
4752
3456
3168
3728
1824
-2592
-6240
-6000
-1472
2400
304
-5040
-7600
-6256
-1936
2080
304
-4528
-3632
2000
4992
4560
3632
2576
1984
3056
4208
3904
3600
3200
16
-4752
-7344
-6672
-3056
1520
3456
2912
2720
2960
3088
3952
5264
4448
-288
-4960
-3536
2112
5456
4384
96
-3904
-2880
2176
5760
5424
1664
-3456
-6128
-5520
-4352
-4496
-5488
-6144
-6352
-6816
-6624
-5264
-5232
-5600
-1808
2976
1200
-4608
-6624
-5184
-4960
-6240
-6560
-5584
-5424
-5568
-2640
2176
3904
3344
4160
4160
96
-5088
-6752
-5728
-5632
-5248
-1392
2064
-528
-4720
-2304
2848
992
-4496
-2736
2784
1024
-4400
-3696
1312
4512
3952
-816
-4992
-2256
2080
-960
-6096
-3792
1552
976
-3440
-5328
-4800
-4848
-5952
-7376
-6832
-2096
2448
32
-5392
-4304
2000
5504
4272
592
-3600
-5728
-4464
-1520
1344
3600
3920
944
-3792
-6400
-5936
-5296
-4704
-1584
3200
6048
5152
960
-3888
-6704
-6608
-2656
2240
1232
-3392
-2656
1168
144
-3808
-5872
-5584
-2288
2640
4592
3632
3648
3584
112
-3616
-2064
3104
5440
4096
3744
4288
880
-3744
-2048
2512
944
-4784
-7152
-6256
-6064
-5184
-320
4160
1328
-5472
-8128
-5728
-1248
3536
5888
3616
-1536
-4896
-2752
2480
5088
4672
4272
4032
3584
3152
544
-4448
-7456
-6864
-5584
-5376
-6112
-6224
-3552
848
3856
3488
-928
-4832
-2048
2944
1696
-3632
-7024
-6896
-2816
1888
496
-5344
-7520
-5648
-5216
-5376
-1664
2480
4224
4352
4448
4368
3632
3232
4400
4624
880
-2464
128
3792
1728
-2208
-1488
2304
4592
4736
4144
2912
400
-2960
-5488
-4624
192
4176
2688
-1664
-4240
-3568
320
3408
832
-3056
-1280
3120
4304
3504
3760
4416
4160
3664
4080
5216
6160
5552
2368
-1792
-4176
-3648
-352
3632
5392
5184
5072
4928
4016
3488
4672
5120
1520
-2480
-1232
3040
5312
3952
-528
-3840
-1600
3056
5040
3936
640
-3136
-4656
-4144
-3696
-3424
-3296
-3520
-3264
-2896
-3440
-4128
-4416
-3712
-32
3840
2224
-2720
-4880
-4192
-3504
-3392
-3568
-4224
-5616
-5680
-1728
3440
5072
4432
4896
4832
1520
-2880
-4544
-4176
-4512
-3696
928
4608
1552
-3152
-1216
3040
768
-3536
-896
3888
1904
-2576
-1280
3520
5904
4592
80
-3440
-272
4336
1248
-3744
-1136
3472
1344
-3856
-5248
-3728
-3152
-3824
-4432
-3552
48
3120
880
-2976
-1536
3296
5760
4688
1376
-2560
-4688
-3664
-176
3840
6048
4944
928
-3008
-4176
-4240
-5312
-4784
-512
4352
6368
4832
592
-3568
-5200
-3824
336
3264
80
-3952
-656
4560
2480
-3280
-5216
-3568
-656
2752
4576
4656
5104
4448
416
-3168
-1424
3504
5760
4816
4448
3728
-576
-3808
-464
3968
2192
-2784
-4864
-4736
-5472
-4896
-160
4304
2720
-2768
-6048
-4720
-416
3968
6480
5440
384
-3888
-1920
3168
5072
4192
4048
4832
5248
4352
1248
-2784
-4560
-4048
-4096
-5056
-5648
-4640
-704
4272
6160
4272
-48
-3360
-912
3392
1344
-4288
-6288
-3984
960
4880
2720
-2784
-5024
-4608
-4976
-4480
-656
3776
5328
5168
5312
5152
4624
5184
6800
6384
1392
-3120
-352
4464
2352
-2560
-1744
2720
4736
4544
4832
4272
1104
-2720
-5008
-4304
400
4560
2448
-2992
-5808
-4480
320
4288
1904
-2960
-2080
3008
5456
4976
4768
4672
4032
4192
5168
5840
6128
5040
1312
-3168
-5744
-5136
-864
4144
5744
5232
5584
5776
4960
5056
6416
5504
256
-3840
-1344
3600
5472
4240
176
-3920
-2352
3104
6080
5312
1344
-4080
-6144
-4592
-3760
-4240
-4464
-4448
-4608
-4912
-4800
-4272
-4464
-3952
-304
3392
2208
-2352
-5104
-4912
-4304
-4288
-4320
-4784
-5440
-4224
-400
3568
5040
4960
5792
5904
2080
-3216
-5136
-4576
-5072
-4704
144
4640
1568
-3632
-976
4432
1888
-3232
-352
4624
1472
-3776
-1440
4608
7408
5824
80
-4640
-1152
4784
2560
-2752
-640
4352
2528
-3104
-5136
-4512
-3984
-3632
-4560
-4752
32
4784
1760
-3792
-2528
3712
7232
5376
496
-4352
-7072
-5840
-720
4784
7248
5840
1296
-3520
-5072
-4528
-5008
-4640
-800
4192
6816
5728
1568
-2928
-5312
-4224
848
4688
1072
-3808
-704
4256
1776
-3872
-5856
-4720
-1408
3392
5888
5584
6064
5616
496
-4064
-1360
4304
5824
5216
6288
5424
-320
-4336
-784
4160
2464
-2848
-4880
-4304
-4960
-4544
320
4704
2448
-3392
-6496
-5408
-1200
4256
7568
5872
-32
-4048
-1008
4640
5888
4592
4704
5152
5200
4256
544
-3488
-4576
-4656
-5264
-5520
-5808
-4800
-448
4560
6752
5280
176
-3904
-1152
3408
1472
-3776
-5904
-4480
-160
3696
1392
-4224
-5952
-4944
-5040
-4416
3360
4272
1344
-2560
-4128
-2896
720
3504
1744
-2256
-4384
-4816
-4112
-2848
-3568
-4528
-928
3856
2672
-1152
272
4496
4608
2480
2896
3440
816
-2592
-4064
-4448
-4928
-5008
-4384
-4368
-5408
-4688
-544
4160
6592
5616
800
-3120
-512
4000
2496
-2192
-3792
-3376
-3888
-4752
-5056
-4624
-3312
-2192
-2352
-3200
-4000
-3184
704
4224
2608
-2320
-5440
-4672
-608
3776
5328
4752
3984
3360
3344
4304
5440
5424
3744
2288
2704
2624
-592
-5104
-7184
-6592
-6288
-5680
-1632
1888
-1008
-4608
-688
4688
1664
-4176
-2240
2624
144
-4848
-2816
2528
3616
2368
2816
4272
5264
4688
1344
-3280
-5744
-4672
-1184
2624
4560
3712
1040
-2352
-5552
-5328
224
4432
608
-4144
-800
4256
1632
-4176
-5472
-4384
-4912
-4496
-992
1776
544
-2576
-4368
-4592
-4384
-3488
-960
2288
4064
3200
-48
-3856
-5616
-4832
-3376
-3376
-5264
-5792
-1696
3856
5936
5328
4592
4192
4464
3712
-304
-3328
-432
4096
4240
2592
3168
3936
2976
2736
4800
5648
1824
-2352
-448
2752
-608
-4912
-2016
3312
4688
3264
208
-2864
-1568
1456
-976
-4704
-1312
4000
2400
-2720
-4800
-4000
-1600
2288
5936
5856
800
-3360
-576
4608
5184
2832
544
-2384
-5024
-4992
-1888
2208
3936
3568
4592
4768
-208
-5040
-2976
2336
5264
5136
1712
-2400
-1968
1888
4096
4720
6128
6112
1680
-2528
-112
4144
1840
-4160
-7008
-5248
-288
3008
64
-5136
-6832
-4336
1296
5248
1616
-4144
-2224
4304
6656
3888
-992
-5088
-5408
-3744
-4528
-5312
-1680
2944
3936
3824
5360
5584
2064
-2688
-5456
-4464
528
4704
2400
-3200
-5504
-5040
-4384
-4048
-5136
-5264
-496
4016
1488
-2672
-736
3680
4576
3776
4112
3600
640
-3008
-5040
-5136
-5056
-5280
-4336
-3584
-5120
-5424
-1200
3872
6032
4912
848
-2416
-112
4064
2752
-2400
-4784
-4176
-4080
-4832
-5328
-5296
-4384
-3296
-3200
-4144
-5264
-4160
624
4592
2880
-2112
-5664
-5392
-1008
3936
5728
5264
4432
3888
4432
5312
5504
5344
4496
3504
3920
3568
-256
-4832
-6112
-5312
-5792
-5488
-576
3648
-144
-5120
-1360
4112
736
-4528
-1456
3312
304
-4656
-2832
2144
3856
3616
4016
4608
5312
4992
1472
-3600
-6400
-5408
-1184
3488
5264
3872
832
-3088
-6480
-5760
608
5408
1040
-4896
-1200
5200
2624
-4064
-5280
-3600
-4608
-5232
-1184
3360
2224
-2768
-5504
-5328
-5040
-3872
-240
3680
5392
4112
-192
-4912
-6816
-6224
-4944
-4368
-5616
-5936
-1664
4128
6416
5728
4352
3232
3440
3440
480
-2544
-816
3392
5040
4368
3984
3712
2976
3264
5168
5376
1200
-2496
-64
3296
-208
-5152
-2272
4576
6832
4240
-144
-2928
-192
3408
-544
-5760
-1856
4368
2624
-2880
-4896
-3648
-960
2704
5888
5408
304
-3744
-1200
4400
6576
4576
656
-3472
-6400
-6256
-1984
3456
5152
4176
5056
5040
-704
-6416
-3984
2992
6656
5280
304
-4240
-2848
2624
5264
4912
5632
5632
1040
-3088
192
4880
1936
-4416
-7104
-6000
-1632
2368
96
-5248
-6976
-4304
1568
5312
768
-5008
-1904
4976
7072
4336
-1328
-6464
-6384
-4096
-5152
-6016
-1728
3568
4448
3584
