-3056
-4368
-2576
1008
3184
2752
-384
-3792
-3216
688
3712
4448
3520
2224
3120
4528
1440
-3472
-2768
1328
880
-3120
-4256
-2560
-1936
-2192
-1008
1376
3296
4144
4496
4464
3360
2224
3264
4496
1952
-2816
-5488
-4976
-1648
1808
480
-3568
-3168
960
2720
2160
2688
3968
4592
4512
3616
2336
1648
1792
2672
2640
-352
-3888
-3376
560
4128
4896
1792
-3024
-5456
-4848
-3248
-2048
-2336
-3792
-4736
-4624
-3536
-2112
-1936
-2160
-16
3504
4976
4512
4704
4912
2048
-1600
-80
3936
1904
-3504
-2240
3328
3040
-1248
-432
3728
3248
-832
-2512
-1968
-2464
-3856
-4864
-4736
-2736
656
3744
4720
2656
-880
-2928
-2528
-960
1056
3712
4864
1168
-3760
-1952
3504
2192
-3344
-2608
2928
4624
2608
1952
2272
624
-1664
-1440
1072
3328
4256
4080
2752
608
-1376
-2672
-2496
80
3504
5152
4720
3184
2000
3120
4544
1968
-3024
-5360
-4784
-3520
-2304
-2016
-2192
-384
1904
400
-3424
-4368
-2512
-1584
-1904
-1712
-1584
-3088
-4512
-2352
1392
1024
-1680
64
3984
2352
-2944
-4832
-2912
-96
1888
720
-1824
96
4080
2080
-3312
-3504
624
3008
2512
976
-1056
-3584
-4736
-2160
1440
576
-3392
-4608
-2608
-576
1152
3408
4640
2736
-880
-2288
-1776
-3184
-4784
-1536
3568
3712
-448
-4000
-4752
-2288
1264
1792
-896
-3232
-4112
-4960
-4976
-1856
1664
32
-3920
-2560
2784
5856
5248
1888
-1504
-544
3360
4944
3136
-992
-4304
-1696
3584
2704
-2816
-5088
-3104
464
3744
4096
2400
2768
4320
2704
-1024
-2416
-1952
-3056
-4416
-2624
1008
3232
2864
-320
-3792
-3248
640
3696
4544
3584
2080
2976
4592
1520
-3600
-2944
1280
768
-3392
-4384
-2448
-1808
-2144
-1024
1296
3264
4256
4672
4672
3440
2048
3088
4560
2000
-2960
-5728
-5200
-1824
1680
416
-3664
-3344
784
2544
2000
2672
4208
4912
4704
3600
2160
1472
1600
2368
2384
-448
-3920
-3440
480
4144
5008
1888
-3088
-5616
-4976
-3232
-1952
-2352
-3936
-4864
-4704
-3616
-2208
-2016
-2224
-64
3536
5088
4608
4768
4928
1936
-1776
-128
4064
2016
-3536
-2272
3408
3104
-1312
-496
3744
3296
-800
-2528
-2064
-2576
-3984
-5024
-4832
-2640
864
3872
4736
2560
-1008
-2944
-2464
-912
1104
3808
5008
1216
-3856
-2048
3520
2208
-3440
-2656
3024
4752
2624
1936
2288
688
-1600
-1424
1008
3360
4400
4096
2576
480
-1392
-2720
-2544
96
3616
5360
4944
3248
1920
3088
4720
2192
-2992
-5472
-4848
-3488
-2208
-1984
-2288
-416
2000
384
-3584
-4464
-2560
-1632
-1904
-1696
-1584
-3088
-4560
-2496
1296
1056
-1664
80
4080
2432
-3008
-4912
-2896
-80
1840
688
-1776
128
4096
2080
-3360
-3504
800
3184
2528
928
-1168
-3744
-4784
-2080
1536
608
-3408
-4688
-2704
-624
1232
3568
4720
2688
-992
-2400
-1856
-3248
-4848
-1568
3600
3776
-368
-3984
-4832
-2400
1168
1712
-944
-3296
-4192
-5024
-5072
-1984
1632
80
-3904
-2496
2976
6048
5376
2000
-1440
-480
3488
5056
3168
-992
-4352
-1680
3696
2720
-2976
-5232
-3136
544
3888
4176
2368
2784
4432
2816
-928
-2288
-1840
848
-2736
-4176
-3360
-2640
-2768
-3088
-3408
-4000
-3696
-496
3104
1744
-2256
-1296
2912
2368
-2224
-4144
-3136
-3280
-3856
-1824
1744
3904
3440
368
-2608
-1504
2416
4848
4368
1040
-2464
-1136
2944
2368
-2176
-4448
-3952
-3392
-3056
-2960
-3424
-3488
-3008
-3248
-3296
-992
2544
4592
4192
1504
-1936
-3536
-3104
-2624
-2768
-3024
-3312
-4032
-3872
-640
3040
2192
-1952
-4672
-4240
-960
2480
1776
-2176
-4672
-4160
-1424
2048
3648
3216
2976
3360
3536
3440
3376
3472
3360
2992
3488
3872
1056
-2896
-2240
2080
4160
3296
2784
3264
3344
3024
3312
3408
1184
-2496
-4128
-3680
-3728
-3632
-1072
2624
4064
3312
3200
3328
656
-2784
-1296
2864
1808
-2672
-1808
2720
1792
-2752
-1904
2576
2464
-1616
-4128
-3584
-464
2768
1344
-2512
-1328
2880
1984
-2208
-1968
1872
3600
3040
2848
3232
4000
4112
1040
-2688
-1232
2896
2368
-2048
-4768
-4224
-1568
1840
3952
3536
1008
-2112
-4128
-4000
-1488
1984
3520
3056
3216
3424
1088
-2544
-4512
-3792
-1040
2064
4048
4096
944
-2960
-1888
2192
1536
-2336
-2032
1824
4256
4080
1440
-2464
-4208
-3408
-3232
-3344
-672
2672
1696
-2384
-4208
-3392
-3488
-3840
-1024
2608
1408
-2496
-2064
2160
4160
3312
3312
3536
688
-2992
-2256
2016
4784
4016
912
-2608
-4624
-3936
-496
2768
1648
-2416
-4336
-3808
-3296
-3104
-3456
-3760
-1504
2352
4112
3712
3152
2992
3488
3712
1632
-1824
-4176
-4208
-848
3136
1840
-2672
-2704
1456
4304
4144
1120
-2384
-1680
2464
4288
3280
3168
3360
960
-2704
-4176
-3456
-2800
-2880
-3104
-3344
-3984
-3808
-608
3136
1712
-2448
-1520
2800
2352
-2240
-4272
-3344
-3424
-3792
-1616
1952
4096
3664
464
-2736
-1664
2368
4912
4448
1008
-2672
-1344
2928
2448
-2144
-4448
-3904
-3424
-3200
-3056
-3424
-3568
-3200
-3440
-3504
-1280
2304
4496
4144
1360
-2192
-3856
-3440
-2976
-3104
-3200
-3328
-4032
-3904
-704
2992
2176
-2016
-4752
-4272
-880
2672
1952
-2160
-4736
-4192
-1392
2128
3760
3312
3024
3360
3536
3536
3504
3552
3392
2976
3504
3936
1072
-2944
-2240
2160
4272
3392
2880
3376
3472
3168
3424
3392
1008
-2624
-4128
-3664
-3792
-3696
-976
2784
4112
3248
3232
3472
640
-2912
-1216
3120
1904
-2832
-1936
2768
1840
-2848
-2000
2608
2512
-1712
-4336
-3840
-592
2768
1280
-2688
-1360
3008
1984
-2352
-2000
2000
3728
3184
3008
3232
3872
4064
1008
-2832
-1408
2864
2432
-2048
-4896
-4352
-1488
2112
4224
3664
1072
-2096
-4176
-4048
-1472
2064
3600
3120
3328
3568
1248
-2480
-4608
-3952
-1104
2128
4144
4112
912
-2960
-1776
2368
1600
-2400
-2032
1952
4352
4096
1440
-2480
-4256
-3456
-3360
-3520
-720
2752
1712
-2480
-4320
-3408
-3488
-3952
-1088
2656
1408
-2528
-1920
2448
4384
3408
3344
3568
688
-3072
-2368
1952
4816
4160
1072
-2576
-4768
-4160
-640
2752
1648
-2480
-4400
-3792
-3216
-3072
-3520
-3824
-1584
2272
4064
3712
3264
3184
3680
3840
1600
-1984
-4288
-4224
-896
3008
1744
-2624
-2544
1600
4400
4144
1008
-2608
-1856
2416
4352
3424
3328
3504
1360
-2000
-3552
-3360
-3168
-3328
-3072
-2720
-3328
-3584
-736
2624
1040
-2720
-1552
2272
1760
-1952
-3552
-3232
-3536
-3312
-704
2656
4528
4000
608
-2784
-1888
1872
4096
3504
240
-2960
-1536
2288
1840
-1856
-3424
-2896
-2864
-3216
-3120
-2896
-2784
-2976
-3664
-3552
-1200
2128
4016
3472
768
-2480
-3872
-3424
-3104
-3328
-3120
-2704
-3328
-3584
-864
2400
1648
-1792
-3904
-3344
-144
3024
2064
-1712
-3888
-3280
-608
2656
4096
3648
3168
2976
2848
2864
2800
2752
2912
3248
3840
3456
512
-2448
-1472
1904
3648
3520
3136
2912
2848
3136
3808
3792
1488
-1872
-3104
-2688
-3216
-3680
-1520
1952
3568
3408
3840
3968
832
-2896
-1536
2240
1296
-2208
-1072
2416
1168
-2304
-1024
2448
1616
-2256
-4544
-3968
-432
3184
1536
-2704
-1632
2336
1088
-2896
-1968
2320
4192
3696
3216
2944
3232
3184
272
-3024
-1472
2224
1808
-1648
-3712
-3168
-640
2608
4592
4160
1248
-2528
-4416
-3472
-512
2736
4000
3552
3728
3792
1536
-1840
-4000
-3824
-1040
2592
4384
3488
224
-2544
-608
3104
1568
-2688
-2000
2384
4496
3472
880
-2080
-3472
-3312
-3744
-3776
-672
2976
2208
-1664
-3712
-3488
-3664
-3312
64
3344
1488
-2656
-2288
1712
3744
3472
3904
3920
992
-2272
-1600
1856
4208
3920
1440
-1872
-4144
-3936
-624
2912
2032
-1904
-3568
-2896
-2768
-3248
-3616
-3200
-800
2256
3376
3008
2896
3296
3856
3440
784
-2608
-4304
-3504
-208
2704
1104
-2336
-1520
2384
4576
3728
320
-2960
-1984
1920
3760
3408
3696
3696
1264
-2080
-3600
-3344
-3072
-3264
-3168
-2864
-3424
-3648
-800
2576
976
-2816
-1632
2320
1920
-1792
-3552
-3408
-3728
-3328
-656
2672
4576
4048
544
-2928
-2000
1872
4192
3552
176
-3056
-1584
2240
1824
-1808
-3296
-2768
-2912
-3408
-3248
-2880
-2768
-3120
-3920
-3856
-1488
1904
3856
3360
560
-2752
-4096
-3600
-3280
-3472
-3168
-2704
-3360
-3696
-992
2320
1648
-1728
-3856
-3312
-32
3264
2256
-1712
-4000
-3360
-608
2688
4128
3696
3232
3024
2832
2848
2896
2912
3088
3392
3952
3552
528
-2528
-1504
2048
3808
3600
3264
3088
2944
3232
3936
3856
1424
-2032
-3344
-2896
-3280
-3600
-1392
2096
3680
3488
3888
3968
800
-2960
-1616
2240
1312
-2256
-1088
2448
1184
-2272
-928
2496
1504
-2448
-4704
-4112
-528
3168
1504
-2784
-1648
2432
1136
-2912
-1968
2384
4288
3776
3232
2896
3184
3216
256
-3168
-1600
2208
1824
-1712
-3824
-3328
-704
2752
4800
4192
1152
-2560
-4416
-3488
-528
2768
4080
3616
3792
3872
1664
-1744
-4064
-4064
-1168
2672
4496
3520
192
-2640
-688
3136
1600
-2704
-2000
2432
4576
3520
880
-2096
-3504
-3392
-3856
-3872
-704
3024
2240
-1728
-3792
-3536
-3776
-3520
-96
3344
1488
-2688
-2128
1984
3888
3520
3952
3952
992
-2288
-1632
1856
4240
3984
1520
-1840
-4256
-4112
-640
3072
2192
-1792
-3520
-2928
-2848
-3328
-3680
-3232
-800
2272
3312
2880
2896
3424
3936
3376
640
-2768
-4352
-3424
-128
2688
1040
-2352
-1440
2528
4656
3664
208
-3072
-2096
1840
3776
3584
3952
3968
-3280
-4560
-2624
976
3072
2480
-832
-4144
-3296
800
3904
4560
3296
1968
3216
4624
1088
-3824
-2672
1424
528
-3568
-4320
-2400
-1888
-2192
-1056
1216
3168
4240
4672
4496
3088
1888
3232
4528
1552
-3376
-5776
-5008
-1520
1776
160
-3808
-3008
1136
2672
2176
2880
4208
4784
4528
3424
2144
1600
1760
2464
2272
-752
-4080
-3312
752
4368
4976
1520
-3440
-5664
-4832
-3120
-1984
-2528
-4160
-4992
-4688
-3488
-2112
-2048
-2208
80
3616
5008
4544
4784
4816
1744
-1712
192
3952
1312
-3952
-2032
3568
2816
-1472
-304
3840
3056
-1056
-2528
-2000
-2688
-4224
-5184
-4896
-2736
784
3904
4768
2480
-1024
-2784
-2288
-880
1136
3968
4912
720
-4080
-1584
3808
1776
-3712
-2256
3344
4480
2208
1712
2144
640
-1520
-1424
944
3408
4432
3920
2336
416
-1376
-2720
-2464
272
3680
5312
4832
3040
1824
3216
4640
1680
-3456
-5632
-4848
-3360
-2000
-1824
-2128
-384
1664
-128
-3808
-4320
-2336
-1536
-1888
-1712
-1728
-3392
-4752
-2416
1328
880
-1616
464
4112
1872
-3488
-4848
-2640
-16
1712
512
-1760
368
4048
1600
-3680
-3456
816
2992
2400
928
-1184
-3904
-4992
-2128
1456
304
-3632
-4544
-2512
-672
1088
3552
4736
2592
-1088
-2384
-1984
-3552
-4832
-1168
3808
3504
-800
-4304
-4944
-2272
1312
1648
-1120
-3456
-4352
-5136
-4960
-1648
1776
-208
-4112
-2320
3184
6048
5184
1648
-1632
-336
3616
4944
2848
-1440
-4544
-1472
3760
2352
-3232
-5152
-2976
656
3840
3872
2208
3024
4624
2608
-1248
-2464
-2128
-3488
-4720
-2576
1184
3296
2688
-704
-4128
-3296
864
4016
4672
3360
1968
3264
4720
1088
-3984
-2864
1344
448
-3664
-4320
-2336
-1856
-2192
-1040
1280
3312
4400
4848
4704
3232
1904
3296
4704
1696
-3472
-6144
-5392
-1776
1600
-64
-4064
-3280
896
2400
1872
2752
4288
4976
4736
3472
2016
1376
1568
2368
2272
-768
-4224
-3568
528
4288
5024
1568
-3504
-5872
-5008
-3120
-1936
-2576
-4256
-5152
-4816
-3536
-2144
-2144
-2288
112
3744
5120
4592
4848
4896
1744
-1776
208
4112
1456
-3920
-1984
3664
2816
-1520
-224
3984
3072
-1136
-2640
-2160
-2864
-4304
-5184
-4896
-2672
912
4080
4864
2448
-1168
-2912
-2384
-960
1040
3920
5008
768
-4256
-1760
3872
1840
-3872
-2384
3440
4672
2320
1664
2032
528
-1600
-1440
1024
3504
4512
3936
2320
416
-1328
-2656
-2448
288
3776
5440
4944
3088
1792
3216
4800
1808
-3536
-5808
-5008
-3472
-2032
-1856
-2224
-432
1680
-160
-3856
-4368
-2384
-1584
-1936
-1760
-1808
-3504
-4880
-2544
1280
864
-1648
464
4192
1872
-3568
-4896
-2640
0
1728
496
-1824
400
4176
1616
-3872
-3616
784
2992
2368
864
-1312
-4032
-4992
-2000
1568
352
-3632
-4640
-2688
-768
1216
3808
4912
2576
-1168
-2448
-2032
-3664
-5008
-1264
3904
3680
-736
-4368
-5088
-2384
1376
1856
-1008
-3552
-4528
-5312
-5136
-1792
1648
-336
-4224
-2336
3248
6160
5344
1776
-1616
-336
3664
4976
2784
-1568
-4560
-1280
4016
2400
-3456
-5296
-2816
992
4112
3920
1984
2784
4640
2752
-1104
-2240
-1792
