2336
-1152
-3504
-4240
-4432
-4384
-3408
-2256
-3056
-4384
-2128
1568
368
-3584
-2832
1264
1904
-1120
-3488
-4112
-4112
-2976
-64
3168
5264
4960
1008
-3488
-3152
864
3472
2992
-288
-3744
-2608
1424
1776
-1296
-2640
-2256
-3008
-4160
-3616
-2448
-2656
-3904
-4944
-4736
-2384
1072
3200
2784
16
-3376
-4896
-4480
-4240
-4336
-3376
-2176
-3056
-4432
-2448
1168
1472
-1056
-2976
-2720
352
3808
3168
-688
-3120
-2608
64
3424
5088
4576
3408
2304
1776
1888
1776
1760
2832
4016
4032
2736
272
-1840
-1424
1040
3328
4240
3472
2192
2368
3808
4912
4736
2320
-1200
-2512
-2016
-2976
-4432
-2912
832
3360
4096
4928
4960
1216
-3536
-2960
1184
1408
-1520
-1136
1648
992
-1728
-896
1776
752
-3072
-5616
-5216
-1024
3696
2128
-3312
-3008
1360
448
-3680
-2416
2848
5360
4656
3376
2256
2224
2448
-304
-3920
-2704
1280
1744
-1056
-3056
-2704
-208
3184
5504
5104
1424
-3232
-4976
-3104
304
3536
4832
4384
4480
4640
2656
-848
-3984
-4816
-1616
3104
4688
2928
-96
-2144
48
3856
1824
-3440
-2672
2720
4752
2896
688
-1424
-3232
-4080
-4992
-4976
-1264
3472
3488
-608
-3744
-4400
-4256
-2960
912
4240
1888
-3296
-3728
512
3488
4112
4848
4912
2160
-1344
-1808
800
3696
4592
2752
-768
-4128
-4976
-1392
3440
3216
-944
-2752
-2096
-2784
-4224
-4128
-2624
-448
1552
2080
1888
2752
4112
4368
2928
-288
-3600
-4528
-2992
-144
2032
784
-1888
-784
3104
4816
3216
-496
-3856
-3200
800
3536
4144
4752
4752
2432
-1120
-3520
-4304
-4576
-4512
-3408
-2208
-3120
-4592
-2320
1568
400
-3712
-3072
1056
1840
-1008
-3376
-4208
-4256
-2928
128
3424
5504
5120
1056
-3568
-3312
800
3504
2960
-464
-3984
-2848
1232
1648
-1312
-2528
-2064
-2928
-4240
-3696
-2320
-2448
-3856
-5072
-4944
-2624
816
2992
2592
-160
-3568
-5072
-4704
-4560
-4672
-3472
-2016
-2976
-4608
-2656
1104
1504
-976
-2864
-2560
576
4000
3216
-800
-3280
-2704
32
3472
5280
4832
3552
2320
1776
1936
1888
1904
2960
4128
4144
2848
368
-1808
-1424
1120
3488
4368
3552
2256
2416
3856
4992
4784
2304
-1216
-2544
-2064
-3088
-4528
-2880
992
3472
4096
4976
5024
1136
-3760
-3104
1216
1488
-1536
-1184
1648
1008
-1776
-976
1728
672
-3216
-5760
-5280
-976
3824
2160
-3424
-3072
1376
384
-3840
-2512
2880
5456
4752
3392
2192
2128
2384
-368
-4064
-2896
1136
1664
-1120
-3136
-2752
-176
3312
5600
5120
1376
-3280
-5040
-3200
256
3568
4896
4480
4656
4784
2720
-800
-3984
-4944
-1680
3216
4864
3024
-112
-2144
160
3984
1808
-3600
-2736
2832
4880
2944
688
-1408
-3232
-4112
-5056
-5056
-1328
3456
3440
-752
-3920
-4528
-4432
-3184
848
4336
1920
-3376
-3728
624
3648
4224
4880
4896
2144
-1344
-1760
848
3696
4656
2880
-704
-4176
-5088
-1472
3488
3376
-816
-2672
-2080
-2832
-4256
-4144
-2688
-544
1440
1968
1808
2752
4128
4368
2864
-432
-3776
-4640
-3008
-176
1904
672
-1840
-544
3344
4832
3040
-672
-3968
-3264
800
3600
4240
4816
4896
3728
3344
832
-2528
-4464
-4096
-960
2448
1584
-2400
-4080
-3120
-2720
-3216
-3744
-3328
-384
2656
1040
-2832
-2416
1520
3616
3472
3872
4032
1440
-2448
-4048
-3184
-2336
-2416
-2816
-3296
-3744
-3152
-848
1968
3664
3360
272
-3120
-1888
2016
1680
-2320
-4304
-3776
-3248
-2912
-2576
-2608
-2880
-3216
-3344
-3296
-3824
-3872
-1008
2464
1712
-2192
-4432
-3616
-800
2320
3568
3088
2944
3360
3456
3168
2912
2928
3040
3200
3824
3936
1648
-1872
-3408
-2976
-3200
-3360
-464
3152
1872
-2064
-1344
2368
1392
-2432
-1248
2912
2016
-2080
-1712
2320
4224
3744
3232
3024
3280
3280
1200
-2272
-4320
-3632
-816
2496
4528
4208
1424
-2224
-4384
-3728
-368
2720
1232
-2320
-1344
2320
1920
-1776
-3552
-3344
-3872
-4048
-976
2960
2256
-2064
-3968
-3024
-3120
-3648
-1456
2304
4544
4192
1504
-1872
-3328
-2912
-2704
-3216
-3744
-3344
-944
2176
3344
2976
2912
3264
3984
4064
1120
-2720
-2224
1696
3872
3648
3392
3472
3392
3408
3888
3648
528
-3120
-1600
2752
2064
-1984
-1888
1696
4128
4096
1040
-2816
-1664
2656
1920
-2112
-1312
2384
1792
-2144
-4560
-4128
-1360
2320
4576
3984
464
-2992
-2224
1712
4352
4080
1552
-2064
-4336
-3728
-816
2544
4032
3648
3728
3616
640
-2624
-1552
2368
4688
3952
480
-3072
-2176
2192
4288
3344
3184
3440
608
-2976
-1680
2272
2048
-1696
-4048
-3600
-464
3008
2416
-1456
-4160
-4048
-944
2528
1472
-2144
-1872
1808
4224
4128
1760
-1712
-3504
-3440
-3584
-3360
-800
2688
4112
3728
3760
3456
928
-2512
-4528
-4208
-1040
2464
1696
-2304
-4096
-3248
-2784
-3216
-3824
-3504
-448
2800
1232
-2768
-2416
1632
3776
3568
3936
4096
1504
-2400
-4032
-3248
-2464
-2560
-2896
-3264
-3792
-3408
-960
2144
3952
3648
480
-3008
-1696
2336
1920
-2224
-4160
-3632
-3280
-3152
-2896
-2912
-3072
-3264
-3360
-3232
-3712
-3792
-992
2576
1888
-2064
-4448
-3744
-912
2320
3680
3232
3040
3344
3440
3248
3024
2960
3072
3264
3904
3968
1632
-1920
-3488
-3024
-3184
-3312
-432
3152
1888
-2064
-1328
2432
1408
-2496
-1232
2992
2032
-2144
-1712
2416
4352
3888
3344
3040
3312
3344
1136
-2464
-4448
-3600
-640
2672
4640
4304
1472
-2288
-4432
-3712
-272
2832
1296
-2352
-1360
2368
1904
-1840
-3632
-3376
-3856
-4032
-976
2928
2240
-2096
-4032
-3136
-3248
-3744
-1488
2336
4608
4240
1440
-2032
-3504
-3008
-2720
-3200
-3792
-3472
-992
2288
3472
3024
2880
3280
4144
4256
1168
-2816
-2304
1712
3936
3728
3456
3536
3440
3440
4000
3840
672
-3072
-1584
2736
1968
-2144
-1968
1856
4320
4128
976
-2880
-1696
2704
2016
-2176
-1360
2448
1776
-2320
-4752
-4240
-1328
2464
4704
3952
368
-3056
-2352
1568
4336
4144
1472
-2288
-4512
-3824
-832
2672
4224
3728
3792
3744
688
-2768
-1680
2400
4848
4112
544
-3072
-2176
2208
4288
3360
3280
3536
624
-3024
-1632
2384
2032
-1888
-4288
-3760
-480
3040
2368
-1616
-4352
-4112
-880
2640
1520
-2240
-1904
1904
4304
4064
1616
-1888
-3648
-3504
-3664
-3520
-928
2640
4096
3712
3296
3616
1472
-1904
-3920
-3456
-240
2992
2032
-1792
-3744
-3520
-3104
-2912
-3456
-3648
-640
2960
1488
-2352
-1664
2384
3936
3040
2992
3040
912
-2160
-3568
-3376
-3200
-3392
-3168
-2800
-3440
-3728
-1296
2432
4544
4000
592
-2656
-1056
2768
2032
-1968
-3600
-3024
-2944
-3264
-3376
-3424
-3296
-2992
-2736
-2704
-3328
-3216
-224
3072
2176
-1664
-4224
-3984
-1168
2528
4272
3872
3184
2880
2912
3232
3472
3552
3312
2912
3152
3120
768
-2656
-3968
-3504
-3840
-3888
-832
2576
864
-3024
-1472
2896
1584
-2784
-1648
2384
1168
-2880
-2176
1824
3456
2880
2784
3328
4016
3888
1648
-1744
-4048
-3936
-1376
2000
3872
3280
816
-2016
-4032
-4016
-608
3072
1344
-2864
-1552
2832
2080
-2416
-4080
-3072
-3072
-3152
-560
2416
1600
-1808
-3584
-3552
-3696
-3248
-848
2176
3856
3408
672
-2672
-4096
-3728
-3040
-2688
-3328
-3728
-1280
2560
4160
3776
3248
2864
3120
3136
512
-2496
-1216
2656
4096
3104
2544
2720
2656
2640
3536
3888
1104
-2352
-1040
2432
912
-3072
-2048
2432
4576
3472
256
-2576
-976
2528
944
-3008
-1488
2784
2304
-1712
-4000
-3376
-944
1984
4128
4064
912
-2400
-1392
2592
4544
3440
960
-1904
-4000
-3984
-1424
2016
3392
2912
3456
3872
752
-3008
-2160
1808
4400
4080
928
-2352
-1664
1872
3664
3440
3888
3984
928
-2512
-880
2976
2080
-2288
-4768
-4096
-768
2544
1504
-2480
-4624
-3664
0
3328
1472
-2784
-2128
2304
4608
3664
656
-2752
-3872
-3088
-3264
-3616
-1376
2112
3440
3040
3488
3712
1376
-2144
-4160
-3600
-224
3104
2096
-1824
-3824
-3584
-3136
-2896
-3520
-3840
-784
2992
1648
-2256
-1568
2544
4096
3136
3136
3248
1024
-2176
-3616
-3488
-3360
-3488
-3184
-2832
-3536
-3840
-1296
2592
4752
4192
784
-2528
-1008
2896
2240
-1808
-3504
-2912
-2912
-3408
-3600
-3616
-3328
-2944
-2656
-2640
-3280
-3200
-208
3152
2336
-1520
-4256
-4176
-1280
2624
4416
3984
3248
2864
2912
3344
3664
3712
3408
2976
3264
3264
864
-2656
-4064
-3584
-3808
-3872
-896
2560
912
-3024
-1456
2960
1568
-2928
-1728
2432
1216
-2816
-2048
2000
3648
3088
2864
3216
3872
3824
1552
-1920
-4128
-3856
-1200
2160
3984
3360
896
-1984
-4080
-4048
-528
3248
1424
-2960
-1616
2912
2160
-2480
-4192
-3104
-3024
-3056
-448
2512
1552
-1968
-3696
-3584
-3728
-3264
-848
2112
3792
3408
656
-2768
-4240
-3824
-3104
-2720
-3408
-3904
-1424
2608
4288
3808
3200
2768
3072
3152
528
-2592
-1312
2688
4240
3264
2656
2800
2704
2704
3632
4000
1184
-2352
-1024
2464
896
-3136
-2128
2400
4624
3568
304
-2608
-992
2528
880
-3200
-1616
2832
2320
-1824
-4096
-3344
-848
2144
4272
4096
816
-2560
-1552
2496
4576
3504
880
-2112
-4128
-3888
-1248
2160
3488
2976
3504
3968
816
-3088
-2320
1696
4400
4144
992
-2368
-1696
1952
3824
3616
4048
4048
832
-2624
-896
3056
2160
-2352
-4976
-4304
-880
2496
1440
-2608
-4752
-3680
48
3392
1456
-2880
-2112
2496
4784
3616
496
-2928
-3984
-3024
-3216
-3760
-1536
2080
3328
2832
2320
-1168
-3536
-4256
-4464
-4304
-3024
-1920
-3104
-4464
-1856
1776
176
-3712
-2608
1488
1952
-1104
-3552
-4272
-4096
-2672
304
3536
5632
5072
752
-3696
-3088
976
3408
2768
-592
-3904
-2592
1376
1664
-1216
-2416
-2192
-3184
-4240
-3424
-2240
-2672
-4000
-4976
-4656
-2128
1360
3296
2672
-160
-3504
-4880
-4432
-4288
-4320
-3136
-2032
-3216
-4528
-2192
1488
1568
-1136
-2992
-2480
736
4016
3152
-784
-3232
-2608
272
3632
5184
4640
3376
2256
1856
2016
1792
1824
3088
4224
4032
2704
416
-1664
-1408
1072
3584
4448
3424
2144
2592
4112
5120
4784
2240
-1184
-2336
-1984
-3168
-4480
-2720
1056
3552
4336
5200
4880
720
-3872
-2800
1376
1440
-1424
-1024
1600
944
-1600
-752
1648
416
-3344
-5744
-5056
-512
4016
1824
-3536
-2704
1520
112
-3840
-2064
3232
5504
4656
3280
2144
2208
2288
-640
-4064
-2592
1392
1792
-992
-2896
-2384
208
3504
5664
5072
1184
-3440
-4848
-2736
688
3792
4944
4480
4640
4720
2640
-896
-4128
-4880
-1280
3504
4688
2672
-208
-1904
512
4016
1488
-3600
-2176
3264
4752
2688
672
-1360
-3264
-4240
-5168
-4880
-800
3888
3520
-816
-3904
-4416
-4112
-2640
1280
4304
1584
-3520
-3488
944
3792
4352
5040
4896
2032
-1408
-1776
896
3904
4816
2784
-992
-4352
-4912
-944
3824
3200
-1040
-2624
-2064
-3008
-4320
-3968
-2480
-432
1504
2080
2032
3008
4224
4256
2688
-512
-3632
-4272
-2640
0
1984
752
-1680
-336
3408
4784
2992
-752
-3984
-3056
1088
3792
4400
4912
4720
2304
-1232
-3600
-4320
-4512
-4336
-3104
-2032
-3248
-4608
-1968
1744
144
-3840
-2752
1504
2064
-1024
-3632
-4432
-4128
-2592
320
3536
5680
5120
704
-3840
-3216
992
3536
2832
-672
-4096
-2784
1312
1712
-1072
-2160
-1920
-3136
-4480
-3584
-2128
-2544
-4080
-5168
-4864
-2464
992
3072
2528
-384
-3728
-5040
-4576
-4480
-4560
-3248
-1904
-3072
-4624
-2432
1312
1600
-1024
-2992
-2496
896
4192
3136
-880
-3200
-2560
256
3648
5264
4736
3456
2304
1888
2080
1920
1920
3136
4320
4080
2656
336
-1792
-1472
1200
3776
4544
3488
2288
2704
4128
5120
4800
2128
-1424
-2560
-2128
-3280
-4608
-2736
1216
3728
4400
5232
5040
864
-3888
-2816
1488
1488
-1520
-1040
1680
944
-1632
-672
1744
416
-3440
-5888
-5232
-560
4144
1952
-3616
-2832
1504
80
-4000
-2208
3264
5632
4880
3472
2176
2160
2304
-656
-4144
-2640
1344
1712
-992
-2896
-2480
96
3520
5776
5136
1184
-3472
-4944
-2880
624
3840
5024
4592
4752
4800
2720
-848
-4208
-5008
-1296
3600
4800
2736
-208
-1904
624
4128
1472
-3760
-2272
3392
4960
2800
752
-1264
-3280
-4336
-5296
-4944
-816
3888
3504
-848
-3984
-4528
-4224
-2784
1232
4400
1632
-3584
-3520
1088
4032
4480
5072
4944
2048
-1456
-1760
1024
4032
4896
2864
-896
-4368
-4992
-960
3904
3296
-976
-2624
-2064
-3008
-4336
-3968
-2480
-400
1552
2016
1968
3136
4448
4368
2656
-688
-3872
-4432
-2688
-64
1824
624
-1616
-160
3632
4896
2848
-1008
-4160
-3168
976
3824
4560
5104
4960
