6448
5872
800
-3776
-4256
-416
4720
5872
1856
-3520
-7216
-7136
-3744
-3104
-6480
-4960
3008
5824
464
-1504
3936
7632
5648
3344
2816
1760
-400
-3168
-5792
-7312
-7856
-6560
-3504
-3296
-6528
-5344
2304
8608
8976
4752
-592
-1120
3920
5808
816
-3488
-3264
-3200
-5424
-7424
-7952
-6816
-4368
-2576
-2560
-3600
-3776
-560
4528
5872
1920
-3920
-7600
-5248
2304
8368
9392
7136
4048
3120
5472
7984
8512
7232
4768
3376
3520
1408
-3696
-7312
-7600
-7424
-7552
-4592
896
1232
-4496
-4784
3216
5632
-1856
-5392
-272
1632
-3456
-5360
-368
3792
3552
3440
5856
8160
8080
5456
1024
-3856
-6880
-5408
0
4352
4192
1728
-368
-3696
-7456
-4752
3968
5616
-2784
-5296
3040
6160
-1840
-7712
-5632
-2992
-2528
-912
1248
1488
-64
-3104
-6720
-7664
-4672
-736
1904
3872
4464
1552
-3568
-7280
-8400
-6784
-3504
-3344
-6576
-5424
2112
8224
8976
7216
5072
3632
3152
1200
-1872
-992
4416
7712
5728
3120
3168
3424
2816
4096
6608
5392
480
-1184
1696
1136
-4576
-5200
2720
8512
5936
752
-1664
-608
2176
1056
-4528
-4896
2512
6272
1232
-4032
-3824
-1312
928
4112
7152
5408
-368
-1744
3936
8096
5536
1392
-736
-3392
-6496
-5408
128
3904
3440
4256
7392
5280
-2512
-5968
-1440
4800
7520
5360
576
-1840
64
3648
6512
8272
8320
4784
-752
-1072
4656
5824
-1424
-8208
-8720
-4352
1248
2000
-3456
-7808
-6224
-224
6032
5152
-3088
-5728
2144
8656
6832
896
-4928
-7088
-4480
-3168
-5712
-5440
16
3888
3488
4016
6624
5888
624
-4160
-4752
-800
4624
5904
1760
-3664
-7280
-7184
-3856
-3232
-6576
-4960
3088
5840
320
-1680
3888
7728
5872
3648
3040
1808
-448
-3232
-5856
-7392
-7984
-6784
-3696
-3424
-6656
-5488
2208
8592
8976
4704
-688
-1184
3936
5840
800
-3584
-3360
-3216
-5392
-7424
-8032
-6960
-4448
-2592
-2624
-3728
-3872
-560
4608
5968
1968
-3920
-7680
-5344
2304
8416
9424
7232
4160
3184
5520
8048
8560
7328
4912
3568
3792
1680
-3552
-7280
-7584
-7376
-7504
-4576
944
1344
-4464
-4816
3264
5728
-1808
-5424
-304
1616
-3456
-5376
-336
3888
3664
3504
5872
8240
8192
5504
1008
-3904
-6960
-5456
16
4384
4144
1648
-384
-3664
-7504
-4816
4016
5648
-2864
-5424
3008
6224
-1840
-7856
-5744
-3040
-2560
-880
1376
1568
-32
-3056
-6752
-7824
-4784
-688
1968
3824
4400
1504
-3632
-7360
-8480
-6848
-3584
-3360
-6608
-5520
2032
8240
9056
7280
5056
3600
3168
1200
-1904
-976
4544
7872
5776
3104
3200
3536
2928
4144
6640
5392
416
-1216
1824
1264
-4624
-5296
2736
8624
5984
720
-1664
-560
2176
1040
-4528
-4896
2528
6272
1264
-3968
-3744
-1200
976
4064
7104
5408
-352
-1680
4048
8208
5568
1264
-864
-3376
-6416
-5440
80
3840
3296
4128
7424
5344
-2512
-6016
-1536
4736
7568
5504
640
-1824
48
3584
6512
8400
8464
4896
-528
-720
4912
5904
-1456
-8320
-8880
-4512
1056
1760
-3696
-7968
-6288
-224
6080
5184
-3104
-5728
2176
8720
7008
1216
-4704
-7120
-4720
-3440
-5856
-5360
208
4080
3664
4160
-3440
-48
4096
6944
7552
5040
672
-208
3504
5264
2912
1968
4000
5072
3600
656
-1808
-272
4592
6224
2176
-2656
-5184
-6960
-7680
-4192
2288
5536
3280
16
-288
1936
4416
5136
3392
752
-800
-1440
-1680
544
4944
5680
1344
-480
3376
7040
6992
5040
2496
320
64
1872
4480
6272
6480
6560
7104
5120
768
-208
3408
5552
3648
768
-848
-1104
-976
-2368
-4896
-5424
-3152
-672
-400
-2224
-4688
-6832
-7648
-5728
-1696
1056
1056
784
1360
-560
-5200
-6224
-1648
1392
-496
-1408
800
-160
-5104
-6112
-1600
176
-3760
-7344
-7296
-5232
-2544
-1056
-1152
256
3856
5680
3648
-496
-4608
-7552
-7936
-4128
2096
5440
3984
704
-1712
-1584
752
1424
-816
-1952
-224
2224
4384
6784
7680
3664
-3296
-4704
1296
5280
3072
2032
4768
4192
-1840
-7248
-8192
-5680
-1856
528
864
1904
4272
5072
3312
768
-848
-864
-544
-1856
-4544
-7168
-8032
-4304
2848
6144
2576
-2592
-5344
-6464
-6864
-6768
-6496
-5664
-3680
576
5408
4400
-2864
-6416
-2240
1696
560
-3056
-5920
-3968
2672
4416
-2320
-6384
-2128
1232
-512
-512
3616
7360
7744
3888
-2400
-6048
-4480
480
5344
6304
2368
-3104
-6160
-4224
1696
5760
4160
-528
-4912
-7392
-7120
-5280
-3376
-864
1280
-224
-4352
-6272
-4128
832
5408
4448
-2048
-5936
-3536
-832
-1152
352
4960
5952
1456
-1728
-640
1232
1536
-800
-5120
-6528
-2832
2384
5856
5440
1072
-1744
16
1728
208
-2800
-5584
-5952
-2368
2384
4992
5216
3456
-400
-4832
-7328
-7040
-5456
-3344
144
4272
7072
7632
5104
752
-112
3632
5360
2864
1840
3984
5120
3584
576
-1792
-160
4720
6352
2304
-2560
-5184
-7104
-7840
-4256
2336
5584
3248
-80
-320
2016
4512
5184
3504
928
-608
-1248
-1536
608
5024
5776
1424
-480
3376
7120
7088
5040
2384
176
0
1920
4576
6384
6560
6592
7136
5184
800
-192
3424
5616
3744
848
-832
-1072
-832
-2240
-4880
-5504
-3152
-576
-288
-2128
-4688
-6896
-7744
-5888
-1936
848
880
608
1248
-544
-5200
-6320
-1696
1472
-448
-1488
688
-128
-5056
-6160
-1680
144
-3760
-7392
-7376
-5296
-2624
-1104
-1168
272
3904
5760
3744
-416
-4624
-7648
-8016
-4128
2160
5456
4000
688
-1792
-1680
784
1568
-768
-2064
-288
2288
4448
6784
7696
3664
-3344
-4768
1248
5264
3152
2176
4864
4224
-1840
-7328
-8352
-5760
-1808
576
848
1936
4336
5104
3376
912
-752
-864
-592
-1952
-4624
-7168
-8048
-4400
2848
6240
2576
-2720
-5456
-6528
-6912
-6864
-6592
-5696
-3648
576
5424
4448
-2896
-6528
-2288
1728
640
-3040
-5952
-4016
2672
4432
-2352
-6432
-2208
1136
-544
-464
3680
7424
7760
3840
-2464
-6096
-4528
448
5344
6336
2432
-3120
-6288
-4288
1728
5792
4192
-512
-4912
-7456
-7200
-5328
-3456
-912
1280
-224
-4384
-6336
-4208
736
5392
4464
-2032
-5968
-3648
-992
-1264
304
4912
5904
1344
-1888
-704
1312
1696
-688
-5120
-6528
-2656
2608
5984
5456
1120
-1696
0
1616
192
-2720
-5600
-6176
-2656
2224
5024
5328
3376
-624
-4992
-7392
-7104
-5520
-6368
-4416
1136
5696
6224
2336
-3232
-4512
0
4928
6752
6016
4192
4400
6448
3904
-3184
-4576
1424
3536
-2080
-6624
-6080
-5104
-5120
-3136
1056
4656
5904
5712
5792
5488
4192
4592
6448
4240
-2288
-7136
-7344
-3328
2416
3136
-2368
-4528
736
5408
5264
4528
5184
5664
5776
5584
4864
4352
4512
5344
5680
2496
-3072
-4496
-16
5360
7312
4144
-2288
-6736
-7184
-5968
-4816
-4624
-5536
-6240
-6288
-6000
-5296
-5328
-5856
-3472
1968
5728
5888
5680
6080
3120
-2864
-3536
2544
3904
-2768
-4688
1872
3984
-1936
-3744
1872
3968
-1360
-5920
-5760
-4896
-5488
-6368
-6304
-3840
992
5472
6768
3744
-2048
-6368
-6368
-3152
992
5120
7344
3680
-3904
-4736
2592
4464
-2752
-5248
1504
6608
5712
4768
4960
2320
-2080
-3120
320
4512
6496
6496
5152
2224
-1904
-5616
-6576
-3376
2032
5760
6608
5632
4160
4624
6416
4288
-2192
-6656
-6864
-5920
-5360
-5424
-5584
-2816
2320
3120
-2192
-6592
-6208
-4864
-5136
-5264
-4752
-5488
-6608
-3952
1744
2800
-2192
-3264
2512
4400
-1984
-7504
-6608
-2224
2096
2256
-2320
-3216
2496
4000
-2272
-4960
512
5840
5776
2544
-1504
-5504
-7312
-3952
2384
3648
-2128
-7120
-6368
-2800
1072
4928
6640
3760
-2160
-5840
-5440
-5472
-6976
-4128
2608
4368
-800
-6272
-7424
-3776
1840
3440
-640
-5184
-6496
-6592
-6640
-3376
2544
3072
-2944
-4912
992
6672
7120
2992
-2864
-4000
1504
6688
6800
2240
-4000
-4336
2432
4816
-1648
-7424
-7104
-3024
2608
6048
5216
4544
5824
3936
-2000
-5808
-5408
-5328
-6464
-4352
1376
5984
6512
2576
-3120
-4384
272
5152
6768
5984
4336
4640
6544
3840
-3232
-4464
1680
3760
-1952
-6656
-6272
-5392
-5360
-3216
1104
4752
5888
5536
5696
5648
4432
4768
6560
4384
-2176
-7120
-7440
-3424
2304
3008
-2512
-4688
560
5232
5056
4368
5264
6032
6288
5952
4880
4176
4352
5184
5472
2288
-3264
-4736
-288
5248
7456
4352
-2304
-7024
-7568
-6208
-4736
-4432
-5616
-6560
-6624
-6192
-5296
-5216
-5840
-3584
1904
5776
6000
5744
6080
3088
-2896
-3552
2640
4032
-2768
-4784
1840
4080
-1808
-3648
1984
4144
-1168
-5760
-5600
-4816
-5616
-6640
-6544
-4032
832
5408
6912
3984
-1872
-6256
-6192
-3024
880
4960
7456
3872
-3920
-4848
2688
4672
-2752
-5424
1504
6816
5840
4704
4832
2256
-2080
-3072
320
4448
6560
6688
5264
2192
-1952
-5584
-6528
-3312
2160
5968
6880
5824
4128
4496
6512
4544
-2096
-6848
-7168
-6160
-5408
-5264
-5328
-2656
2304
2912
-2528
-6896
-6304
-4800
-5104
-5248
-4688
-5424
-6592
-3936
1824
2848
-2272
-3360
2544
4448
-2000
-7536
-6624
-2224
2144
2304
-2368
-3328
2416
3968
-2240
-4848
720
6096
6016
2656
-1584
-5648
-7328
-3824
2576
3904
-1968
-7168
-6480
-2768
1168
4976
6784
3984
-2064
-5872
-5408
-5408
-7040
-4208
2656
4544
-656
-6240
-7536
-3920
1680
3312
-704
-5168
-6560
-6768
-6800
-3536
2352
2896
-3104
-5008
1056
6880
7280
3040
-2864
-3920
1728
6912
6880
2144
-4144
-4368
2544
4864
-1744
-7536
-7168
-3104
2544
6064
5296
4688
5952
3904
-2144
-5952
-5552
-5472
-5904
-4192
880
4976
5248
1504
-3424
-4240
-112
4352
6336
5744
3696
3792
5920
3552
-3104
-4320
1104
2640
-2592
-6352
-5472
-4384
-4224
-2448
976
4016
5424
5632
5776
5216
3632
3968
5920
3904
-2432
-7024
-7008
-3056
2000
2256
-2720
-4272
624
4640
4384
3888
4848
5568
5728
5328
4304
3600
3792
4640
4800
1680
-3248
-4272
-176
4752
6720
3792
-2384
-6656
-7072
-5728
-4272
-3968
-5168
-6192
-6304
-5776
-4784
-4576
-4960
-2656
2336
5600
5696
5568
5776
2848
-2448
-2624
2896
3504
-2912
-4320
1920
3728
-1584
-2880
2192
3712
-1232
-5168
-4928
-4288
-5216
-6304
-6112
-3616
784
4864
6208
3536
-1776
-5632
-5376
-2448
928
4480
6704
3328
-3824
-4352
2656
4064
-2880
-4864
1792
6352
5120
4000
4000
1632
-1856
-2384
432
3904
6064
6240
4496
1472
-1936
-4864
-5568
-2560
2368
5664
6400
5328
3616
4000
5904
3952
-2272
-6544
-6752
-5696
-4848
-4640
-4592
-2080
2128
2224
-2720
-6352
-5568
-4144
-4416
-4544
-4064
-4880
-6080
-3744
1248
2016
-2080
-2368
2912
3952
-2368
-7248
-5808
-1536
1856
1456
-2256
-2256
2880
3600
-2400
-4704
400
5104
4768
1824
-1440
-4832
-6624
-3712
1904
2768
-2656
-6864
-5552
-2064
1072
4304
6048
3584
-1856
-5104
-4624
-4864
-6512
-3808
2560
4176
-592
-5616
-6784
-3568
1328
2704
-704
-4528
-6000
-6496
-6416
-3184
2048
2176
-3248
-4528
1296
6560
6752
2736
-2480
-3120
2016
6432
5968
1328
-4256
-3904
2624
4432
-1968
-7216
-6368
-2128
3056
5776
4544
3904
5328
3712
-1712
-5040
-4576
-4704
-6000
-4112
1120
5232
5472
1712
-3328
-4176
80
4528
6336
5712
3856
4016
6000
3488
-3152
-4208
1328
2864
-2480
-6384
-5664
-4640
-4416
-2496
1040
4080
5392
5472
5696
5360
3856
4112
6016
4016
-2320
-7040
-7088
-3184
1856
2128
-2816
-4384
448
4448
4160
3760
4944
5920
6192
5632
4288
3424
3616
4480
4592
1456
-3488
-4480
-352
4688
6864
3968
-2416
-6880
-7360
-5888
-4176
-3808
-5232
-6432
-6544
-5920
-4768
-4480
-4928
-2720
2288
5632
5760
5600
5792
2832
-2480
-2640
2960
3600
-2880
-4384
1920
3824
-1472
-2784
2320
3872
-1072
-4992
-4720
-4192
-5328
-6544
-6320
-3792
608
4752
6272
3760
-1568
-5472
-5200
-2336
848
4352
6768
3456
-3840
-4416
2752
4240
-2864
-5008
1760
6528
5232
3920
3856
1536
-1856
-2320
400
3824
6112
6400
4560
1408
-2000
-4848
-5488
-2448
2496
5840
6624
5488
3568
3856
5984
4160
-2208
-6720
-7008
-5904
-4912
-4528
-4368
-1904
2096
1984
-3056
-6576
-5600
-4064
-4336
-4480
-3968
-4800
-6064
-3696
1344
2048
-2144
-2416
2960
4032
-2368
-7280
-5808
-1488
1920
1504
-2320
-2384
2800
3568
-2416
-4608
592
5328
4992
1920
-1552
-4992
-6640
-3600
2080
2976
-2512
-6880
-5632
-2032
1152
4304
6096
3760
-1744
-5088
-4560
-4816
-6560
-3856
2592
4288
-480
-5584
-6864
-3696
1200
2560
-752
-4496
-6080
-6688
-6544
-3280
1904
1968
-3440
-4608
1376
6736
6864
2784
-2464
-2992
2256
6624
5984
1216
-4384
-3968
2688
4480
-2064
-7328
-6448
-2192
2992
5760
4608
4016
5424
3696
-1824
-5184
-4720
-4832
