864
-3504
-6272
-7584
-8160
-6832
-3696
-3232
-6064
-5152
336
1248
-3760
-5248
-992
1968
496
-3184
-6752
-7904
-5344
-512
4272
8064
9184
4640
-3200
-5872
-992
4432
5008
880
-4416
-5184
-672
2016
-512
-3136
-2848
-3536
-6640
-7296
-4176
-2768
-5280
-7936
-7984
-5120
-112
4064
4528
1136
-4032
-7488
-7648
-7152
-7840
-6928
-3760
-3280
-5968
-5312
-432
1904
-448
-3552
-4112
-592
4784
5792
960
-3904
-4368
-880
4096
7808
8720
7232
4592
2832
3008
3248
2528
3520
6800
8032
4912
656
-1408
-1264
272
3584
7328
7600
4320
2960
5520
8160
8224
5184
-80
-3392
-3104
-3616
-6064
-5600
-880
3968
6512
8176
8768
4576
-3024
-5424
-1008
1696
-192
-960
880
1040
-912
-768
1664
1312
-3216
-8048
-9360
-4368
4160
5584
-2096
-5504
-112
1456
-4304
-5424
1792
8128
8976
7104
4720
3600
3744
1024
-4256
-5072
-544
1984
-400
-3776
-4416
-1376
3728
8160
9456
5168
-3136
-8192
-6160
-640
4464
7472
7856
7632
7568
5472
1072
-4128
-7872
-5280
3264
8480
5808
432
-2624
-544
5168
5056
-3056
-5824
2288
8496
5600
960
-1008
-3072
-5792
-8048
-8688
-4464
3120
6096
1872
-3968
-7296
-7888
-5696
-160
5712
5056
-2224
-6064
-1760
4080
6848
8160
8048
4800
240
-1824
-32
4016
6944
5840
1200
-4448
-7936
-4912
3072
6160
928
-3728
-3216
-3328
-6544
-7744
-4768
-800
2000
3200
2960
3696
6480
8048
5984
1008
-4880
-7664
-5024
-368
2000
832
-1808
-1072
4176
8064
6208
544
-4672
-5504
-1248
3888
6768
8064
7904
5200
608
-3776
-6432
-7584
-8064
-6768
-3760
-3360
-6176
-5184
432
1440
-3632
-5216
-880
2064
384
-3392
-6848
-7984
-5552
-752
4160
8080
9264
4688
-3232
-5904
-880
4608
5088
864
-4448
-5216
-784
1856
-720
-3392
-3072
-3632
-6688
-7392
-4272
-2800
-5312
-8032
-8096
-5104
48
4256
4608
1088
-4128
-7632
-7728
-7168
-7872
-6976
-3824
-3312
-6000
-5376
-512
1872
-448
-3616
-4320
-848
4688
5840
976
-4032
-4576
-1072
4016
7808
8704
7296
4832
3104
3232
3456
2656
3488
6768
8144
5024
576
-1504
-1184
400
3568
7296
7680
4432
3008
5536
8176
8256
5264
32
-3328
-3104
-3632
-6096
-5664
-976
3872
6496
8256
8880
4608
-3056
-5440
-960
1744
-128
-864
848
880
-960
-608
1808
1312
-3248
-8016
-9344
-4416
4144
5648
-2048
-5536
-224
1392
-4304
-5456
1744
8208
9152
7248
4784
3648
3792
1040
-4288
-5120
-608
1920
-432
-3776
-4400
-1296
3840
8208
9488
5248
-3136
-8352
-6288
-592
4608
7536
7856
7664
7632
5472
992
-4160
-7872
-5328
3264
8576
5904
416
-2768
-688
5152
5136
-3040
-5824
2352
8608
5744
1072
-992
-3152
-5920
-8192
-8784
-4528
3088
6128
1936
-3952
-7328
-7968
-5792
-128
5872
5216
-2176
-6080
-1792
4064
6864
8288
8208
4912
304
-1792
-48
4064
7056
5920
1248
-4416
-7968
-4976
3072
6256
1056
-3648
-3152
-3280
-6608
-7904
-4768
-624
2112
3136
2784
3632
6656
8208
5904
800
-5008
-7728
-5104
-400
2096
976
-1824
-1216
4128
8176
6448
784
-4576
-5424
-1024
4160
6880
8064
7936
5264
4128
5664
3296
576
400
2368
4608
5424
3968
-240
-5232
-5552
-1024
80
-4128
-4464
1744
5456
3264
2160
4768
5456
2192
-1040
-1888
-592
1232
304
-3648
-6960
-7536
-4960
-592
-112
-4304
-4720
1648
7216
7456
4912
2448
2128
4256
5184
2928
928
1024
-80
-3680
-6848
-7440
-5232
-1376
1296
1344
448
608
2320
4512
5472
3984
-416
-5168
-4640
1616
7232
8240
5216
800
-256
3392
7184
7744
5392
1600
-928
-1168
-1872
-4288
-6176
-6560
-6480
-6272
-4784
-2336
-2368
-4992
-3680
2656
4544
-1232
-5328
-3392
-1920
-3984
-4976
-2720
-800
-928
240
4112
7072
6896
5376
3360
-304
-4480
-5536
-2848
-432
-720
-592
1168
-192
-4832
-4240
2720
4432
-2160
-4240
2320
4656
-1808
-5872
-2608
1280
2112
1040
-1040
-1264
1024
224
-4672
-5984
-1456
1680
416
-816
-576
-1696
-4288
-6512
-7440
-5200
-656
-144
-4384
-4784
1472
7264
8112
5568
1952
-912
-1728
-1168
160
2656
5440
5536
2144
-928
-1056
-768
-1216
512
4144
5616
3744
1264
-368
-2672
-5424
-3840
2832
6080
2000
-1456
256
1904
352
-2752
-5280
-3856
2000
5680
3440
624
928
816
-848
208
4240
5584
2880
1952
4896
5584
1504
-1024
560
224
-3856
-5616
-2880
-736
-960
912
5056
4592
-1584
-5888
-4096
816
4784
5744
3840
704
-1456
-144
4160
7328
7136
4848
2320
2368
5024
4400
-1664
-6960
-7328
-4720
-1984
-1904
-4720
-5760
-2320
2880
6144
3840
-2832
-4416
2032
6400
3056
-2608
-5888
-5136
-1216
96
-3488
-5552
-2960
-688
-832
592
4352
5792
3264
320
0
2096
4608
5520
3968
-304
-5312
-5680
-1152
0
-4240
-4528
1808
5552
3232
2096
4832
5648
2384
-880
-1776
-608
1216
304
-3728
-7104
-7680
-5104
-736
-192
-4368
-4784
1648
7328
7584
4928
2416
2128
4304
5216
2896
864
960
-128
-3760
-6960
-7552
-5328
-1376
1392
1376
368
528
2320
4592
5552
4048
-368
-5184
-4656
1632
7296
8368
5392
928
-224
3440
7296
7840
5504
1696
-816
-960
-1712
-4304
-6304
-6656
-6560
-6336
-4784
-2272
-2320
-5008
-3680
2736
4576
-1248
-5328
-3424
-1984
-4064
-5040
-2736
-800
-896
240
4096
7104
6960
5408
3392
-272
-4464
-5552
-2832
-464
-784
-624
1232
-144
-4880
-4304
2704
4416
-2208
-4272
2320
4688
-1840
-5984
-2688
1264
2096
1056
-976
-1232
1024
288
-4640
-6064
-1536
1696
464
-848
-720
-1808
-4352
-6560
-7504
-5216
-672
-144
-4352
-4816
1408
7264
8176
5632
1920
-928
-1760
-1232
128
2736
5600
5632
2112
-992
-1040
-720
-1136
592
4224
5616
3696
1264
-320
-2656
-5488
-3888
2912
6240
2032
-1536
256
1968
352
-2800
-5376
-3920
2016
5728
3504
704
1024
928
-784
144
4160
5568
2912
2048
5024
5680
1472
-1168
448
272
-3776
-5616
-2944
-800
-1104
816
5056
4640
-1584
-5952
-4192
720
4768
5808
3920
736
-1456
-224
4128
7376
7200
4896
2512
2672
5184
4400
-1712
-7008
-7376
-4800
-2160
-2112
-4832
-5776
-2336
2896
6224
3888
-2880
-4464
2096
6496
3200
-2416
-5792
-5216
-1376
-96
-3680
-5616
-2848
-560
-768
688
1152
5072
6112
5824
6064
5856
4544
4704
6288
3840
-2352
-3264
2304
3984
-912
-3456
192
4720
6496
6656
5728
2608
-2160
-6336
-7504
-3552
3008
4544
-704
-6016
-6672
-2656
3024
3872
-1168
-3488
864
5152
5216
4816
6000
6112
4688
4272
5264
6256
6256
3680
-1472
-5856
-6512
-3168
2304
6064
6208
5440
5936
5872
4528
4752
6224
3904
-1760
-3424
848
5584
6560
2768
-3072
-4336
704
5920
6592
3136
-2160
-6000
-6704
-5840
-5040
-4784
-5168
-5216
-4592
-4752
-6000
-6672
-5584
-2192
1984
2960
-592
-4992
-6912
-6208
-4688
-4368
-5296
-6176
-6192
-3584
1872
5600
5392
5152
6000
3904
-1424
-5424
-6016
-6080
-6576
-3456
2832
3952
-1360
-3248
1088
2656
-1344
-2592
1456
2592
-1760
-3360
1264
6480
7760
3568
-3536
-4544
2128
4304
-1680
-3392
2640
4624
-1280
-6416
-6816
-5792
-5072
-5216
-5808
-2960
2864
3760
-1392
-3616
704
5728
6672
3408
-1904
-6384
-7600
-4080
2512
7056
6656
2752
-2336
-5808
-6144
-5856
-6000
-3792
960
5520
7472
4352
-2656
-7232
-6384
-2016
2864
2848
-2864
-4144
2464
4992
-1632
-7264
-6160
-2416
1392
4672
5904
6352
6848
3632
-2752
-4608
272
5376
6768
6592
6016
2304
-3552
-4016
2032
4624
-432
-5584
-6400
-6272
-6224
-3104
2032
3472
-560
-5584
-7008
-4048
1136
5840
7552
3840
-3024
-4656
1072
5776
5328
4624
5952
6624
5504
2560
-1952
-5168
-5232
-4800
-5728
-6640
-6160
-3056
2512
6656
6208
2064
-2512
-2608
2048
3584
-1584
-6816
-6864
-2544
2896
4112
-576
-5344
-6352
-6192
-6096
-3600
1328
5312
6240
5776
5920
5776
4688
4944
6384
3728
-2560
-3488
2144
3872
-1120
-3616
368
5024
6592
6688
5952
2880
-2032
-6320
-7568
-3600
3056
4592
-880
-6368
-6960
-2768
2992
3824
-1280
-3520
992
5328
5280
4800
6128
6368
4784
4208
5344
6560
6592
3952
-1296
-5696
-6208
-2768
2656
6368
6480
5712
6240
6096
4512
4640
6272
4128
-1520
-3328
768
5392
6368
2576
-3312
-4656
416
5760
6480
2960
-2352
-6176
-6832
-5968
-5184
-4896
-5216
-5280
-4624
-4736
-6000
-6800
-5680
-2112
2112
2944
-624
-4976
-6960
-6352
-4736
-4336
-5392
-6464
-6512
-3824
1632
5392
5216
5040
6048
4176
-1136
-5296
-6128
-6352
-6864
-3600
2912
4192
-1104
-3120
1040
2576
-1264
-2432
1440
2448
-1792
-3280
1296
6528
7872
3632
-3616
-4688
2096
4400
-1584
-3360
2640
4672
-1232
-6512
-7056
-5984
-5104
-5120
-5648
-2752
3072
4000
-1072
-3376
640
5488
6432
3184
-2128
-6576
-7872
-4336
2544
7312
6720
2560
-2560
-5968
-6272
-6016
-6224
-3952
960
5552
7504
4384
-2672
-7360
-6512
-2016
3040
2992
-2912
-4304
2448
5056
-1632
-7328
-6304
-2544
1488
4912
5984
6240
6736
3632
-2672
-4448
480
5520
6736
6592
6208
2416
-3696
-4224
1920
4704
-224
-5424
-6400
-6416
-6448
-3248
2016
3552
-432
-5552
-7120
-4160
1088
5840
7664
3984
-3008
-4800
880
5680
5296
4608
6048
6816
5552
2464
-1952
-5072
-5184
-4864
-5904
-6800
-6144
-2848
2752
6800
6256
2048
-2512
-2592
2048
3552
-1632
-6928
-7008
-2608
2928
4112
-688
-5504
-6416
-6224
-6144
-3600
1024
4576
5728
5744
6048
5616
4096
4224
5792
3536
-2048
-2544
2544
3712
-752
-2832
320
4240
6144
6480
5216
1872
-2560
-6256
-7168
-3216
3024
4288
-688
-5504
-5872
-1952
3136
3584
-1008
-2896
976
4560
4512
4336
5776
5936
4288
3760
5008
6192
6064
3424
-1424
-5360
-5760
-2464
2608
5936
5984
5344
5872
5616
4096
4288
5744
3616
-1456
-2800
992
5040
5712
2048
-3216
-4048
704
5360
5792
2448
-2432
-5872
-6496
-5600
-4624
-4208
-4592
-4656
-4032
-4272
-5744
-6480
-5008
-1568
1872
2320
-720
-4496
-6496
-6016
-4304
-3856
-5024
-6112
-6000
-3296
1776
5024
4736
4672
5600
3696
-1232
-4928
-5680
-6000
-6384
-3104
2848
3712
-1104
-2624
1040
2016
-1312
-1952
1424
1904
-1776
-2608
1744
6384
7392
3168
-3552
-4176
2208
4016
-1472
-2640
2944
4240
-1584
-6336
-6672
-5552
-4624
-4640
-5072
-2240
3024
3504
-1216
-2992
864
5152
5808
2688
-2256
-6320
-7264
-3696
2720
6864
6032
2032
-2688
-5696
-5952
-5744
-5760
-3536
864
5072
7008
4000
-2816
-7040
-5728
-1360
2752
2080
-3184
-3776
2640
4640
-1936
-7056
-5504
-1776
1408
4160
5520
6272
6624
3264
-2800
-4368
192
4928
6448
6416
5488
1536
-3792
-3648
2176
4368
-384
-5072
-6016
-6208
-6016
-2832
1760
2848
-672
-5040
-6432
-3824
960
5392
7056
3488
-3008
-4384
1008
5216
4704
4192
5744
6432
4960
1904
-2032
-4576
-4512
-4320
-5536
-6496
-5648
-2336
2912
6448
5504
1408
-2384
-1952
2064
2832
-2096
-6592
-6160
-1792
3088
3824
-544
-4848
-5968
-6080
-5856
-3344
1200
4816
5888
5728
5904
5536
4224
4448
5904
3456
-2240
-2752
2384
3584
-944
-2960
496
4528
6256
6528
5408
2128
-2384
-6192
-7184
-3248
3040
4304
-848
-5808
-6112
-2048
3136
3536
-1104
-2896
1136
4704
4528
4336
5904
6144
4368
3696
5072
6480
6352
3648
-1248
-5152
-5408
-2048
2944
6224
6240
5568
6128
5808
4048
4144
5776
3840
-1232
-2704
912
4848
5488
1856
-3456
-4352
448
5200
5648
2240
-2640
-6016
-6608
-5728
-4768
-4304
-4624
-4704
-4048
-4240
-5776
-6592
-5072
-1440
2000
2288
-752
-4464
-6560
-6160
-4336
-3808
-5120
-6352
-6240
-3552
1520
4800
4576
4560
5648
3920
-960
-4816
-5792
-6256
-6608
-3216
2896
3920
-864
-2496
960
1936
-1216
-1776
1424
1792
-1792
-2528
1776
6416
7472
3232
-3616
-4288
2192
4112
-1376
-2608
2928
4272
-1552
-6432
-6880
-5712
-4656
-4544
-4896
-2016
3216
3712
-896
-2768
800
4912
5568
2480
-2432
-6432
-7456
-3904
2800
7088
6048
1808
-2896
-5792
-6032
-5856
-5920
-3648
864
5088
7024
4032
-2848
-7136
-5808
-1328
2896
2224
-3216
-3872
2656
4688
-1952
-7120
-5632
-1888
1520
4368
5584
6192
6544
3248
-2720
-4192
400
5040
6400
6432
5664
1648
-3872
-3824
2080
4432
-176
-4912
-6016
-6304
-6160
-2960
1744
2944
-544
-5056
-6544
-3920
896
5360
7152
3616
-2992
-4528
816
5088
4608
4144
5840
6592
4960
1792
-2016
-4448
-4448
-4368
-5696
-6608
-5584
-2080
3136
6560
5520
1392
-2352
-1904
2064
2768
-2176
-6720
-6288
-1840
3152
3872
-624
-4960
-6032
-6128
-5920
-3344
