4672
3984
496
-3680
-5792
-4656
-160
3440
1152
-3600
-4672
-3504
-3600
-4256
-4624
-3680
304
3408
432
-3872
-2048
3088
5008
4592
5200
4784
768
-3760
-4832
-3552
-2896
-3328
-3840
-4224
-4592
-3728
-576
3120
5168
4128
-416
-3904
-1056
3344
1536
-3504
-5216
-4368
-3824
-3520
-3312
-3504
-3888
-4240
-4176
-4128
-5008
-4464
-128
3536
1312
-3520
-5360
-3776
-272
3200
4304
3856
4128
4640
4320
3712
3440
3616
4016
4496
5248
4784
1328
-2896
-4224
-3616
-4128
-3792
496
4256
1360
-3104
-832
3440
1008
-3120
-288
4112
1440
-3136
-1184
3824
5424
4592
3920
3776
4384
4048
688
-3568
-5328
-3824
-80
3968
6128
4944
688
-3712
-5392
-3760
480
3488
816
-3056
-880
3312
1888
-2688
-4512
-4368
-5184
-4592
208
4384
1792
-3616
-4752
-3520
-4336
-4464
-736
3920
5984
4880
1056
-2960
-4128
-3552
-3664
-4240
-4528
-3680
-400
3264
4320
3856
3936
4560
5568
4880
208
-4000
-1952
3136
5216
4752
4448
4544
4496
4544
4992
4048
-448
-4016
-592
4176
1680
-3072
-1712
3104
5888
4976
32
-4032
-752
4240
1680
-3040
-800
3312
1392
-3600
-6064
-4688
-384
4096
5920
4096
-592
-4032
-2032
3024
5936
4960
896
-3696
-5504
-3776
160
4112
5424
4672
4736
4064
0
-3264
-944
3808
5968
4288
-384
-3840
-1344
3792
5168
3984
4432
4176
-240
-3936
-1008
3504
2016
-2816
-5280
-4016
512
4224
2240
-2800
-5632
-4624
-128
3536
1152
-3008
-1664
3072
5680
4944
1376
-2880
-4672
-4464
-4464
-3568
48
4128
5376
4752
4752
3888
304
-3840
-5888
-4736
-240
3360
1072
-3680
-4704
-3472
-3616
-4336
-4688
-3632
400
3440
384
-3968
-2160
3008
5024
4784
5424
4896
720
-3840
-4864
-3584
-2928
-3328
-3872
-4336
-4656
-3664
-464
3216
5216
4112
-512
-4064
-1184
3248
1424
-3632
-5328
-4448
-3840
-3520
-3296
-3472
-3904
-4304
-4256
-4208
-5088
-4592
-224
3520
1280
-3648
-5456
-3760
-208
3248
4320
3840
4144
4720
4384
3808
3680
3904
4144
4512
5264
4784
1280
-2944
-4160
-3488
-4016
-3728
544
4272
1392
-3072
-848
3424
1024
-3072
-176
4320
1648
-2992
-1120
3920
5680
4912
4048
3696
4272
3904
480
-3792
-5424
-3712
144
4208
6384
5184
704
-3936
-5488
-3616
496
3248
752
-2864
-880
3072
1808
-2592
-4528
-4576
-5408
-4752
208
4496
1792
-3760
-4752
-3376
-4320
-4624
-800
4096
6224
5024
1120
-2896
-4096
-3552
-3744
-4384
-4560
-3552
-352
3200
4240
3824
3968
4624
5632
4944
224
-4128
-2192
2992
5264
4912
4624
4688
4656
4704
5056
3984
-576
-4112
-592
4272
1776
-3056
-1744
3136
5968
5024
48
-4000
-736
4272
1712
-3040
-832
3296
1408
-3600
-6048
-4704
-464
4048
6016
4288
-480
-4080
-2064
3120
6032
4976
896
-3648
-5520
-3904
32
4048
5392
4640
4800
4240
48
-3376
-1056
3808
6064
4432
-288
-3824
-1344
3808
5216
4144
4672
4384
-144
-3904
-928
3568
2000
-2880
-5280
-3968
560
4256
2272
-2800
-5680
-4768
-256
3504
1136
-3088
-1712
3104
5760
4992
1328
-2992
-4736
-4416
-4448
-3632
-32
4096
5408
4848
-2368
544
2800
3952
4448
4112
2432
1152
2512
4016
1792
-1088
640
3744
2560
-752
-1360
656
2816
3968
3568
1552
-1264
-3792
-5440
-4640
-352
3616
2816
-704
-2544
-1664
1392
3872
2416
-752
-960
784
1072
944
2544
3952
2768
1152
1840
3792
4864
4304
2048
-704
-2112
-1456
976
3648
4528
4096
4192
4160
2480
1072
2464
4016
2064
-928
-1024
752
1968
1408
-1472
-4016
-2752
560
2224
1472
-1024
-3824
-5024
-4384
-2896
-1424
-928
-1168
-960
-1072
-2688
-4128
-3456
-1552
96
944
704
-848
-3152
-4336
-2992
-1296
-1968
-3968
-5024
-4512
-2144
592
1168
912
2512
4096
2640
-672
-2976
-4080
-5120
-4528
-352
3696
2544
-928
-1008
880
400
-1088
-352
976
-32
-1264
400
3536
5408
4432
-128
-3920
-1216
3552
2416
-880
912
3856
1344
-3568
-5408
-4512
-2848
-1408
-1408
-1424
1200
3840
2336
-784
-1104
688
1888
1376
-880
-3728
-5504
-4576
-544
3568
4080
1568
-1488
-3856
-4592
-4272
-4496
-4384
-2496
560
3600
4288
640
-3728
-4112
-1696
624
1168
-1616
-4112
-848
3616
1456
-3584
-4128
-1648
-224
816
2384
3824
5040
4432
256
-3872
-3280
512
3344
4080
3568
1552
-2224
-4272
-1024
3584
3232
-656
-3200
-4096
-4864
-4448
-1920
720
1120
-752
-3248
-4304
-2800
400
3648
4320
560
-3776
-3056
480
1408
976
2448
4000
3264
1328
-240
-1008
-912
-1056
-2576
-4096
-3824
-1664
1568
3872
3488
1472
-432
-1200
-16
1088
-880
-3872
-4128
-1744
1600
3888
2752
-704
-3168
-4160
-4784
-4384
-2208
768
2976
4048
4528
4192
2544
1296
2624
4096
1792
-1088
736
3824
2480
-912
-1408
688
2880
4000
3600
1584
-1216
-3776
-5440
-4592
-256
3728
2896
-640
-2544
-1712
1344
3856
2368
-864
-1040
816
1232
1152
2688
4016
2896
1328
1936
3792
4896
4384
2080
-768
-2240
-1584
928
3680
4608
4192
4240
4160
2512
1152
2576
4160
2160
-960
-1120
752
2032
1456
-1488
-4080
-2784
592
2192
1328
-1152
-3888
-5072
-4464
-2944
-1472
-1024
-1248
-1024
-1152
-2752
-4144
-3520
-1600
96
928
624
-880
-3088
-4256
-3072
-1504
-2144
-3984
-4960
-4416
-2032
768
1456
1248
2720
4080
2464
-880
-3104
-4064
-5056
-4496
-320
3728
2464
-1104
-992
1120
480
-1312
-416
1264
160
-1392
240
3520
5472
4496
-144
-4000
-1232
3536
2256
-1136
752
3792
1296
-3600
-5408
-4448
-2784
-1408
-1488
-1536
1216
3936
2272
-1024
-1232
768
2032
1456
-880
-3744
-5488
-4576
-624
3504
4128
1648
-1488
-3904
-4624
-4288
-4528
-4400
-2432
688
3696
4304
624
-3744
-4144
-1728
656
1168
-1680
-4176
-800
3712
1488
-3632
-4160
-1680
-240
864
2480
3920
5136
4464
272
-3888
-3392
352
3280
4128
3632
1536
-2272
-4288
-992
3648
3328
-576
-3184
-4192
-5008
-4528
-1952
656
1120
-656
-3152
-4336
-2960
240
3632
4416
560
-3904
-3216
320
1216
848
2432
4080
3264
1264
-240
-976
-976
-1152
-2640
-4144
-3840
-1680
1520
3904
3616
1568
-416
-1200
-16
1024
-960
-3872
-4080
-1696
1680
3952
2752
-704
-3104
-4112
-4800
-4464
-4304
-2256
1200
4448
6064
5168
1392
-1664
496
4432
4016
1712
2608
4672
4368
2000
-1008
-1968
1248
4640
3168
-1184
-3824
-4928
-6240
-5552
-656
4384
4624
1968
608
1296
3152
4752
4288
1984
-256
-1728
-2800
-2112
1696
4640
2160
-1488
96
4288
5888
5088
3552
1792
816
1280
2896
4640
5152
4912
5456
5088
1488
-1584
560
4480
4592
1872
-496
-1744
-1680
-1584
-3296
-5056
-4288
-2112
-992
-1520
-3072
-4864
-6048
-5472
-2416
1088
2112
1584
2080
1808
-1840
-4992
-2752
1088
496
-1680
-176
1552
-1632
-5088
-2592
1296
-336
-4624
-6256
-5456
-3664
-2000
-2080
-2048
944
4544
4912
2176
-1520
-4736
-6656
-5600
-704
4320
4928
2064
-912
-1968
-288
1504
336
-1712
-1136
1216
3120
4608
6176
5344
-192
-4928
-1808
4272
4368
1712
3168
4928
1232
-4448
-6784
-5552
-2192
1104
1824
1408
2896
4768
4208
1888
-432
-1792
-1728
-1664
-2944
-4896
-6512
-5632
-512
4448
3472
-1120
-4112
-5088
-5280
-5152
-5280
-5312
-4624
-2400
2144
4880
752
-4656
-3216
1088
1376
-1408
-4640
-5376
-448
4560
1296
-4608
-3200
1120
320
-1776
384
4368
6560
5376
448
-4656
-5616
-2464
2128
4816
3232
-1136
-4992
-5472
-1168
4304
5344
2112
-1840
-4832
-6064
-5408
-4144
-2256
672
1744
-1184
-4880
-5456
-2592
2256
4896
1200
-4576
-5072
-2304
-2032
-2064
1568
4768
2480
-1392
-1312
1184
2656
1776
-1856
-4960
-3488
848
4320
4976
1952
-1456
-960
1216
896
-1424
-4016
-5168
-3152
800
3776
4912
4336
1872
-1792
-4912
-5984
-5424
-4368
-2272
1296
4608
6208
5280
1424
-1600
704
4624
4016
1616
2624
4784
4400
1904
-1088
-1936
1280
4688
3248
-1152
-3888
-5040
-6384
-5648
-656
4448
4704
1984
528
1200
3168
4848
4352
1920
-336
-1744
-2800
-2112
1760
4784
2240
-1472
112
4352
5984
5152
3584
1808
816
1280
2912
4688
5232
4976
5536
5168
1472
-1696
480
4560
4752
1984
-480
-1824
-1872
-1792
-3440
-5168
-4416
-2304
-1248
-1728
-3216
-4976
-6144
-5504
-2432
1088
2128
1552
1952
1632
-1968
-5088
-2864
992
480
-1680
-192
1536
-1632
-5088
-2640
1168
-464
-4720
-6320
-5552
-3776
-2064
-2032
-1904
1104
4640
4896
2000
-1760
-4896
-6800
-5760
-704
4464
4880
1760
-992
-1680
-240
1184
208
-1456
-1072
944
2944
4704
6368
5472
-208
-5088
-1888
4336
4368
1584
3136
5040
1296
-4560
-6944
-5648
-2256
1056
1760
1344
2944
4896
4160
1696
-560
-1744
-1616
-1552
-2896
-4944
-6560
-5648
-480
4528
3536
-1152
-4176
-5168
-5408
-5296
-5392
-5392
-4656
-2320
2336
5008
736
-4784
-3408
928
1360
-1344
-4640
-5488
-512
4624
1312
-4736
-3360
1040
288
-1824
336
4400
6640
5456
464
-4736
-5776
-2560
2144
4832
3168
-1264
-5088
-5488
-1168
4256
5392
2288
-1696
-4864
-6176
-5488
-4272
-2400
656
1888
-1056
-4864
-5504
-2640
2288
4992
1232
-4640
-5136
-2384
-2160
-2192
1552
4816
2416
-1504
-1296
1280
2784
1904
-1792
-4992
-3488
944
4464
5104
1984
-1520
-960
1328
960
-1488
-4096
-5232
-3136
896
3840
4960
4432
1968
-1744
-4912
-6048
-5536
-4080
-2112
1248
4320
5792
4880
1232
-1584
560
4304
3968
1920
2672
4512
4320
2112
-960
-1952
1232
4448
2880
-1264
-3600
-4576
-5792
-5056
-464
4192
4480
2096
864
1488
3088
4528
4224
2096
-224
-1792
-2768
-1968
1744
4464
1936
-1504
160
4224
5680
4880
3520
2000
1136
1536
2944
4480
4912
4720
5280
4816
1264
-1568
624
4416
4576
1968
-448
-1760
-1712
-1584
-3120
-4720
-4016
-2080
-1120
-1520
-2864
-4512
-5632
-4992
-1952
1376
2272
1760
2256
1888
-1680
-4576
-2304
1216
400
-1664
48
1760
-1408
-4672
-2144
1472
-256
-4320
-5760
-5008
-3440
-2000
-2112
-1968
960
4416
4832
2272
-1312
-4448
-6192
-5072
-464
4240
4864
2112
-944
-1936
-64
1696
240
-1808
-944
1472
3120
4400
5840
4960
-224
-4512
-1520
4144
4304
1888
3136
4608
1088
-4208
-6368
-5088
-1808
1312
1968
1584
2896
4560
4128
2016
-368
-1824
-1760
-1648
-2800
-4576
-6048
-5136
-256
4256
3104
-1232
-3856
-4672
-4896
-4800
-4864
-4896
-4336
-2240
2160
4672
672
-4304
-2720
1312
1280
-1536
-4368
-4832
-240
4288
1136
-4224
-2656
1312
256
-1808
400
4272
6256
5072
464
-4320
-5328
-2368
2080
4560
2896
-1248
-4672
-4944
-928
4128
5152
2144
-1664
-4512
-5568
-4976
-3984
-2160
848
1952
-944
-4544
-5184
-2496
2144
4672
1168
-4240
-4736
-2272
-2048
-1968
1568
4496
2176
-1408
-1056
1456
2784
1776
-1760
-4592
-3024
1120
4288
4688
1696
-1424
-656
1456
896
-1488
-3808
-4704
-2672
1088
3744
4720
4272
1984
-1616
-4608
-5552
-5040
-4160
-2176
1280
4480
5936
4896
1168
-1600
720
4528
4048
1840
2624
4544
4304
2000
-976
-1840
1312
4480
2928
-1248
-3696
-4688
-5888
-5136
-448
4304
4576
2112
816
1408
3104
4624
4304
2064
-288
-1824
-2768
-1968
1792
4560
2016
-1456
224
4304
5760
4928
3504
1952
1104
1488
2912
4496
4976
4768
5344
4928
1312
-1648
528
4448
4688
2064
-416
-1840
-1920
-1808
-3232
-4768
-4112
-2272
-1312
-1696
-2992
-4608
-5744
-5104
-2016
1392
2304
1696
2080
1712
-1840
-4720
-2416
1200
400
-1696
0
1728
-1440
-4720
-2240
1344
-320
-4368
-5856
-5120
-3520
-2048
-2080
-1872
1088
4512
4864
2128
-1552
-4640
-6336
-5232
-512
4320
4848
1888
-992
-1712
-32
1376
112
-1536
-800
1312
3024
4544
6096
5152
-224
-4640
-1552
4192
4256
1776
3168
4752
1168
-4224
-6432
-5120
-1808
1312
1904
1488
2880
4640
4112
1840
-496
-1792
-1680
-1568
-2736
-4560
-6064
-5168
-288
4288
3184
-1200
-3920
-4736
-4976
-4896
-4944
-4976
-4384
-2192
2304
4800
688
-4368
-2816
1248
1328
-1408
-4368
-4912
-208
4416
1200
-4336
-2848
1200
224
-1808
400
4336
6336
5088
384
-4432
-5392
-2384
2112
4608
2864
-1360
-4800
-4992
-912
4160
5248
2336
-1504
-4544
-5712
-5072
-4064
-2256
848
2048
-880
-4576
-5248
-2544
2176
4720
1152
-4336
-4848
-2368
-2160
-2096
1552
4496
2032
-1568
-1056
1568
2944
1968
-1664
-4608
-2992
1216
4384
4800
1744
-1472
-688
1536
944
-1552
-3936
-4752
-2608
1168
3776
4688
4320
2128
-1520
-4608
-5584
-5072
