-224
3792
4736
3632
3072
3408
3872
4320
4800
3744
-608
-4096
-1216
3024
560
-3840
-1648
3632
4720
3520
4288
4592
1360
-2880
-4944
-3840
160
3168
1056
-3584
-5984
-4768
-256
3232
448
-3856
-1744
3632
5424
4448
3744
3552
3872
4352
3984
3520
4096
3712
432
-3648
-5632
-4608
-928
2992
4368
3696
3184
3424
3872
4288
4864
3824
-560
-4048
-1600
3632
6224
4848
384
-3152
-1216
3632
5984
4752
1040
-2960
-4240
-3584
-3680
-4304
-4384
-4272
-4288
-4240
-3792
-3584
-4704
-4576
-128
3952
1552
-3600
-4976
-3824
-3744
-4192
-3840
-3568
-4192
-3824
-448
3712
4992
4352
4480
3872
272
-3776
-4656
-3632
-3904
-3744
16
3248
128
-4000
-880
3952
1008
-3936
-960
3920
1072
-3984
-2368
2704
5008
3808
-80
-3152
-656
3056
400
-3920
-1504
3040
1616
-2864
-4256
-3632
-3728
-4304
-5104
-4592
-368
3232
368
-3888
-1840
3584
6032
4704
1104
-2896
-4800
-3744
-704
2896
5216
4672
1072
-2928
-4112
-3520
-3984
-3728
-304
3840
5392
3920
544
-3040
-5392
-4704
80
4112
1408
-3072
-1136
3008
1728
-2800
-5408
-4688
-688
3840
4848
3568
3840
3744
64
-3168
-816
3776
4736
3568
4384
4688
672
-3152
-800
3104
1184
-3680
-4832
-3568
-4016
-3792
384
3968
1552
-3584
-5696
-3984
-144
3712
5488
4080
-176
-3376
-1168
3584
5312
4464
3680
3568
4512
4464
784
-3760
-5168
-4400
-3600
-3504
-4496
-4528
-1360
2976
5568
4752
-192
-4144
-1008
3872
2368
-2768
-5600
-4768
-576
3104
1040
-3728
-4848
-3584
-3840
-3632
-80
3968
4800
3552
2976
3408
3984
4416
4848
3776
-608
-4160
-1232
3040
464
-3968
-1616
3760
4816
3536
4288
4640
1440
-2816
-4880
-3824
144
3168
1008
-3680
-6096
-4880
-320
3200
384
-3936
-1728
3728
5568
4576
3808
3568
3904
4416
3968
3424
4032
3712
400
-3744
-5776
-4736
-1024
2928
4352
3712
3216
3472
3920
4304
4864
3808
-608
-4144
-1664
3680
6288
4896
432
-3104
-1232
3616
6016
4736
944
-3088
-4384
-3696
-3760
-4384
-4512
-4416
-4432
-4384
-3888
-3600
-4704
-4640
-192
3984
1568
-3680
-5008
-3680
-3680
-4352
-3968
-3488
-3984
-3648
-288
3920
5280
4624
4576
3712
-16
-4016
-4720
-3440
-3552
-3456
32
3040
-128
-4224
-864
4208
1088
-4112
-976
4208
1280
-4048
-2544
2592
4928
3744
-80
-3072
-576
2992
224
-4080
-1664
2880
1504
-2848
-4144
-3568
-3776
-4368
-5200
-4704
-400
3232
272
-4032
-1872
3712
6192
4864
1232
-2800
-4768
-3776
-768
2784
5168
4768
1248
-2816
-4064
-3504
-3952
-3680
-208
3952
5376
3824
544
-2976
-5408
-4784
48
4112
1328
-3200
-1184
3088
1824
-2784
-5456
-4768
-720
3888
4928
3696
3952
3776
32
-3248
-928
3712
4800
3648
4400
4624
512
-3328
-864
3200
1280
-3696
-4976
-3760
-4224
-3952
304
3936
1584
-3552
-5728
-4048
-224
3664
5552
4176
-160
-3440
-1248
3504
5168
4320
3696
3776
4656
4496
800
-3792
-5280
-4528
-3712
-3600
-4576
-4624
-1456
2928
5616
4832
-160
-4160
-1024
3952
2448
-2784
-5648
-4752
-464
3232
1120
-3744
-4896
-3600
-3824
-3600
-2912
-4256
-2496
656
2320
1568
-1440
-4032
-2912
608
3328
4096
2800
1408
2800
4160
592
-3824
-2416
960
-416
-3808
-3696
-1616
-1104
-1424
-704
928
2672
3936
4512
4224
2544
1280
2816
4176
1200
-3568
-5664
-4640
-1456
976
-880
-3968
-2752
672
1568
1216
2288
3888
4640
4256
2832
1376
784
1024
1776
1408
-1472
-4080
-3040
528
3728
4288
960
-3600
-5424
-4480
-2704
-1600
-2288
-3984
-4816
-4400
-2976
-1552
-1520
-1552
688
3680
4592
4176
4544
4384
1488
-1120
1120
3984
704
-3888
-1360
3632
2480
-960
608
3856
2592
-752
-1632
-1264
-2288
-4016
-4976
-4512
-2496
512
3312
4208
2208
-832
-2144
-1536
-560
880
3424
4272
160
-3984
-1040
3696
1072
-3792
-1712
3408
3872
1584
1168
1424
80
-1376
-960
912
2928
4032
3424
1584
-64
-1104
-1936
-1584
880
3728
4880
4288
2496
1312
2816
4176
1200
-3584
-5408
-4544
-2976
-1568
-1408
-1568
0
1248
-880
-3888
-3744
-1712
-1040
-1376
-1088
-1184
-3008
-4304
-2144
880
272
-1280
1216
4016
1168
-3680
-4320
-1872
368
1296
-64
-1408
1184
3968
896
-3808
-3120
672
2176
1456
416
-1072
-3376
-4304
-1776
992
-512
-3840
-4016
-1840
-336
944
3072
4144
2128
-960
-1632
-1312
-3248
-4464
-800
3664
3232
-576
-3760
-4512
-2288
720
1152
-800
-2800
-4096
-5072
-4624
-1520
1024
-1152
-4128
-1728
3376
5664
4592
1376
-1120
432
3680
4176
1712
-2224
-4240
-656
3728
1568
-3584
-4640
-1952
1552
3920
3232
1504
2448
4000
2176
-992
-1696
-1456
-3072
-4288
-2320
896
2496
1616
-1472
-4064
-2880
688
3376
4112
2816
1424
2864
4224
608
-3824
-2448
992
-352
-3808
-3760
-1744
-1296
-1552
-720
976
2736
3968
4544
4240
2592
1344
2896
4208
1152
-3632
-5712
-4624
-1440
992
-880
-3968
-2736
736
1648
1280
2336
3920
4624
4272
2912
1456
848
1088
1824
1440
-1472
-4144
-3104
544
3840
4368
992
-3632
-5504
-4576
-2784
-1600
-2256
-4048
-4992
-4560
-3056
-1504
-1376
-1408
784
3792
4688
4176
4480
4368
1456
-1168
1056
3984
704
-3920
-1376
3680
2480
-1136
448
3824
2560
-912
-1888
-1552
-2512
-4096
-4992
-4544
-2384
800
3536
4224
2048
-1136
-2528
-1856
-576
1152
3696
4320
160
-3920
-1024
3616
1008
-3824
-1744
3424
3968
1728
1312
1536
64
-1520
-1056
1008
3056
4000
3424
1712
0
-1296
-2208
-1744
816
3712
4912
4320
2480
1296
2816
4144
1120
-3680
-5488
-4608
-3040
-1632
-1472
-1648
-32
1360
-736
-3856
-3824
-1888
-1184
-1456
-1248
-1440
-3200
-4368
-2096
976
320
-1344
1168
4016
1216
-3648
-4288
-1840
352
1184
-160
-1424
1248
4048
960
-3776
-3088
688
2208
1504
496
-1040
-3456
-4464
-1856
1008
-528
-3936
-4064
-1792
-304
864
3008
4192
2224
-912
-1600
-1248
-3248
-4496
-736
3856
3392
-576
-3856
-4560
-2336
688
1152
-784
-2816
-4224
-5264
-4784
-1600
944
-1296
-4160
-1600
3488
5664
4576
1392
-1088
480
3696
4224
1840
-2176
-4384
-752
3760
1600
-3616
-4640
-1920
1584
3968
3248
1424
2384
4080
2288
-1008
-1808
-1536
-1408
-4784
-4416
-2048
-848
-1440
-3264
-4928
-4720
-2160
2224
4928
2208
-1408
1104
4864
1472
-4448
-4448
-1840
-3040
-4928
-2672
1200
2784
1888
-464
-1664
736
4528
6400
5376
1424
-1536
1264
4864
1792
-4272
-6496
-5328
-3248
-1824
-2944
-4896
-4032
-1920
-1824
-1744
1008
4560
6240
5360
2160
-1200
-2368
-1760
-1024
-1360
-3184
-4928
-4864
-2256
2464
5072
1632
-4272
-6944
-5536
-1584
1392
-336
-4528
-6528
-5504
-2208
1280
2096
1568
2816
4816
5376
5072
5200
5104
3312
1728
3648
5184
464
-4720
-1728
4432
4672
1936
2720
4864
3984
1968
1872
1824
-960
-4608
-5904
-5232
-4272
-2272
1600
4784
4336
2064
1584
1760
-384
-1824
1696
4992
752
-4656
-1120
4624
1184
-4624
-1552
4480
3504
-1120
-2816
-1760
272
1552
-112
-1648
1344
4816
2768
-1184
-992
1392
1744
1488
2896
4848
6064
5376
1536
-1440
1344
4880
1840
-4304
-6832
-5472
-2272
1136
2528
1712
448
-1296
-3904
-5088
-2560
1248
2384
1776
2160
1888
-1360
-4832
-4752
-2112
-112
1408
4208
5216
528
-4656
-3024
1248
928
-1440
-1120
1344
4368
5232
944
-4528
-4832
-2096
-1504
-1712
336
1728
-1152
-4816
-4160
-1856
-3104
-4992
-2336
1328
352
-1680
848
4752
4432
1936
1920
1952
-1936
-5024
-1472
4368
5552
2352
-1872
-4832
-4848
-2256
880
1904
-736
-4576
-6176
-5392
-3200
-1696
-3488
-5136
-1424
4368
6528
5440
3184
1712
3168
4960
3136
-1008
-4800
-5424
-240
4784
1568
-4432
-3952
848
4528
5216
2000
-1392
592
4704
4448
1872
1696
1760
-1440
-4848
-4448
-1936
-688
-1360
-3312
-4960
-4688
-2048
2352
5008
2224
-1360
1264
4976
1440
-4544
-4480
-1792
-2992
-5008
-2832
1072
2736
1904
-432
-1648
768
4592
6480
5456
1488
-1520
1280
4912
1808
-4352
-6656
-5456
-3296
-1808
-2976
-4992
-4096
-1888
-1792
-1744
1056
4688
6352
5424
2256
-1120
-2368
-1840
-1104
-1440
-3248
-4992
-4944
-2320
2464
5136
1680
-4304
-7024
-5568
-1568
1424
-288
-4496
-6544
-5472
-2176
1296
2176
1648
2880
4944
5520
5152
5344
5312
3392
1664
3616
5248
528
-4784
-1776
4480
4720
1904
2720
4992
4080
1888
1760
1744
-1040
-4720
-6064
-5408
-4336
-2144
1856
4976
4320
1872
1312
1488
-464
-1632
2000
5168
656
-4880
-1152
4784
1232
-4800
-1696
4560
3744
-912
-2656
-1664
208
1328
-224
-1552
1504
4944
2944
-992
-928
1296
1632
1472
2944
4880
6112
5472
1600
-1392
1456
4992
1888
-4352
-6960
-5600
-2320
1168
2544
1712
464
-1232
-3872
-5136
-2688
1120
2288
1696
2080
1792
-1488
-4880
-4640
-1968
-64
1392
4256
5328
592
-4704
-3152
1136
912
-1376
-1120
1216
4304
5328
1008
-4592
-4928
-2096
-1472
-1728
336
1776
-1136
-4880
-4224
-1920
-3200
-5040
-2224
1520
432
-1776
720
4768
4592
2144
2096
2064
-1904
-5024
-1440
4448
5696
2512
-1840
-4912
-4928
-2288
928
1984
-688
-4576
-6192
-5408
-3264
-1824
-3600
-5184
-1408
4416
6592
5504
3264
1888
3360
5040
3136
-1008
-4816
-5440
-224
4832
1536
-4560
-4048
880
4608
5264
2032
-1408
544
4720
4528
1920
1744
1776
-1344
-4656
-4384
-2160
-1040
-1568
-3184
-4704
-4640
-2240
2096
4720
1936
-1536
1056
4672
1392
-4256
-4336
-1984
-3056
-4672
-2432
1312
2880
1872
-656
-1792
736
4464
6176
5072
1184
-1632
1168
4640
1648
-4128
-6192
-5104
-3248
-1936
-2896
-4688
-3936
-2064
-1984
-1808
976
4464
6080
5120
1888
-1408
-2480
-1872
-1184
-1488
-3120
-4736
-4768
-2304
2320
4864
1520
-4176
-6736
-5264
-1312
1504
-336
-4432
-6288
-5168
-1920
1408
2176
1664
2816
4656
5152
4896
5056
4976
3328
1888
3584
4880
384
-4480
-1600
4288
4624
2064
2672
4608
3888
2096
2000
1824
-992
-4512
-5680
-5056
-4224
-2272
1568
4672
4256
2192
1776
1760
-528
-1920
1632
4800
672
-4432
-976
4384
1040
-4384
-1408
4192
3168
-1280
-2928
-1840
384
1648
-192
-1744
1344
4688
2496
-1296
-832
1632
1968
1632
2864
4624
5792
5104
1360
-1456
1344
4736
1760
-4176
-6624
-5232
-2000
1328
2640
1744
272
-1536
-3888
-4768
-2256
1344
2400
1872
2304
1968
-1248
-4672
-4752
-2224
0
1696
4192
4880
368
-4368
-2608
1360
704
-1616
-960
1584
4272
4896
816
-4368
-4752
-2240
-1712
-1712
528
1920
-1040
-4672
-4080
-1968
-3152
-4768
-2000
1408
224
-1744
800
4592
4320
2080
2144
2080
-1792
-4832
-1408
4272
5472
2384
-1760
-4704
-4800
-2240
992
2032
-688
-4464
-5920
-5184
-3248
-1872
-3408
-4800
-1216
4224
6208
5232
3216
1872
3168
4704
2816
-1184
-4640
-5024
-96
4528
1376
-4256
-3632
1072
4512
4928
1712
-1440
624
4624
4432
2032
1856
1776
-1408
-4704
-4368
-2048
-864
-1472
-3248
-4800
-4624
-2064
2288
4816
1936
-1456
1216
4768
1312
-4416
-4416
-1920
-3008
-4720
-2496
1296
2864
1904
-576
-1760
736
4544
6304
5168
1232
-1568
1248
4720
1680
-4192
-6288
-5184
-3280
-1904
-2864
-4720
-3984
-2016
-1920
-1760
1024
4544
6144
5184
2016
-1280
-2416
-1856
-1216
-1568
-3200
-4816
-4832
-2336
2336
4912
1520
-4192
-6720
-5216
-1264
1552
-256
-4384
-6304
-5184
-1872
1488
2272
1760
2864
4720
5280
4992
5152
5104
3376
1808
3552
4912
368
-4544
-1632
4320
4656
2016
2688
4752
4016
2048
1888
1744
-1040
-4608
-5840
-5184
-4224
-2128
1776
4816
4256
2016
1536
1568
-528
-1712
1904
4960
608
-4624
-1040
4496
1056
-4560
-1472
4384
3440
-1056
-2752
-1728
336
1456
-288
-1664
1440
4752
2608
-1152
-768
1536
1824
1600
2928
4736
5904
5168
1344
-1440
1424
4816
1744
-4240
-6672
-5296
-2048
1392
2736
1792
320
-1440
-3792
-4784
-2368
1280
2384
1840
2256
1888
-1440
-4816
-4672
-2032
112
1696
4224
4976
432
-4464
-2800
1248
752
-1472
-912
1472
4208
4992
896
-4416
-4800
-2240
-1712
-1744
480
1872
-1072
-4720
-4160
-2032
-3200
-4736
-1888
1536
240
-1888
688
4656
4480
2224
2224
2064
-1840
-4800
-1344
4352
5600
2528
-1728
-4768
-4880
-2256
976
2016
-704
-4496
-5936
-5152
-3264
-1968
-3520
-4832
-1200
4272
6272
5248
3232
2016
3328
4720
2752
-1264
-4752
-5120
-80
4608
1376
-4320
-3648
1104
4512
4944
1744
-1472
528
4624
4512
2096
1888
1776
