3552
-736
-5312
-8336
-9184
-6784
-1968
-656
-4672
-6336
-2720
-1296
-4544
-6144
-3696
-288
1536
-528
-5792
-8032
-3968
1936
5776
8512
9696
5584
-2544
-6656
-3472
1136
1728
-1440
-5248
-6160
-3488
-480
320
352
816
-1088
-5984
-7408
-2816
-224
-4096
-8496
-8768
-6160
-2464
704
1264
-1168
-5056
-7808
-8080
-7888
-8656
-6976
-2096
-544
-4400
-6528
-3648
-384
448
-112
-416
1728
5648
6704
3392
-368
-976
1600
5312
8320
9424
7552
3296
112
16
368
-416
1216
6256
8128
3440
-1024
-208
1088
-272
944
6272
7872
3136
656
4592
8848
9104
6432
2432
-64
96
-1088
-5024
-6784
-3760
1328
5792
9024
9808
5472
-2384
-6432
-4048
-368
1424
1472
-128
-1168
160
1664
1008
-1472
-4800
-8288
-9680
-5040
3728
6080
-1232
-6320
-3072
-1328
-5376
-5680
1632
8672
10144
7456
3232
576
320
-1280
-4992
-6128
-3376
-416
496
-208
-736
1136
4976
8640
10000
5856
-2944
-7984
-4544
1936
6144
8016
8432
8336
8096
6704
3760
-1248
-6800
-5888
2912
8304
4048
-1520
-1600
2448
6896
5472
-2816
-5920
2128
8256
4080
-736
-64
-336
-4560
-8768
-9648
-5232
2656
7168
4832
-1184
-6640
-8080
-4256
2400
7296
5744
-1696
-6816
-4480
1280
6032
8880
8912
6288
3168
432
-960
1264
5680
7248
4256
-1632
-6960
-5760
2208
7072
3632
-464
-144
-1072
-5984
-7808
-3232
1200
1424
64
-464
1552
6208
8336
4640
-1616
-6672
-7392
-2864
1360
880
-1136
-1024
1648
5936
7984
4512
-1648
-5840
-6384
-3600
1184
5984
8832
8768
6608
3424
-864
-5376
-8432
-9280
-6896
-2144
-848
-4800
-6384
-2624
-1184
-4544
-6208
-3648
-192
1520
-624
-5856
-8128
-4176
1760
5792
8640
9840
5664
-2592
-6784
-3504
1216
1792
-1424
-5248
-6208
-3600
-544
320
320
736
-1216
-6112
-7488
-2928
-448
-4320
-8640
-8912
-6288
-2272
1216
1760
-880
-4992
-7952
-8272
-8032
-8752
-7072
-2304
-880
-4640
-6512
-3520
-320
384
-320
-672
1600
5680
6768
3312
-592
-1168
1488
5280
8368
9536
7696
3440
256
192
560
-320
1216
6320
8272
3472
-1152
-288
1152
-272
848
6288
7952
3104
496
4496
8864
9152
6416
2368
-80
160
-1040
-5040
-6768
-3728
1296
5712
8992
9872
5536
-2384
-6480
-4096
-432
1312
1392
-128
-1232
96
1664
960
-1584
-4880
-8352
-9808
-5120
3760
6112
-1248
-6368
-3232
-1600
-5584
-5680
1728
8752
10224
7536
3216
480
208
-1392
-5136
-6208
-3312
-336
480
-288
-768
1152
5056
8752
10128
5952
-2976
-8096
-4624
1888
6128
8080
8560
8480
8256
6848
3728
-1424
-6960
-5904
3008
8400
4208
-1296
-1552
2256
6800
5504
-2832
-5936
2208
8320
4112
-672
-112
-576
-4832
-8928
-9696
-5232
2704
7248
4848
-1312
-6784
-8224
-4432
2224
7264
5744
-1776
-6912
-4448
1424
6176
8976
8960
6352
3232
448
-1024
1200
5712
7376
4384
-1568
-6992
-5824
2224
7136
3712
-368
0
-992
-6032
-7856
-3072
1520
1552
-112
-768
1408
6256
8448
4688
-1648
-6736
-7568
-3040
1344
848
-1296
-1024
1952
6224
8048
4464
-1744
-5936
-6448
-3696
1088
5968
8912
8864
6688
2224
5152
4688
3072
2912
3840
4448
4912
5008
2064
-3424
-4704
0
2048
-2080
-4032
496
4848
4816
4192
5136
4352
560
-3296
-4672
-2496
1696
2560
-1728
-6224
-7184
-4256
720
2000
-2304
-4240
672
5920
6352
4752
4112
4160
4464
4640
4032
3520
3600
2064
-2080
-5952
-6928
-4528
-96
3264
3632
2864
3104
3952
4384
4880
4976
2016
-3120
-4192
704
6048
7440
4400
-704
-2384
1552
6160
7104
4496
96
-3232
-3808
-3664
-4496
-5376
-5744
-5760
-5376
-4640
-3936
-4256
-5184
-3248
1872
3760
-464
-4800
-5072
-4064
-4240
-4560
-3984
-3440
-3488
-1904
2448
6032
6096
5120
4608
2112
-2512
-5280
-4384
-3088
-3504
-2304
1584
2032
-2704
-3936
1376
3664
-1248
-3568
1344
3744
-1232
-4640
-1264
3376
4816
2640
-1840
-3040
1120
2464
-2704
-4992
-96
3120
64
-3328
-3648
-3664
-4528
-5680
-6560
-4448
608
1920
-2416
-4256
512
6064
7376
4816
480
-3200
-4432
-2768
896
4464
5936
4368
352
-3040
-3424
-3040
-3456
-1888
2128
5232
5536
3136
-992
-4608
-5856
-3280
2400
4624
16
-3040
816
3600
-48
-4720
-5824
-3488
1264
4976
4640
3232
3616
2464
-1344
-2240
1824
5216
4736
4080
5360
4352
-544
-2720
752
2480
-1568
-5248
-4512
-3232
-3440
-1424
3136
4208
-496
-5344
-5584
-1936
2560
5488
5680
2656
-1808
-2480
2208
6432
6400
4784
3968
4240
5136
3792
-1264
-5824
-6368
-4848
-3792
-4080
-5312
-4640
-416
4368
6128
3344
-2272
-3760
1488
5104
1440
-4160
-6272
-4192
384
2160
-1552
-5168
-4576
-3280
-3376
-1760
2416
5248
4576
2880
2800
3888
4592
5056
5088
2064
-3520
-4784
0
2016
-2240
-4144
528
4960
4864
4224
5248
4480
592
-3296
-4624
-2432
1728
2544
-1792
-6352
-7280
-4304
704
2016
-2272
-4240
704
5952
6448
4864
4112
4064
4480
4768
4080
3408
3440
1856
-2400
-6304
-7168
-4704
-240
3136
3472
2624
2848
3776
4464
5104
5088
1904
-3296
-4304
704
6160
7584
4544
-592
-2304
1648
6320
7280
4640
224
-3152
-3824
-3760
-4592
-5456
-5840
-5904
-5472
-4688
-4048
-4432
-5296
-3232
1936
3808
-416
-4784
-5152
-4144
-4272
-4544
-3984
-3504
-3584
-1968
2512
6096
6080
5088
4576
2080
-2528
-5264
-4304
-2960
-3456
-2400
1520
2096
-2640
-3968
1408
3728
-1232
-3584
1376
3792
-1232
-4704
-1328
3392
4912
2768
-1808
-3088
1152
2592
-2608
-4912
32
3248
48
-3424
-3744
-3696
-4544
-5712
-6608
-4448
656
1920
-2544
-4352
528
6160
7472
4848
480
-3232
-4480
-2848
848
4464
6016
4528
432
-3040
-3408
-3040
-3424
-1760
2336
5392
5584
3056
-1104
-4672
-5952
-3392
2432
4768
144
-2992
800
3472
-176
-4720
-5792
-3536
1280
5104
4736
3248
3600
2416
-1408
-2208
1984
5360
4768
4048
5424
4480
-400
-2608
752
2352
-1744
-5376
-4512
-3184
-3456
-1472
3136
4224
-496
-5376
-5664
-2032
2528
5488
5728
2704
-1808
-2544
2176
6480
6448
4784
4000
4320
5168
3696
-1360
-5808
-6304
-4800
-3824
-4176
-5408
-4672
-416
4384
6176
3392
-2256
-3728
1504
5008
1264
-4320
-6368
-4224
368
2128
-1552
-5152
-4592
-3312
-3440
-1792
-1712
2816
6016
7504
8016
6528
3200
2496
5600
5696
768
-928
3376
5504
2032
-1520
-1168
2288
6320
7616
4912
272
-4048
-7648
-9088
-5136
2624
6112
2048
-3280
-4224
-720
4160
5488
1744
-1456
-160
2000
1952
2848
6224
7120
3776
2048
4800
7824
8016
5488
1136
-2720
-3488
-816
3728
7152
7568
7120
7712
6688
3264
2464
5472
5808
1440
-1600
-272
2464
3424
624
-4416
-5936
-1888
2848
3760
816
-3776
-7408
-8448
-6992
-4208
-2320
-2464
-2736
-2000
-2976
-6336
-7664
-4592
-736
768
864
224
-2704
-6832
-7392
-3936
-2400
-5136
-7952
-8128
-5584
-864
2528
2480
2976
5728
6016
1792
-3248
-6208
-7984
-8688
-4976
2480
5744
2016
-1456
-608
608
-176
-704
288
480
-1040
-896
2880
7488
9152
4800
-3520
-5728
1440
5792
1248
-1088
3872
5456
-1216
-7808
-8992
-6928
-4080
-2560
-2768
-816
4000
5440
1584
-1536
-336
2560
3520
1056
-3536
-7728
-9216
-5408
2608
7680
5632
224
-4464
-7200
-7664
-7424
-7440
-5824
-1952
3152
7408
5632
-2576
-7952
-5456
-496
2064
288
-4864
-5200
2448
5840
-1584
-7936
-5312
-976
400
2320
5472
7952
8640
4864
-2560
-6336
-2944
3024
6928
7632
5248
-48
-5600
-5312
1664
6192
2720
-3200
-6432
-7920
-8000
-5344
-1120
1584
784
-3024
-6576
-6336
-2208
3504
7600
5424
-2432
-6400
-2016
2736
2592
2832
6176
7456
4400
736
-1360
-2320
-2272
-3264
-6224
-7744
-5552
-848
4544
7120
4672
576
-1424
-832
1168
832
-3712
-7472
-5808
-480
4480
5696
2128
-3024
-6416
-7936
-7872
-5712
-1696
2816
6048
7600
8080
6624
3360
2688
5760
5744
640
-1088
3328
5536
1952
-1616
-1072
2544
6480
7696
5120
592
-3872
-7648
-9120
-5120
2720
6160
1888
-3536
-4416
-848
4112
5488
1696
-1584
-176
2176
2160
3008
6320
7168
3824
2224
4976
7904
8096
5552
912
-3296
-4128
-1200
3664
7248
7616
7104
7712
6752
3392
2688
5648
5840
1424
-1600
-208
2560
3488
640
-4448
-6000
-1840
2976
3824
800
-3808
-7488
-8624
-7152
-4224
-2192
-2368
-2768
-2032
-2960
-6432
-7856
-4672
-656
848
864
240
-2688
-6912
-7520
-3920
-2304
-5120
-8016
-8176
-5600
-880
2448
2384
2960
5744
6048
1888
-3152
-6160
-7984
-8736
-5072
2432
5792
2080
-1392
-528
624
-192
-592
416
464
-1072
-832
2992
7616
9296
4896
-3552
-5792
1456
5840
1216
-1088
3968
5488
-1280
-7920
-9024
-6976
-4208
-2720
-2960
-944
4016
5536
1616
-1552
-400
2464
3440
1040
-3584
-7840
-9376
-5520
2656
7824
5824
400
-4384
-7280
-7808
-7568
-7568
-5936
-1984
3248
7552
5664
-2704
-8048
-5360
-384
1952
96
-4976
-5216
2512
5840
-1696
-7984
-5312
-1056
432
2560
5680
7984
8624
4848
-2640
-6352
-2736
3360
7152
7728
5344
48
-5600
-5344
1680
6240
2720
-3264
-6544
-8048
-8112
-5392
-1136
1536
816
-2928
-6592
-6560
-2512
3312
7616
5536
-2416
-6512
-2144
2592
2432
2720
6192
7568
4400
608
-1504
-2336
-2208
-3216
-6288
-7872
-5568
-720
4704
7280
4768
544
-1408
-688
1184
592
-3984
-7600
-5808
-448
4512
5744
2192
-3024
-6464
-8016
-7984
-5760
-1600
2592
5728
7264
7664
6048
2768
2256
5296
5296
800
-448
3472
5120
1904
-1216
-1008
2112
6048
7232
4320
-240
-4128
-7344
-8528
-4576
2736
5728
1840
-2960
-3616
-240
4144
5088
1648
-1104
-48
1616
1520
2624
5952
6672
3296
1776
4640
7584
7584
5088
1040
-2416
-2944
-320
3840
6816
7120
6800
7376
6192
2832
2208
5120
5392
1408
-1280
-160
2128
2832
160
-4352
-5488
-1680
2496
3152
352
-3856
-7120
-8016
-6544
-3728
-1888
-2080
-2336
-1648
-2704
-6064
-7184
-3984
-336
656
512
160
-2448
-6464
-6928
-3456
-2080
-4944
-7680
-7664
-5120
-800
2128
2080
2752
5408
5616
1696
-2976
-5904
-7744
-8240
-4400
2608
5376
1920
-1152
-624
240
-160
-320
240
80
-992
-368
3152
7264
8592
4208
-3568
-5184
1648
5360
1152
-576
3968
4896
-1552
-7568
-8528
-6432
-3632
-2176
-2288
-304
4000
5024
1504
-1216
-256
2176
2944
576
-3664
-7456
-8656
-4816
2848
7296
4912
-288
-4496
-6848
-7264
-7104
-6992
-5392
-1808
2992
6976
5088
-2784
-7520
-4752
-64
1856
-256
-4880
-4592
2656
5296
-1952
-7504
-4624
-624
368
2064
5216
7696
8160
4288
-2688
-5952
-2704
2832
6592
7232
4624
-624
-5536
-4720
1872
5792
2464
-2960
-6112
-7648
-7536
-4880
-1120
1248
656
-2768
-6128
-5936
-2096
3296
7104
4880
-2512
-5984
-1840
2336
2128
2592
5936
7024
3824
336
-1328
-1872
-1840
-2992
-6000
-7344
-4944
-272
4640
6640
3984
160
-1280
-432
1104
304
-3904
-7024
-5088
48
4464
5264
1920
-2800
-6112
-7648
-7456
-5296
-1584
2560
5712
7312
7728
6144
2912
2416
5408
5312
672
-576
3440
5104
1824
-1296
-960
2304
6176
7328
4528
64
-4000
-7360
-8528
-4512
2816
5744
1680
-3200
-3776
-320
4128
5104
1616
-1216
-80
1744
1712
2784
6048
6704
3360
1920
4768
7616
7632
5088
800
-2944
-3520
-704
3760
6928
7216
6800
7360
6240
2944
2400
5296
5456
1408
-1232
-112
2208
2880
144
-4416
-5536
-1632
2640
3232
336
-3872
-7152
-8160
-6656
-3744
-1776
-2016
-2352
-1648
-2704
-6160
-7376
-4048
-256
704
480
144
-2432
-6544
-7072
-3472
-2000
-4880
-7696
-7712
-5120
-784
2064
1984
2720
5392
5632
1776
-2864
-5824
-7696
-8240
-4464
2560
5408
2000
-1040
-528
272
-160
-224
368
80
-1024
-336
3200
7328
8704
4272
-3600
-5232
1680
5424
1168
-544
4080
4928
-1616
-7632
-8544
-6464
-3712
-2304
-2448
-416
4032
5088
1520
-1200
-272
2080
2848
560
-3712
-7552
-8784
-4864
2880
7408
5056
-144
-4432
-6912
-7376
-7200
-7104
-5472
-1824
3056
7088
5104
-2912
-7632
-4656
48
1744
-464
-4992
-4576
2704
5280
-2048
-7568
-4624
-640
448
2272
5376
7728
8144
4256
-2752
-5952
-2496
3168
6784
7312
4720
-528
-5520
-4736
1904
5840
2480
-3008
-6176
-7744
-7616
-4912
-1120
1216
672
-2688
-6144
-6144
-2352
3136
7120
4944
-2512
-6064
-1936
2192
1952
2496
6000
7136
3824
208
-1440
-1904
-1792
-2960
-6032
-7456
-4944
-144
4800
6784
4048
144
-1200
-240
1120
64
-4192
-7136
-5056
112
4496
5296
1968
-2768
-6128
-7712
-7520
-5296
