5424
6864
3376
-640
-1216
1712
5472
6656
4160
-992
-6512
-7344
-2592
-832
-5312
-5728
1920
6592
3248
1360
5312
7456
4096
304
-880
-272
784
-432
-4576
-8240
-9248
-6864
-2000
-896
-5440
-6096
1520
8800
9536
6032
2176
1648
4992
6512
3088
-128
-16
-736
-4496
-8112
-9120
-7136
-3056
80
432
-608
-656
1728
5344
6736
4320
-1216
-6688
-6000
1600
8720
10336
7248
2304
608
4288
8624
9584
7328
3184
304
144
-928
-4736
-7760
-8192
-8048
-7952
-5760
-1712
-1376
-5664
-5168
2880
5952
-1152
-6288
-3280
-1168
-4464
-6160
-2768
400
384
1120
5056
8640
8768
6608
3472
-1152
-5856
-6608
-2624
1056
800
-112
720
-1104
-6304
-5568
3136
5968
-2208
-5696
2352
6256
-1520
-7600
-4512
-32
1120
864
-240
-704
704
-432
-5728
-7824
-3216
1200
1184
496
784
-992
-4800
-7920
-9184
-7008
-1984
-944
-5536
-6112
1360
8672
10064
7488
3600
544
-384
-624
-640
1728
6048
7488
4048
384
160
560
-176
1344
5360
6640
3712
1056
496
-1760
-6224
-5520
2784
8160
4016
-1200
-608
1648
1328
-1920
-6160
-5360
2080
6976
3728
-688
-512
528
-160
1280
5584
6592
2608
1104
5408
7728
3440
-576
-32
-640
-4976
-6624
-2704
688
320
1776
6448
6016
-1584
-6880
-4352
1760
6256
6768
3792
336
-1040
848
5328
8880
9056
6048
1952
1584
5728
6064
-1312
-8480
-9376
-5840
-1552
-944
-5056
-7648
-4400
2112
7280
5472
-2976
-5952
1888
8384
5424
-1456
-6528
-6992
-2784
-720
-4480
-6576
-2784
608
336
1488
5600
6944
3184
-960
-1392
1712
5568
6768
4208
-1056
-6640
-7424
-2640
-944
-5472
-5792
2000
6688
3248
1296
5328
7552
4176
368
-736
-128
784
-528
-4720
-8384
-9328
-6896
-2016
-896
-5472
-6160
1520
8880
9616
6096
2128
1504
4960
6576
3024
-352
-288
-1056
-4816
-8288
-9168
-7200
-3216
-176
64
-1024
-1056
1456
5312
6832
4288
-1376
-6848
-6080
1600
8784
10416
7344
2448
752
4416
8704
9664
7456
3376
432
160
-976
-4768
-7776
-8240
-8128
-8048
-5840
-1840
-1536
-5776
-5200
2928
6048
-1120
-6368
-3392
-1264
-4560
-6240
-2800
352
288
1088
5104
8720
8832
6592
3376
-1200
-5856
-6624
-2592
1184
880
-224
608
-1040
-6224
-5616
3120
6016
-2192
-5712
2416
6352
-1536
-7728
-4640
-80
1184
992
-192
-768
720
-304
-5696
-7888
-3168
1360
1264
448
704
-1040
-4848
-8032
-9328
-7088
-2016
-992
-5632
-6192
1424
8816
10176
7536
3648
592
-368
-624
-688
1664
6112
7664
4144
400
208
640
-32
1600
5632
6752
3616
880
416
-1792
-6272
-5520
2864
8240
4096
-1120
-640
1504
1232
-1888
-6112
-5360
2128
7024
3680
-768
-544
448
-240
1344
5776
6704
2576
1040
5408
7824
3632
-416
-80
-864
-5184
-6688
-2592
816
336
1744
6512
6080
-1616
-6944
-4416
1712
6288
6832
3840
368
-1072
800
5360
9040
9216
6112
1952
1648
5872
6144
-1360
-8576
-9440
-5856
-1584
-1056
-5216
-7776
-4464
2080
7328
5520
-3024
-6000
1968
8480
5376
-1632
-6688
-7072
-2832
-784
-4512
-6624
-2816
560
272
1472
-4944
-2480
2288
6144
7040
4208
-800
-2352
1488
4992
4800
3920
4080
4688
5008
2656
-2000
-2512
2688
5136
704
-4320
-5616
-6032
-6528
-4080
1216
4880
4544
2720
2560
3680
4336
4752
4896
2896
-1008
-3968
-4512
-1760
3280
4624
32
-2560
1520
6000
6192
4736
3760
2960
2816
3600
4624
5408
5552
5856
6416
4320
-656
-2464
1216
5184
5520
2800
-1088
-3616
-3952
-4048
-4752
-5008
-4336
-3392
-3248
-4048
-4896
-5904
-6752
-5056
-448
3104
3392
3040
3568
1568
-3680
-5200
-160
2784
-1120
-3248
784
2080
-3056
-5168
-448
2112
-2032
-6400
-6624
-5136
-3968
-3552
-3664
-2016
2048
5360
5264
1920
-2960
-6784
-7280
-4000
1152
5008
5680
2608
-2448
-3568
1104
3200
-1184
-3760
48
4176
5088
5744
6416
3456
-2288
-4096
320
4672
4736
4112
4944
3600
-1376
-6208
-7552
-4960
-384
2848
3584
3664
4144
4752
4848
2896
-1024
-3552
-3648
-3776
-4848
-6224
-6976
-4112
2128
4896
832
-4320
-5872
-5760
-6048
-6128
-5648
-5392
-5040
-2048
3200
3888
-2048
-5120
-384
3264
-80
-5024
-6384
-3488
1984
3568
-1776
-4992
-464
2656
-896
-2752
1616
6448
7056
3680
-1584
-5600
-5936
-2064
3568
5312
880
-4704
-6448
-3920
992
5072
5408
1968
-3104
-6544
-6448
-5280
-5072
-2848
1456
2096
-2160
-5936
-5776
-1824
3312
4144
-896
-5376
-4976
-3408
-3632
-1792
3392
4912
0
-3296
-384
3504
4240
1408
-3680
-5536
-1296
4144
6368
4352
-864
-3104
704
3232
-176
-4608
-6272
-4976
-576
3920
5152
4832
4576
2016
-3072
-6496
-6336
-5360
-4896
-2384
2448
6352
7184
4272
-720
-2272
1568
5072
4800
3856
4112
4800
5040
2624
-2032
-2464
2768
5264
864
-4240
-5680
-6144
-6656
-4144
1280
5024
4592
2704
2544
3712
4384
4800
4992
3008
-960
-3952
-4496
-1696
3408
4768
128
-2432
1744
6240
6480
5024
3760
2656
2512
3456
4704
5632
5840
6112
6640
4496
-496
-2272
1424
5280
5504
2784
-1040
-3504
-3840
-4032
-4864
-5120
-4336
-3296
-3152
-4000
-4992
-6048
-6864
-5088
-496
3056
3296
2944
3520
1600
-3648
-5248
-176
2864
-1088
-3344
768
2192
-2992
-5200
-400
2272
-1920
-6368
-6592
-5088
-3952
-3600
-3760
-2048
2080
5344
5232
1936
-2928
-6832
-7376
-4016
1216
5040
5648
2656
-2320
-3472
1152
3280
-1136
-3792
32
4256
5184
5808
6496
3456
-2352
-4128
304
4640
4816
4320
5056
3536
-1472
-6272
-7568
-4992
-336
3008
3744
3792
4288
4864
4880
2848
-1056
-3536
-3632
-3808
-4912
-6320
-7056
-4176
2176
5008
896
-4336
-5888
-5808
-6160
-6256
-5808
-5568
-5104
-1920
3408
4048
-2032
-5184
-512
3088
-160
-4912
-6320
-3536
2016
3648
-1792
-5072
-496
2624
-880
-2624
1840
6608
7120
3728
-1568
-5664
-6016
-2016
3712
5456
992
-4656
-6512
-4016
1024
5184
5472
1920
-3248
-6672
-6496
-5344
-5136
-2848
1520
2176
-2144
-6000
-5872
-1856
3344
4176
-896
-5392
-5040
-3552
-3744
-1856
3424
4960
-144
-3536
-464
3680
4480
1520
-3712
-5584
-1248
4256
6480
4480
-784
-3136
736
3392
-160
-4832
-6480
-4976
-496
4000
5216
4896
4656
2112
-3024
-6528
-6384
-5424
-6160
-6192
-1600
2880
3584
352
-4384
-6016
-2688
2752
6912
6960
3296
2400
6064
5392
-2336
-6096
-1536
912
-3680
-7120
-5024
-2352
-1792
-1520
-320
2208
5360
7344
7888
6416
3056
2592
6160
5712
-1648
-8208
-8912
-5264
-368
656
-3664
-5920
-1856
2224
2272
2448
5024
7424
8048
6704
3920
1872
1712
2592
2880
352
-4256
-6064
-2784
3104
7360
5568
-1792
-8032
-9200
-6800
-3472
-2528
-5120
-7872
-8368
-6896
-4224
-2608
-2912
-1408
3264
6992
7456
7168
7344
5024
-48
-1008
4096
4848
-2688
-5728
1296
5680
1328
-1184
3152
5504
1328
-2800
-2928
-2976
-5488
-7888
-7984
-5808
-1824
3104
6624
5808
912
-3264
-3328
-1600
-272
2848
7120
5216
-3408
-5840
2176
5504
-2304
-6128
1232
7296
5248
2160
1712
976
-512
-1216
-608
2272
6368
7424
4208
592
-1216
-2704
-3520
-1216
3440
7120
8368
6592
2912
2560
6224
5776
-1536
-8000
-8960
-6960
-4384
-2672
-2384
-1248
1136
512
-4176
-7136
-5088
-2352
-2368
-2720
-2064
-3232
-6144
-5872
-1424
1024
-912
-656
4384
5264
-2176
-7952
-5408
-624
1072
336
-1440
-496
4320
4976
-1968
-6368
-2224
2864
2992
1184
-192
-3056
-6656
-5904
-608
1232
-3664
-7440
-4912
-1168
240
2560
6112
5888
848
-3024
-2736
-3488
-6928
-5616
1936
6224
2592
-3632
-7104
-5984
-1648
1504
736
-2624
-6096
-8144
-8240
-5296
-208
736
-4240
-5760
944
7808
8720
4976
-256
-1520
3168
7232
5776
288
-5584
-5184
2608
5712
-1568
-8048
-6384
-816
4592
6624
3936
2448
5360
5936
1024
-2880
-2624
-3216
-6224
-6272
-1600
3008
3760
432
-4416
-6080
-2672
2864
7040
7040
3408
2608
6288
5440
-2432
-6112
-1312
1216
-3552
-7232
-5280
-2704
-2256
-1824
-240
2544
5616
7424
7904
6464
3120
2672
6272
5792
-1680
-8272
-8976
-5296
-352
720
-3680
-6000
-1776
2544
2624
2768
5264
7456
7920
6656
4032
2096
2096
3072
3296
592
-4240
-6112
-2736
3200
7456
5680
-1744
-8112
-9344
-6944
-3552
-2560
-5168
-7936
-8416
-7008
-4336
-2624
-2800
-1232
3424
7104
7568
7296
7456
5120
48
-912
4208
4960
-2688
-5824
1264
5744
1344
-1200
3232
5648
1376
-2832
-2880
-2880
-5520
-8048
-8112
-5808
-1808
3056
6640
5888
880
-3392
-3376
-1504
-176
2832
7120
5280
-3360
-5840
2240
5600
-2352
-6256
1264
7440
5360
2256
1792
944
-592
-1248
-640
2224
6416
7552
4272
576
-1232
-2720
-3648
-1360
3440
7248
8448
6640
3008
2672
6320
5824
-1632
-8176
-9136
-7056
-4400
-2624
-2336
-1264
1120
512
-4224
-7264
-5200
-2400
-2416
-2784
-2160
-3408
-6352
-6016
-1504
1040
-832
-512
4528
5264
-2304
-8016
-5376
-640
1024
352
-1376
-480
4336
4992
-2048
-6400
-2048
3216
3392
1456
-240
-3376
-6912
-5936
-496
1344
-3648
-7520
-5024
-1232
240
2608
6224
6000
880
-2992
-2656
-3488
-7056
-5728
1968
6352
2784
-3504
-7120
-6144
-1872
1328
720
-2592
-6176
-8320
-8416
-5392
-208
768
-4336
-5904
912
7920
8832
5024
-256
-1520
3280
7392
5792
144
-5744
-5264
2656
5808
-1632
-8224
-6416
-688
4768
6768
4032
2512
5424
6000
1056
-2912
-2720
-3344
-5744
-5760
-1584
2368
2816
-256
-4384
-5600
-2560
2400
6416
6416
2768
2032
5584
4752
-2416
-5632
-1536
304
-3920
-6592
-4352
-1824
-1264
-1104
-352
1824
4960
7040
7504
5856
2512
2192
5664
5120
-1904
-7888
-8288
-4800
-560
32
-3792
-5472
-1744
1696
1648
2048
4688
7072
7584
6080
3296
1328
1248
2112
2224
-256
-4272
-5600
-2592
2752
6720
4960
-2000
-7744
-8688
-6272
-2960
-2144
-4816
-7552
-7968
-6384
-3664
-2080
-2256
-752
3456
6624
6992
6784
6816
4496
80
-352
4192
4224
-2832
-5136
1504
5264
1360
-576
3280
5024
1184
-2320
-2320
-2592
-5200
-7536
-7488
-5360
-1792
2704
6080
5376
912
-2720
-2560
-1136
-304
2464
6496
4576
-3408
-5216
2288
4848
-2528
-5536
1552
6784
4512
1568
1088
512
-384
-768
-544
1872
5920
6880
3504
80
-1184
-2160
-2784
-608
3584
6800
7856
5984
2352
2176
5744
5168
-1760
-7680
-8480
-6448
-3824
-2096
-1728
-752
944
-176
-4400
-6592
-4320
-1760
-1840
-2160
-1568
-2848
-5680
-5440
-1568
528
-800
32
4480
4608
-2496
-7424
-4576
-160
848
-176
-1328
160
4384
4320
-2224
-5952
-2064
2336
2240
720
-160
-2640
-6064
-5472
-800
576
-3904
-6864
-4080
-704
208
2144
5552
5440
848
-2496
-2144
-3120
-6448
-5040
2000
5792
2432
-3264
-6480
-5552
-1776
1040
640
-2224
-5648
-7808
-7728
-4816
-368
80
-4368
-5152
1312
7488
8048
4464
-128
-880
3456
6768
4912
-448
-5568
-4528
2784
5104
-1936
-7584
-5520
-128
4672
6048
3248
2016
4912
5456
1008
-2352
-2064
-2832
-5760
-5824
-1600
2464
2944
-192
-4400
-5616
-2512
2512
6528
6480
2864
2208
5744
4800
-2512
-5648
-1344
544
-3808
-6688
-4560
-2144
-1648
-1360
-272
2128
5184
7120
7536
5904
2560
2272
5776
5216
-1904
-7936
-8336
-4832
-528
96
-3792
-5488
-1616
2000
1968
2320
4912
7136
7520
6080
3408
1536
1584
2528
2592
-32
-4240
-5664
-2560
2848
6816
5056
-1952
-7760
-8768
-6368
-3008
-2128
-4848
-7616
-8048
-6496
-3744
-2064
-2144
-608
3552
6672
7056
6896
6912
4592
192
-256
4272
4288
-2848
-5232
1456
5264
1328
-592
3344
5120
1248
-2288
-2256
-2512
-5216
-7680
-7600
-5344
-1728
2704
6064
5392
864
-2832
-2640
-1056
-224
2448
6496
4656
-3360
-5216
2352
4944
-2544
-5616
1568
6896
4608
1632
1152
496
-432
-784
-576
1824
5952
6992
3536
32
-1200
-2160
-2864
-736
3552
6864
7920
6064
2464
2256
5824
5200
-1856
-7840
-8576
-6496
-3824
-2048
-1680
-768
928
-160
-4448
-6736
-4464
-1856
-1936
-2240
-1696
-3040
-5872
-5568
-1632
528
-752
176
4608
4560
-2640
-7472
-4512
-160
784
-176
-1264
224
4448
4368
-2272
-5968
-1920
2640
2560
928
-240
-2928
-6272
-5472
-704
640
-3936
-6960
-4160
-736
208
2208
5648
5536
912
-2416
-2080
-3168
-6576
-5120
2016
5904
2624
-3088
-6464
-5664
-1952
896
608
-2224
-5728
-7952
-7872
-4896
-400
80
-4432
-5280
1280
7552
8144
4512
-128
-864
3552
6864
4848
-608
-5680
-4576
2816
5168
-1984
-7712
-5552
32
4896
6176
3296
2048
4960
5504
1040
-2336
-2128
-2944
