2816
4576
3136
-384
-2496
-1712
1296
3936
3440
336
-3136
-5120
-3904
-1488
-2416
-4560
-1696
3424
3232
-144
576
4192
4736
2592
1296
960
496
-480
-2320
-4288
-5408
-5392
-3520
-1360
-2464
-4640
-2192
3408
6400
5360
2160
-368
848
3856
3328
-112
-1600
-1168
-2128
-4224
-5488
-5392
-3904
-1840
-832
-1152
-1840
-1296
1328
3952
3632
528
-3328
-5008
-2000
3360
6368
6032
3776
1648
2032
4416
5968
5712
4112
2144
1520
1360
-704
-3776
-5184
-5104
-5200
-4752
-2048
624
-1072
-4128
-1472
3728
2464
-2848
-3184
16
-560
-3568
-3008
352
1760
1328
2272
4592
5856
5136
3056
128
-3024
-4592
-2864
624
2240
1328
432
-304
-2960
-4960
-1280
4032
2096
-3504
-1984
3696
2624
-3328
-4912
-2336
-912
-640
144
656
576
-176
-2512
-4992
-4512
-1600
496
1328
2080
1824
-640
-3712
-5536
-5584
-3536
-1392
-2576
-4656
-2160
3312
6224
5808
4160
2416
1552
1184
-128
-1040
1024
4368
4800
2560
1328
1632
1472
1360
2944
4448
2960
224
48
1024
-1168
-4192
-1824
3936
5360
2000
-560
-544
624
1088
-1312
-4064
-1744
3280
3712
-80
-2080
-1152
-144
720
2960
4688
2752
-384
624
4384
4880
1952
64
-560
-2560
-4432
-2864
656
1824
1376
3200
5040
1952
-3152
-3760
-96
3600
4816
3056
224
-832
384
2688
4864
5952
5200
2208
-464
1120
4320
2528
-3072
-6240
-5264
-1936
816
-384
-4016
-4976
-2176
2240
4768
1552
-3680
-2384
3648
5696
2656
-1488
-4432
-4048
-1680
-2032
-4208
-3056
528
1824
1456
2864
4624
3216
-288
-2352
-1536
1472
4064
3568
464
-3104
-5232
-4048
-1536
-2448
-4624
-1712
3440
3184
-240
544
4256
4848
2624
1280
992
544
-432
-2320
-4352
-5456
-5424
-3600
-1504
-2576
-4672
-2128
3536
6528
5472
2224
-352
848
3856
3296
-192
-1680
-1216
-2128
-4192
-5472
-5424
-3936
-1856
-848
-1232
-1936
-1360
1360
4016
3664
480
-3424
-5072
-2016
3408
6464
6160
3888
1648
2000
4432
5968
5744
4192
2240
1616
1552
-544
-3776
-5280
-5152
-5184
-4752
-2000
752
-896
-4032
-1472
3712
2416
-2912
-3136
192
-448
-3552
-2912
576
2000
1520
2368
4608
5840
5120
3040
112
-3056
-4624
-2896
640
2336
1440
448
-384
-3040
-4992
-1312
4016
2128
-3520
-2032
3760
2736
-3328
-4992
-2480
-1104
-768
96
576
448
-240
-2512
-5056
-4624
-1648
560
1408
2144
1840
-688
-3792
-5600
-5664
-3584
-1376
-2544
-4672
-2192
3376
6352
5936
4176
2352
1472
1120
-128
-928
1200
4448
4768
2528
1312
1632
1408
1264
2944
4560
3104
336
16
832
-1360
-4304
-1808
4032
5392
1920
-640
-576
592
1024
-1392
-4112
-1696
3392
3760
-112
-2096
-1136
-128
800
3136
4816
2736
-480
544
4416
5024
2064
48
-640
-2608
-4432
-2848
672
1872
1440
3216
5040
1952
-3136
-3776
-128
3584
4800
3056
304
-736
384
2656
4896
6032
5248
2240
-400
1216
4384
2512
-3184
-6304
-5264
-1952
752
-432
-4048
-5056
-2272
2208
4832
1600
-3680
-2400
3696
5808
2720
-1568
-4544
-4176
-1792
-2080
-4176
-3024
544
1808
1376
-3040
-2048
400
3168
4672
4272
1776
-704
0
2608
3248
2208
2128
2912
3232
2416
128
-1552
272
3344
2896
-480
-2768
-3552
-4336
-4032
-1088
2432
3344
1904
832
1360
2464
3152
3232
2384
624
-1088
-2048
-1696
800
3424
2368
-672
-368
2848
4480
3856
2800
1792
1120
1408
2384
3360
3808
3792
4144
4128
1872
-800
-240
2480
3600
2464
512
-1056
-1584
-1680
-2448
-3248
-2976
-1920
-1216
-1520
-2432
-3376
-4224
-4224
-2272
528
1760
1440
1584
1616
-736
-3584
-2512
896
976
-1424
-928
1232
-144
-3248
-2432
608
256
-2896
-4496
-3872
-2736
-1824
-1632
-1488
224
2704
3616
2272
-432
-3232
-4784
-4064
-1072
2240
3648
2704
144
-1920
-880
1584
1008
-1472
-1296
1136
2736
3424
4384
4032
720
-2688
-1728
1968
3232
2192
2512
3328
1376
-2448
-4816
-4528
-2224
368
1536
1728
2320
3104
3104
2208
496
-1072
-1456
-1408
-2160
-3408
-4528
-4224
-944
2992
3040
-304
-2912
-3680
-3920
-4048
-3952
-3664
-3296
-2112
864
3376
1328
-2848
-2688
752
1472
-1008
-3344
-3600
-816
2592
1408
-2736
-2736
656
928
-1120
-272
2992
4880
4064
1040
-2400
-3888
-2544
848
3632
2896
-592
-3440
-3712
-1296
2144
3728
2400
-560
-3392
-4496
-3776
-3040
-2320
-256
1376
-64
-2864
-3840
-2320
944
3280
1616
-2256
-3520
-2064
-1424
-1472
704
3488
2480
-848
-1360
784
2144
1648
-816
-3440
-2928
368
3216
3920
1872
-1120
-1040
1328
1392
-992
-3072
-3824
-2496
624
2944
3376
3120
2128
-416
-3312
-4400
-3824
-3136
-2080
352
3136
4688
4288
1712
-864
-96
2656
3280
2192
2192
2944
3120
2288
128
-1456
336
3360
2896
-544
-2912
-3680
-4400
-4048
-1152
2368
3360
1952
832
1264
2384
3120
3232
2400
624
-1120
-2096
-1744
768
3456
2432
-640
-352
2912
4560
3888
2784
1776
1136
1440
2416
3424
3888
3904
4240
4144
1824
-832
-224
2512
3648
2544
560
-1104
-1712
-1824
-2512
-3232
-2960
-1936
-1200
-1440
-2368
-3440
-4384
-4368
-2368
448
1648
1328
1440
1520
-752
-3600
-2608
752
928
-1328
-832
1168
-416
-3504
-2544
544
96
-3104
-4624
-3920
-2704
-1776
-1600
-1440
320
2816
3648
2256
-416
-3216
-4864
-4160
-1104
2272
3648
2688
256
-1776
-848
1520
1008
-1504
-1424
1008
2656
3424
4448
4096
688
-2720
-1712
2032
3280
2240
2560
3360
1408
-2416
-4816
-4544
-2256
352
1536
1712
2304
3104
3200
2352
560
-1120
-1488
-1472
-2272
-3504
-4560
-4224
-960
2880
2880
-448
-2992
-3712
-3936
-4080
-3936
-3680
-3344
-2208
768
3280
1264
-2880
-2704
784
1488
-1072
-3424
-3648
-832
2544
1360
-2720
-2688
672
848
-1200
-288
3008
4928
4112
1040
-2432
-3872
-2480
848
3600
2944
-528
-3456
-3744
-1280
2208
3792
2416
-576
-3424
-4544
-3840
-3088
-2336
-224
1424
-48
-2864
-3872
-2368
848
3200
1584
-2288
-3584
-2144
-1504
-1536
672
3488
2464
-880
-1424
736
2192
1776
-736
-3520
-3024
400
3328
4080
2032
-1072
-1088
1296
1408
-1072
-3200
-3920
-2560
608
2944
3360
3152
2208
-384
-3344
-4448
-3792
-3488
-4336
-2224
1536
3680
2944
-272
-3280
-2656
832
3760
4704
3632
2224
3200
4432
1200
-3328
-2320
1520
784
-3264
-4608
-3376
-2832
-2560
-1008
1296
3216
4096
4336
4432
3488
2304
3296
4448
1696
-3136
-5584
-4640
-1248
1760
448
-3072
-2528
1408
3216
2656
2896
3920
4464
4416
3680
2704
2336
2624
3200
2752
-160
-3232
-2720
784
4112
4752
1568
-3056
-5360
-5024
-3712
-2624
-2896
-4112
-4784
-4672
-3904
-3008
-3072
-3008
-560
3008
4560
4304
4400
4144
1200
-1984
-336
3280
1360
-3344
-2064
2704
2144
-1616
-768
2816
2224
-1616
-3344
-2848
-3088
-4288
-4976
-4368
-2112
1152
3888
4384
1872
-1920
-3792
-2912
-960
1184
3856
4752
816
-3808
-1776
3232
1712
-3424
-2416
2912
4608
3136
2672
2384
368
-1616
-1296
944
3392
4672
4240
2448
240
-1872
-3440
-3168
-432
2896
4736
4752
3360
2192
3280
4432
1696
-3088
-5296
-4880
-3920
-3184
-3104
-2784
-480
1888
464
-3344
-4720
-3392
-2656
-3008
-2848
-2656
-3712
-4256
-1760
1440
656
-2000
-448
3248
1840
-3360
-5312
-3088
-160
1456
256
-1904
-272
3184
1584
-2992
-2864
1360
3648
2688
688
-1568
-4000
-4688
-1664
1920
880
-3360
-4944
-3056
-736
1312
3584
4304
1728
-2112
-3424
-2816
-3808
-4704
-1424
2976
2672
-1360
-4496
-4624
-1856
1280
1344
-1312
-3648
-4592
-5008
-4448
-1344
1744
96
-3584
-2336
2704
5504
4576
1168
-1904
-800
3152
4912
3136
-896
-3952
-1504
3248
2192
-3216
-5472
-3472
128
3456
4096
2704
2992
4064
1920
-2000
-3376
-2848
-3600
-4384
-2192
1632
3824
3088
-208
-3296
-2608
976
3872
4752
3680
2288
3280
4464
1184
-3296
-2192
1728
944
-3232
-4688
-3520
-2960
-2672
-1056
1344
3264
4096
4320
4400
3520
2416
3376
4448
1680
-3152
-5552
-4608
-1200
1888
576
-3040
-2560
1424
3216
2608
2864
3920
4528
4512
3776
2736
2304
2608
3232
2736
-240
-3360
-2816
768
4176
4784
1536
-3152
-5520
-5216
-3792
-2592
-2864
-4176
-4880
-4736
-3968
-3024
-3056
-3024
-624
2960
4576
4352
4432
4128
1136
-2080
-416
3280
1360
-3392
-2096
2688
2048
-1840
-944
2752
2144
-1808
-3504
-2864
-3008
-4224
-4976
-4400
-2144
1136
3920
4480
1952
-1872
-3760
-2864
-944
1168
3856
4832
928
-3808
-1840
3296
1792
-3472
-2496
2976
4752
3200
2640
2320
304
-1632
-1264
992
3424
4736
4336
2528
256
-1952
-3600
-3312
-464
2976
4800
4800
3440
2240
3312
4528
1776
-3120
-5392
-4912
-3920
-3168
-3088
-2800
-464
1968
544
-3312
-4736
-3472
-2784
-3120
-2896
-2656
-3760
-4368
-1824
1440
704
-1888
-304
3328
1824
-3424
-5328
-3040
-112
1408
240
-1856
-192
3184
1520
-3056
-2864
1392
3584
2576
640
-1616
-4096
-4736
-1696
1872
768
-3488
-5008
-2992
-640
1328
3600
4368
1776
-2064
-3344
-2768
-3856
-4800
-1488
2960
2704
-1264
-4448
-4656
-1952
1152
1344
-1120
-3488
-4608
-5152
-4544
-1376
1792
112
-3648
-2400
2752
5616
4608
1120
-2000
-816
3248
5040
3168
-944
-3984
-1536
3296
2240
-3296
-5568
-3472
224
3632
4208
2656
2944
4128
2096
-1824
-3200
-2672
-3408
-4272
-2224
1264
3152
2320
-704
-3328
-2592
624
3424
4464
3344
1824
2832
4048
880
-3328
-2288
1168
240
-3440
-4416
-3088
-2480
-2192
-896
1056
2832
3840
4208
4208
3088
1904
2976
4160
1392
-3360
-5584
-4480
-1264
1312
-80
-3168
-2464
1104
2624
2176
2576
3680
4272
4208
3376
2272
1840
2160
2688
2128
-640
-3312
-2672
608
3744
4304
1184
-3232
-5376
-4960
-3488
-2352
-2768
-4128
-4864
-4688
-3760
-2736
-2720
-2576
-208
3008
4304
4080
4192
3808
992
-1728
32
3152
928
-3408
-1856
2624
1952
-1440
-416
2784
1968
-1568
-3008
-2560
-2976
-4272
-4976
-4256
-2096
912
3488
4048
1712
-1792
-3408
-2480
-848
960
3504
4368
512
-3776
-1584
3088
1312
-3504
-2192
2928
4272
2640
2112
1792
64
-1456
-1120
736
3040
4416
3856
1904
-112
-1808
-3088
-2720
-128
2896
4512
4480
3040
1808
2944
4096
1360
-3216
-5248
-4768
-3760
-2912
-2736
-2384
-336
1488
-112
-3504
-4480
-3072
-2336
-2656
-2512
-2448
-3568
-4144
-1856
944
224
-1808
-16
3152
1376
-3552
-5072
-2656
32
1136
-96
-1728
112
3040
1136
-3120
-2816
1104
3056
2096
416
-1456
-3776
-4512
-1712
1520
304
-3600
-4688
-2608
-592
1040
3168
4000
1584
-1984
-3072
-2560
-3728
-4608
-1328
2848
2496
-1296
-4272
-4464
-1920
896
1008
-1248
-3424
-4544
-5024
-4320
-1376
1264
-464
-3664
-2096
2768
5296
4224
1008
-1632
-384
3184
4496
2512
-1344
-3872
-1200
3168
1776
-3440
-5264
-3040
480
3440
3680
2224
2624
3744
1760
-1840
-2992
-2528
-3424
-4256
-2192
1376
3312
2432
-688
-3344
-2560
736
3536
4512
3392
1920
2944
4080
864
-3312
-2176
1296
320
-3424
-4464
-3168
-2624
-2320
-912
1120
2880
3856
4192
4208
3184
2032
3040
4096
1312
-3312
-5504
-4464
-1216
1456
64
-3120
-2448
1152
2608
2096
2576
3792
4400
4272
3424
2288
1792
2112
2688
2112
-704
-3408
-2784
544
3776
4416
1280
-3248
-5488
-5104
-3552
-2304
-2672
-4144
-4928
-4720
-3824
-2816
-2720
-2576
-288
2976
4384
4176
4240
3808
976
-1776
-32
3120
912
-3456
-1888
2624
1904
-1520
-528
2736
1936
-1648
-3104
-2576
-2928
-4256
-4976
-4304
-2160
880
3536
4112
1744
-1808
-3424
-2480
-800
992
3504
4432
624
-3760
-1648
3104
1376
-3536
-2288
2912
4368
2720
2128
1744
0
-1472
-1088
784
3088
4512
3984
1968
-144
-1952
-3296
-2912
-192
2944
4592
4576
3120
1872
2976
4160
1360
-3328
-5376
-4832
-3792
-2912
-2704
-2336
-304
1552
-48
-3488
-4496
-3120
-2464
-2832
-2608
-2432
-3616
-4224
-1856
1024
336
-1664
144
3248
1376
-3600
-5024
-2576
48
1040
-160
-1648
240
3072
1088
-3152
-2816
1088
3008
2032
368
-1504
-3792
-4480
-1712
1440
224
-3680
-4752
-2576
-448
1152
3184
3952
1568
-1936
-2944
-2448
-3712
-4624
-1360
2832
2512
-1248
-4272
-4480
-1968
832
1008
-1104
-3296
-4608
-5152
-4400
-1408
1248
-464
-3696
-2128
2800
5360
4224
896
-1760
-432
3248
4592
2512
-1456
-3984
-1264
3200
1824
-3440
-5312
-3056
560
3568
3776
2208
2608
3840
1952
-1664
-2864
-2432
