2880
-32
-2816
-4624
-5504
-5472
-3680
-1600
-2432
-4352
-2672
384
-624
-3568
-3104
-320
944
-128
-2720
-5104
-4960
-2128
1312
4128
6160
5680
1264
-3504
-3456
288
2704
1760
-1328
-3808
-2976
-224
576
-720
-1232
-1056
-2752
-5040
-4192
-1568
-1744
-4368
-5856
-5088
-2672
400
2256
1600
-1056
-4048
-5424
-5152
-5232
-5504
-3776
-1504
-2272
-4224
-3056
-112
656
-656
-1904
-1440
1392
4096
3280
-64
-2192
-1504
1120
4048
5776
5744
4096
1936
1088
1472
1248
896
2672
5200
4672
1472
-544
-448
-224
272
2768
5328
4368
1664
1840
4432
5888
5184
2688
-336
-1456
-1216
-2544
-4320
-3328
-48
2848
4736
6128
5568
1312
-3328
-3392
-448
704
128
16
176
-160
-304
416
816
-768
-3792
-6208
-5664
-816
4064
2288
-3024
-3072
320
-752
-4048
-2224
3216
6240
5888
4032
2144
1648
1392
-1120
-3792
-2832
16
768
-720
-2128
-1760
688
3904
6144
5808
1552
-3872
-5328
-2352
1472
4160
5312
5264
5248
4880
3088
112
-3456
-5232
-1744
4080
5312
1904
-1056
-1152
1760
4464
1600
-3728
-2448
3760
5296
1856
-240
-656
-2224
-4512
-6128
-5472
-1248
3504
4016
576
-3248
-5328
-4976
-2080
2272
4656
1872
-3088
-3888
-352
3056
4928
5840
5040
2576
208
-736
304
2880
4608
3488
160
-3680
-5184
-1648
3488
3616
-256
-1904
-1264
-2608
-5056
-4528
-1568
560
1216
1136
1136
2736
5056
5056
2288
-1616
-4688
-4528
-1520
736
688
-496
-976
1040
4400
5136
2256
-1696
-4032
-3280
-160
2976
4960
5776
5056
2896
0
-2768
-4672
-5648
-5584
-3664
-1504
-2368
-4352
-2672
352
-720
-3664
-3088
-208
992
-208
-2848
-5152
-4912
-2048
1344
4144
6176
5712
1264
-3552
-3504
304
2832
1904
-1280
-3840
-2992
-144
640
-784
-1328
-1072
-2720
-5088
-4256
-1600
-1760
-4432
-5936
-5104
-2608
480
2352
1696
-1040
-4128
-5504
-5168
-5216
-5488
-3728
-1424
-2176
-4176
-3088
-208
608
-624
-1856
-1408
1456
4192
3328
-112
-2288
-1632
1024
4048
5840
5808
4176
2048
1168
1600
1472
1104
2720
5216
4864
1744
-464
-576
-272
464
2992
5376
4320
1728
2000
4560
5968
5248
2640
-496
-1584
-1296
-2608
-4384
-3360
-32
2912
4768
6128
5568
1312
-3312
-3280
-352
640
-32
48
352
-96
-352
448
944
-672
-3744
-6208
-5776
-928
4048
2320
-3056
-3168
240
-832
-4128
-2256
3248
6304
5936
4064
2128
1632
1408
-1088
-3824
-2928
-96
720
-656
-2032
-1616
864
4048
6320
5952
1568
-3984
-5392
-2288
1584
4240
5360
5408
5424
4992
3104
128
-3472
-5296
-1760
4160
5344
1904
-1008
-1072
1824
4528
1616
-3744
-2400
3840
5344
1872
-176
-624
-2272
-4608
-6192
-5520
-1264
3488
3920
432
-3328
-5360
-5008
-2160
2192
4656
1888
-3136
-3936
-320
3136
5008
5952
5136
2560
128
-768
352
2992
4704
3552
208
-3632
-5184
-1712
3472
3696
-96
-1712
-1104
-2576
-5152
-4608
-1536
624
1248
1104
1072
2704
5120
5120
2272
-1664
-4800
-4672
-1584
768
704
-464
-864
1168
4464
5200
2288
-1696
-4064
-3328
-224
2944
5008
5840
5088
352
2816
3296
1904
896
1264
2304
3072
3280
2240
-768
-3440
-2176
704
-112
-2784
-1632
2080
3248
2176
2432
3408
2304
-272
-2016
-2000
-256
1312
128
-2864
-4656
-4192
-1648
816
-240
-2912
-1792
2368
4560
3888
2688
2096
2336
3008
2864
1936
1664
1536
-176
-2896
-4496
-4160
-2064
608
1904
1568
1168
1568
2384
3040
3296
2288
-704
-3152
-1664
2304
4784
4352
1696
-864
-288
2688
4624
4224
2032
-576
-1824
-1792
-2208
-3184
-3744
-3872
-3808
-3472
-2656
-2032
-2704
-3248
-832
2432
1728
-1840
-3344
-2480
-2256
-2944
-2800
-1888
-1584
-1504
208
3040
4304
3696
3024
2080
-352
-2896
-3232
-1904
-1440
-1680
-288
1360
-320
-2976
-1264
2384
1360
-2240
-1296
2336
1488
-2448
-2800
144
2160
2080
352
-1520
-672
1344
-160
-3328
-2576
704
1168
-768
-1600
-1504
-2144
-3232
-4192
-4192
-1792
832
-304
-2976
-1856
2272
4848
4432
2240
-320
-1888
-1904
-720
1104
2912
3664
2320
-272
-1616
-1408
-1504
-1472
368
2736
3504
2496
688
-1296
-3056
-3456
-784
2864
2512
-768
-1040
1344
1360
-1168
-3200
-3360
-1088
2272
3344
2016
1424
1680
320
-1312
-80
2656
3232
2112
2496
3552
1968
-896
-768
1120
208
-2688
-3328
-1952
-1520
-1392
800
3056
1664
-2048
-3792
-2368
512
2896
3600
2448
112
-1456
0
3104
4464
3728
2592
2000
2592
3264
1312
-2464
-4416
-3824
-2528
-1856
-2512
-3504
-2384
656
3264
3584
736
-2576
-1424
2544
3040
-272
-3184
-3744
-1792
720
160
-2608
-3360
-2000
-1488
-1376
432
2880
3312
1968
1072
1504
2448
3120
3296
2256
-816
-3552
-2304
640
-112
-2800
-1664
2128
3296
2208
2496
3472
2352
-288
-2064
-2000
-192
1360
112
-2896
-4752
-4304
-1696
816
-256
-2944
-1792
2432
4592
3840
2640
2064
2304
2992
2832
1888
1568
1472
-192
-2880
-4560
-4272
-2096
656
1920
1504
1120
1584
2384
3008
3248
2256
-720
-3168
-1696
2272
4784
4416
1728
-864
-272
2752
4688
4256
2144
-416
-1648
-1696
-2208
-3264
-3872
-3984
-3904
-3504
-2624
-1984
-2720
-3296
-816
2480
1680
-1968
-3392
-2416
-2192
-2944
-2816
-1840
-1488
-1440
240
3008
4288
3808
3184
2144
-368
-2928
-3248
-1920
-1424
-1632
-288
1264
-448
-3056
-1296
2400
1344
-2320
-1360
2368
1504
-2512
-2928
16
2016
2032
400
-1552
-816
1232
-176
-3376
-2576
832
1296
-720
-1584
-1488
-2176
-3264
-4224
-4240
-1824
832
-272
-2944
-1840
2272
4816
4384
2160
-448
-2000
-2016
-768
1200
3072
3712
2256
-336
-1648
-1440
-1536
-1488
368
2736
3552
2640
752
-1392
-3200
-3504
-768
2864
2464
-864
-1104
1360
1376
-1168
-3184
-3344
-1088
2304
3424
2016
1408
1664
352
-1184
144
2832
3264
2112
2480
3552
2016
-832
-784
1072
160
-2704
-3344
-1968
-1568
-1456
800
3120
1696
-2096
-3824
-2352
544
2912
3664
2608
224
-1488
-128
3024
4480
3744
2560
2032
2720
3360
1360
-2432
-4416
-3856
-2624
-1984
-2624
-3568
-2448
656
3312
3600
672
-2592
-1424
2560
3040
-320
-3280
-3856
-1888
640
144
-2624
-3360
-2000
-1504
-1440
-1872
1360
3600
4304
4480
4544
3632
2528
3312
4240
1632
-1776
-480
2912
2240
-992
-1472
1072
3600
4736
4576
2976
144
-3008
-5248
-4880
-912
3200
2592
-1456
-4000
-3184
160
3136
2064
-1280
-1392
1584
3072
2656
3264
4512
3984
2592
2736
4064
4880
4336
1856
-1632
-3744
-3168
-288
3120
4720
4400
4288
4608
3728
2544
3280
4144
1856
-1392
-1248
1568
3648
3152
-112
-3280
-2448
1408
3904
3232
320
-3008
-4848
-4752
-3760
-2752
-2480
-2816
-2656
-2320
-3248
-4640
-4480
-2576
-128
1488
1104
-1072
-3632
-4880
-3952
-2464
-2688
-4096
-4880
-4304
-1712
1776
3136
2720
3360
4144
2272
-1280
-3616
-4336
-4976
-4608
-960
3072
2272
-1168
-1152
1216
832
-1248
-656
1344
576
-1664
-864
2688
5392
4976
720
-3536
-1824
2864
2192
-1664
-528
3312
2128
-2752
-5280
-4864
-3728
-2880
-3040
-2864
64
3216
2032
-1312
-1456
1488
3776
3344
576
-2880
-5216
-4944
-1312
3392
5184
3376
48
-3056
-4512
-4400
-4432
-4144
-1952
1328
4240
4928
1520
-3456
-5056
-2976
256
2192
128
-3328
-1520
3264
2304
-3184
-5152
-2896
-496
1424
3232
4256
5040
4656
1040
-3088
-2816
992
3968
4816
4656
3216
-512
-3584
-1616
2800
2880
-1072
-3808
-4384
-4752
-4176
-1392
1456
1472
-1168
-3920
-4400
-2160
1328
4400
4912
1216
-3232
-2608
1648
3472
2752
3232
4624
4400
2608
320
-1840
-2704
-2496
-3168
-4528
-4688
-3072
144
3616
4688
2816
-16
-1584
-368
1808
672
-3168
-5056
-3344
352
3232
2464
-1120
-3760
-4480
-4720
-4192
-1856
1424
3696
4368
4528
4624
3728
2608
3376
4240
1488
-1984
-560
2976
2208
-1184
-1552
1168
3664
4736
4608
3088
192
-3008
-5280
-4896
-896
3264
2608
-1584
-4240
-3376
128
3152
2000
-1392
-1392
1760
3296
2832
3360
4560
4016
2576
2752
4160
5008
4416
1920
-1584
-3728
-3152
-256
3184
4800
4448
4320
4672
3776
2496
3232
4160
1904
-1376
-1280
1520
3600
3120
-176
-3376
-2512
1376
3888
3232
320
-3072
-4960
-4896
-3920
-2896
-2560
-2880
-2784
-2432
-3232
-4608
-4576
-2656
-80
1552
1088
-1184
-3744
-4880
-3952
-2576
-2800
-4096
-4864
-4320
-1696
1840
3168
2736
3408
4208
2288
-1328
-3632
-4304
-4992
-4688
-1024
3056
2256
-1152
-1152
1088
720
-1232
-592
1360
528
-1696
-832
2768
5504
5104
800
-3584
-1888
2896
2224
-1712
-560
3376
2224
-2688
-5232
-4864
-3792
-2944
-3056
-2944
-64
3184
2096
-1232
-1440
1456
3728
3280
432
-3088
-5424
-5072
-1344
3408
5200
3408
48
-3136
-4592
-4432
-4448
-4208
-2016
1344
4288
4976
1456
-3616
-5168
-2992
256
2128
16
-3456
-1536
3344
2336
-3248
-5120
-2816
-464
1456
3296
4368
5184
4768
1040
-3136
-2800
1056
4032
4880
4672
3136
-624
-3664
-1616
2896
3008
-1024
-3856
-4512
-4928
-4304
-1472
1408
1440
-1200
-3984
-4480
-2224
1312
4400
4960
1280
-3280
-2784
1488
3328
2544
3120
4704
4544
2656
288
-1888
-2752
-2544
-3200
-4576
-4752
-3072
224
3760
4816
2800
-128
-1632
-336
1792
576
-3328
-5152
-3296
448
3296
2592
-960
-3680
-4560
-4864
-4320
-1760
1264
3408
4160
4384
4384
3328
2176
3040
3984
1472
-1600
-192
2864
2032
-928
-1312
928
3312
4560
4336
2560
-224
-3104
-5136
-4656
-736
3104
2352
-1472
-3728
-2784
432
3040
1872
-1168
-1184
1440
2688
2368
3136
4400
3744
2272
2560
4016
4720
4016
1632
-1584
-3472
-2816
-16
3152
4496
4160
4144
4432
3440
2240
3040
3904
1696
-1280
-1072
1488
3296
2688
-448
-3312
-2320
1312
3536
2784
-16
-3152
-4816
-4656
-3584
-2496
-2240
-2608
-2432
-2144
-3136
-4544
-4288
-2256
32
1248
800
-1056
-3456
-4736
-3808
-2272
-2560
-4080
-4864
-4176
-1600
1600
2720
2368
3152
3904
2064
-1312
-3504
-4288
-4960
-4416
-736
3024
2112
-1056
-1024
976
576
-1088
-480
1120
256
-1584
-544
2816
5264
4640
384
-3520
-1600
2848
2032
-1504
-208
3232
1792
-2880
-5184
-4720
-3552
-2672
-2784
-2544
256
3040
1808
-1200
-1232
1408
3376
2864
192
-3056
-5168
-4736
-1120
3376
4848
2896
-304
-3136
-4400
-4336
-4400
-4016
-1872
1216
3984
4608
1216
-3568
-4848
-2592
432
1856
-336
-3344
-1248
3216
1952
-3328
-4880
-2480
-272
1328
2992
4160
4944
4352
736
-3056
-2624
960
3760
4656
4400
2704
-928
-3504
-1312
2768
2656
-1104
-3664
-4320
-4720
-4016
-1328
1248
1216
-1200
-3776
-4240
-2096
1280
4224
4624
944
-3216
-2448
1504
3056
2416
3120
4512
4080
2160
48
-1728
-2384
-2256
-3088
-4480
-4512
-2736
448
3648
4384
2352
-272
-1408
-144
1552
176
-3328
-4800
-2896
624
3120
2224
-1152
-3616
-4416
-4688
-4064
-1760
1280
3472
4256
4464
4448
3456
2352
3168
3984
1344
-1760
-240
2896
1968
-1120
-1392
1088
3472
4592
4368
2656
-192
-3168
-5216
-4672
-704
3136
2352
-1584
-3920
-2944
368
3008
1760
-1280
-1152
1616
2880
2512
3216
4416
3728
2256
2544
4064
4864
4112
1664
-1600
-3456
-2768
48
3232
4624
4256
4176
4464
3456
2192
3008
3920
1760
-1248
-1120
1360
3184
2624
-496
-3360
-2352
1296
3520
2768
-48
-3184
-4848
-4720
-3696
-2624
-2336
-2720
-2592
-2256
-3168
-4592
-4416
-2368
32
1296
816
-1168
-3600
-4768
-3776
-2368
-2736
-4144
-4832
-4160
-1584
1648
2768
2416
3184
3920
2048
-1312
-3488
-4288
-5008
-4496
-800
2960
2064
-1040
-976
896
464
-1104
-432
1120
224
-1552
-496
2832
5280
4720
480
-3536
-1632
2880
2032
-1600
-288
3264
1856
-2832
-5184
-4800
-3664
-2736
-2800
-2576
208
3024
1840
-1152
-1232
1376
3360
2848
96
-3200
-5328
-4832
-1104
3440
4896
2928
-336
-3216
-4464
-4336
-4416
-4080
-1904
1280
4064
4656
1152
-3712
-4928
-2576
416
1776
-448
-3456
-1280
3248
1936
-3392
-4912
-2512
-320
1312
3056
4256
5088
4448
704
-3152
-2704
896
3712
4656
4416
2656
-1008
-3616
-1376
2816
2768
-1040
-3696
-4448
-4880
-4160
-1424
1168
1184
-1216
-3840
-4336
-2160
1232
4144
4592
976
-3312
-2672
1344
2912
2208
2944
4496
4176
2208
32
-1760
-2432
-2304
-3136
-4544
-4544
-2656
576
3776
4432
2272
-368
-1440
-176
1456
48
-3520
-4944
-2912
688
3168
2288
-1008
-3520
-4464
-4816
-4128
