-3104
-1392
1472
3792
4448
2880
-352
-1488
1280
3600
2720
1888
2880
3664
3152
1200
-1360
-1344
1824
3440
1008
-2048
-3120
-3680
-4384
-2896
1072
3808
3232
1712
1312
1824
2800
3568
3104
1408
-496
-2016
-2640
-960
2416
3216
144
-1536
1040
3984
4320
3312
2304
1632
1504
2000
2928
3584
3504
3728
4384
3088
-224
-1296
1424
3888
3408
1360
-672
-1840
-1776
-1856
-2864
-3408
-2704
-1728
-1376
-1808
-2720
-3664
-4112
-3040
-256
1968
2080
1984
2592
1296
-2128
-3152
-224
1600
-368
-1552
752
1568
-1648
-3152
-112
1680
-912
-3664
-4000
-3296
-2304
-1680
-2016
-1328
1456
3856
3744
1488
-1536
-4096
-4960
-3088
768
3520
3328
1152
-1232
-1472
736
1568
-544
-1856
-240
1936
2976
3792
4544
2736
-1696
-3328
400
3824
3056
2080
3376
3072
-528
-3872
-4560
-2928
0
2032
2016
1952
2928
3488
2912
1488
-544
-1984
-2048
-1984
-2640
-3776
-4512
-2752
1408
3392
960
-2128
-3232
-3424
-3488
-3392
-3296
-3232
-3008
-1168
2464
3104
-1104
-3376
-368
1968
368
-2272
-3856
-2688
1440
3056
-688
-3056
-208
1776
-336
-1472
880
3680
4640
3024
-720
-3856
-4000
-1280
2240
3392
1056
-2272
-3968
-2784
816
3680
3488
1296
-1568
-3776
-3936
-3248
-3024
-1536
1232
1600
-1248
-3776
-3664
-1168
2192
2944
-368
-3456
-2912
-1648
-1952
-1008
2160
3088
176
-1680
16
2304
2832
1136
-2112
-3440
-1024
2256
3904
2976
-32
-1472
368
1744
304
-2080
-3584
-3040
-320
2240
3152
3248
2864
1264
-1408
-3536
-3968
-3632
-3168
-1456
1472
3824
4576
3072
-240
-1504
1216
3520
2656
1888
2896
3600
3088
1280
-1200
-1216
1872
3344
928
-1952
-3008
-3664
-4448
-3024
960
3776
3264
1824
1568
2096
2896
3568
3104
1328
-576
-1984
-2608
-1088
2160
2928
32
-1424
1040
3760
4224
3472
2416
1632
1696
2288
2960
3520
3552
3648
4192
3104
-112
-1360
1408
4016
3408
1216
-688
-1856
-1952
-1920
-2672
-3200
-2656
-1872
-1600
-1920
-2672
-3568
-4016
-2944
-192
1920
1904
1616
2176
1168
-1920
-2896
-144
1440
-592
-1600
736
1440
-1648
-3056
-320
1216
-1184
-3776
-4224
-3552
-2400
-1728
-1968
-1056
1680
3760
3472
1328
-1440
-3792
-4720
-2912
1024
3808
3552
1344
-960
-1184
784
1424
-608
-1696
0
2048
2848
3728
4688
2928
-1568
-3280
352
3776
3008
2048
3376
3120
-416
-3840
-4640
-3008
-192
1680
1840
1920
2832
3424
2928
1488
-464
-1808
-1936
-1920
-2592
-3680
-4464
-2832
1456
3616
1008
-2352
-3408
-3504
-3616
-3552
-3456
-3344
-2928
-1008
2464
3072
-976
-3312
-512
1888
512
-2080
-3792
-2736
1456
3168
-672
-3248
-496
1408
-720
-1696
944
3952
4768
2800
-976
-3808
-3776
-1248
2064
3248
1120
-2128
-3968
-2960
576
3568
3472
1248
-1504
-3632
-3984
-3328
-2896
-1488
1056
1456
-1360
-3904
-3664
-928
2464
2896
-768
-3728
-2896
-1696
-2272
-1264
2144
3088
0
-1952
-176
2240
2928
1248
-1936
-3088
-656
2448
4032
3152
0
-1616
288
1728
128
-2400
-3792
-3056
-336
2240
3184
3280
2992
1424
-1344
-3568
-3936
-3472
-2512
-3776
-2128
-144
176
-848
-2416
-3472
-2816
-320
2496
2864
576
-160
2192
2720
-832
-3408
-1968
-688
-2256
-3248
-1488
432
736
112
-720
-368
1696
3584
3840
2448
176
-272
2128
3024
-224
-3792
-4560
-3328
-1520
-896
-2384
-3408
-1920
-368
-496
-144
1760
3344
3632
2672
752
-704
-864
-512
-336
-848
-2192
-3168
-2480
-16
2736
2784
-624
-3968
-4496
-2768
-448
208
-1680
-3808
-4272
-3184
-1136
288
144
256
1856
3232
3216
3056
3552
3232
1168
304
2304
2560
-1360
-3264
272
3280
1920
480
1888
3136
1904
432
480
96
-1968
-3792
-4048
-3424
-2368
-224
2464
3488
2048
448
272
80
-784
-48
2624
2768
-1296
-3184
704
3104
-544
-2992
224
3072
1568
-672
-848
-32
512
224
-592
-64
2160
2976
960
-656
48
784
368
624
2048
3424
4016
2880
256
-448
1936
2832
-288
-3680
-4384
-3168
-1056
720
864
208
-48
-832
-2592
-3152
-1232
800
960
672
944
48
-2304
-3504
-2096
-256
176
784
2640
2576
-944
-3232
-1552
32
-688
-1120
-336
1040
2912
2928
-480
-3248
-2272
-432
-224
-16
896
400
-2128
-3488
-1808
-496
-2096
-3072
-1024
528
-416
-608
1648
3312
2144
608
752
32
-2656
-3120
336
3200
2448
-240
-2688
-3552
-2400
-256
1056
320
-1920
-3696
-4112
-3200
-1312
-720
-2512
-2944
144
3312
4128
3184
1200
256
1744
2896
1632
-832
-2960
-2512
1088
2752
-384
-3152
-1840
1040
2960
2832
736
-240
1728
3408
2256
704
784
304
-2080
-3392
-2096
-512
-144
-736
-2128
-3296
-2656
-224
2496
2960
640
-336
2016
2752
-816
-3568
-2208
-832
-2176
-2992
-1216
704
976
144
-736
-336
1664
3568
4016
2656
144
-368
2208
3200
-16
-3488
-4304
-3328
-1552
-720
-2240
-3424
-1936
-416
-768
-512
1600
3568
3872
2592
640
-656
-816
-448
-144
-816
-2432
-3392
-2544
96
3072
3088
-464
-3760
-4304
-2832
-688
-16
-1840
-3872
-4192
-3024
-944
544
448
544
1936
3184
3424
3360
3552
3184
1584
896
2528
2656
-912
-2784
384
3248
1984
592
2048
3088
1664
288
352
-144
-2032
-3632
-3952
-3376
-2128
96
2592
3344
1744
176
128
-32
-944
-192
2544
2672
-1328
-3024
768
2864
-800
-3008
496
3344
1568
-784
-912
-256
240
112
-688
-192
2016
2720
768
-640
-16
448
-128
144
1776
3344
3888
2704
256
-288
2112
2960
-144
-3504
-4304
-3232
-1184
592
688
80
-48
-864
-2784
-3392
-1600
256
432
304
784
64
-2320
-3696
-2416
-416
288
1008
2816
2752
-848
-3424
-1728
352
-64
-832
-448
976
2928
2784
-656
-3296
-2272
-448
-384
-320
672
240
-2192
-3280
-1760
-848
-2208
-2736
-864
416
-384
-336
1888
3232
2000
624
672
-176
-2672
-2928
528
3408
2736
64
-2464
-3536
-2464
-400
816
192
-1776
-3392
-3808
-3088
-1440
-928
-2672
-3072
32
3232
3968
3024
1456
864
2000
2592
1296
-928
-3120
-2848
896
2736
-496
-3360
-1904
1056
2960
2784
544
-480
1632
3232
1824
400
688
128
-2384
-3568
-2192
-496
16
-880
-2528
-3344
-2416
48
2848
3024
256
-400
2480
2960
-1008
-3488
-1952
-1072
-2672
-2976
-672
1392
1696
560
-896
-496
2000
4144
4528
2848
-48
-400
2448
3024
-656
-3920
-4240
-2944
-1392
-1216
-2704
-3312
-1840
-784
-1104
-464
1888
3936
4288
2864
432
-1200
-1200
-624
-464
-1168
-2560
-3472
-2720
64
3088
2896
-672
-3872
-4448
-2608
256
960
-1424
-3856
-4208
-2720
-224
1408
1296
1440
2896
3952
3792
3616
3840
3280
1632
1456
3344
2736
-1472
-2816
960
3552
2160
1152
2672
3552
2160
960
1200
512
-2064
-4048
-4032
-3280
-2352
-240
2608
3728
2368
992
1088
688
-848
-256
2816
2864
-1440
-2704
1616
3136
-1168
-2832
1248
3520
976
-1472
-1520
-448
800
704
-768
-320
2528
3344
816
-912
112
1200
1088
1440
2656
3792
4336
2944
-32
-416
2592
3248
-608
-4064
-4192
-2576
-448
1296
1520
768
32
-1296
-3024
-2896
-480
1424
1344
1200
1712
624
-2208
-3744
-2448
-496
400
1600
3472
2704
-1312
-3184
-816
896
-192
-912
48
1792
3472
2560
-1312
-3616
-2304
-816
-864
-240
1264
656
-2240
-3472
-1872
-1200
-2752
-2800
-272
992
-320
-416
2192
3808
2400
1040
1408
368
-2672
-2832
1056
3968
3200
464
-2384
-3728
-2656
-368
1104
416
-1888
-3584
-3824
-3040
-1584
-1280
-2960
-2848
880
4192
4480
3136
1616
1456
3008
3456
1376
-1584
-3584
-2304
1872
2960
-944
-3424
-1424
1696
3584
3056
400
-448
2016
3600
2240
1088
1440
496
-2224
-3488
-2192
-624
-368
-1248
-2608
-3344
-2608
-128
2912
3120
112
-704
2400
3168
-912
-3648
-2048
-960
-2608
-3056
-592
1760
1888
432
-992
-496
1888
4016
4512
2784
-96
-256
2736
3200
-608
-3920
-4304
-3152
-1584
-1152
-2512
-3184
-1856
-1008
-1376
-480
2112
4096
4320
2944
624
-1040
-1200
-688
-512
-1312
-2752
-3520
-2752
-144
2960
3056
-496
-3792
-4320
-2544
112
832
-1424
-3904
-4352
-2816
-240
1344
1168
1152
2368
3488
3712
3712
3888
3296
1632
1424
3280
2624
-1648
-2992
992
3824
2272
1024
2544
3392
2048
1088
1168
272
-1920
-3616
-3888
-3296
-2240
-80
2640
3520
2128
1008
1168
480
-1216
-416
2976
3040
-1520
-2880
1584
3248
-1184
-3200
768
3504
1488
-976
-1344
-448
816
832
-672
-320
2592
3472
832
-912
176
1088
688
1040
2656
4096
4432
2736
-80
-192
2672
3104
-656
-4048
-4336
-2752
-400
1440
1600
752
-80
-1424
-3040
-2912
-656
1216
1248
1024
1376
448
-2128
-3488
-2112
-272
384
1584
3600
2800
-1264
-3056
-736
832
-128
-672
112
1664
3408
2656
-1152
-3600
-2480
-1056
-1088
-544
960
592
-2112
-3472
-2032
-1280
-2832
-2960
-384
864
-464
-448
2144
3664
2416
1184
1392
208
-2752
-2896
1056
4112
3200
128
-2560
-3440
-2304
-192
1280
592
-1952
-3968
-4240
-3200
-1536
-1344
-3104
-2896
816
4016
4336
3056
1536
1408
2816
3008
960
-1728
-3600
-2288
1952
3040
-912
-3408
-1328
1920
3808
3072
176
-672
2016
3760
2464
1200
1328
512
-2592
-656
2096
4048
4544
2944
-48
-848
1776
3712
2672
1776
2784
3552
2784
896
-1056
-624
2320
3488
1024
-1712
-2576
-3232
-3904
-2240
1584
3808
3008
1664
1472
2112
3072
3552
2976
1472
-272
-1632
-2048
-432
2544
2912
-32
-1152
1504
3904
3936
3200
2464
1824
1696
2112
2944
3696
3792
4032
4512
3040
-128
-896
1680
3760
3248
1376
-528
-1456
-1248
-1376
-2304
-2640
-1920
-1072
-864
-1392
-2400
-3408
-3648
-2192
464
2208
2240
2192
2432
832
-2240
-2608
368
1680
-336
-976
1136
1136
-1920
-2464
576
1552
-1152
-3328
-3344
-2624
-1696
-1312
-1600
-608
1968
3600
2976
944
-1488
-3600
-4256
-2224
1568
3904
3344
1072
-1040
-1008
1056
1648
-240
-1056
512
2160
2944
3872
4464
2464
-1536
-2480
1200
3808
2576
1936
3360
2816
-576
-3424
-3920
-2304
400
2112
2112
2224
3152
3584
2832
1248
-512
-1344
-1280
-1456
-2160
-3264
-3952
-1920
2112
3488
960
-1744
-2688
-2880
-2944
-3056
-3120
-2912
-2544
-688
2720
2944
-1152
-2896
0
1792
240
-2064
-3376
-1856
2176
2944
-1056
-2752
368
1840
-336
-960
1568
4096
4672
2704
-896
-3328
-2928
-240
2768
3264
848
-2048
-3424
-2240
1152
3808
3504
1120
-1696
-3536
-3616
-2832
-1968
-224
1808
1424
-1376
-3488
-2992
-256
2912
3040
-608
-3280
-2400
-1280
-1632
-432
2560
2896
64
-1152
656
2496
2672
880
-2000
-2768
-432
2432
3872
2928
144
-880
912
1792
144
-2032
-3264
-2656
-160
2384
3504
3664
3136
1200
-1616
-3392
-3472
-2960
-2272
-528
2096
4176
4624
2704
-352
-848
1856
3552
2592
1968
2816
3456
3024
1216
-1008
-672
2272
3360
768
-2096
-2992
-3456
-3888
-2112
1584
3680
2928
1568
1184
1824
3008
3616
2816
1248
-240
-1504
-1984
-320
2640
3008
128
-1024
1696
4272
4208
3104
2176
1488
1424
2112
3120
3776
3696
3760
4016
2464
-512
-1008
1680
3728
3232
1472
-512
-1632
-1344
-1328
-2400
-2896
-2064
-1168
-992
-1472
-2400
-3392
-3792
-2480
416
2448
2272
1872
2176
848
-2160
-2688
208
1552
-496
-1136
1232
1440
-1760
-2576
416
1440
-1184
-3376
-3440
-2704
-1744
-1264
-1488
-608
2000
3952
3392
992
-1712
-3712
-4176
-2112
1536
3824
3328
1168
-880
-864
976
1376
-384
-1024
512
2272
3216
3984
4496
2688
-1392
-2592
1184
4048
2880
2144
3472
2880
-608
-3552
-3952
-2208
464
2032
1968
2000
2912
3376
2736
1280
-480
-1360
-1120
-1216
-2160
-3328
-3856
-1936
1936
3376
816
-1888
-2656
-2800
-3024
-3152
-3200
-2976
-2512
-560
2816
3104
-960
-2960
-384
1504
336
-1952
-3680
-2336
1920
2912
-1104
-2832
144
1456
-560
-864
1696
4064
4624
2784
-704
-3200
-2992
-400
2752
3504
1120
-2000
-3456
-2064
1504
4112
3520
928
-1696
-3280
-3488
-3040
-2352
-512
1600
1152
-1504
-3216
-2688
-176
2912
2848
-896
-3280
-2192
-1184
-1552
-272
2672
3040
224
-1136
480
2272
2560
848
-2080
-2784
-320
2560
3920
2880
0
-992
912
1872
240
-1840
-2912
-2256
48
2288
3376
3600
2944
976
-1744
-3424
-3328
-2784
