-1056
-3072
-2576
-1488
-1312
-1792
-2528
-3232
-3136
-1008
2448
3280
224
-1152
1952
3488
-256
-3680
-2864
-1760
-2944
-3056
-416
2176
2704
1216
-976
-1184
1456
4192
4864
3056
-304
-1328
1680
3248
0
-3568
-4112
-3136
-1984
-1568
-2624
-3360
-2288
-1328
-1600
-928
1552
3968
4896
3632
560
-1728
-1920
-1392
-1200
-1520
-2496
-3344
-3040
-864
2512
3472
176
-3696
-4624
-2560
672
1712
-752
-3648
-4400
-3024
-240
1904
2048
1920
2880
3792
3904
3760
3840
3536
2304
2016
3520
2992
-1040
-2752
816
4032
3248
2048
2896
3504
2624
2032
2320
1520
-1072
-3232
-3488
-3120
-2736
-928
2064
3664
2864
1920
2128
1376
-960
-1088
2256
3264
-800
-2816
1184
3360
-704
-2976
864
3632
1264
-1776
-2448
-1216
1040
1536
-736
-1232
1952
3424
688
-1328
176
2096
2224
2144
2976
4016
4464
2944
-336
-1168
1968
3456
160
-3648
-4384
-2624
112
2320
2816
1808
16
-2048
-3536
-2912
-128
2112
2128
1952
2480
1584
-1120
-3104
-2784
-1136
592
2448
4032
2832
-1152
-2768
48
1840
-160
-1504
176
2608
4000
3040
-528
-3264
-2640
-1520
-1840
-1088
1392
1808
-1120
-3360
-2480
-1728
-2992
-2768
368
1776
-448
-1520
1168
3744
3136
2000
2432
1520
-1840
-2848
640
4064
3936
1344
-1552
-3184
-2864
-1024
1184
1504
-848
-3248
-3744
-3072
-2048
-1904
-3088
-2640
800
3808
4192
3360
2432
2256
3136
2960
656
-2144
-3824
-2416
1920
3392
-528
-3296
-992
2480
4032
3088
32
-1376
1216
3904
3360
2160
2352
1664
-1104
-3136
-2608
-1328
-1008
-1568
-2464
-3200
-3056
-1024
2400
3328
240
-1184
1984
3616
16
-3344
-2768
-1856
-2832
-2752
-192
2320
2912
1552
-704
-1120
1408
4208
4896
3072
-240
-1088
1936
3360
32
-3552
-4096
-2976
-1824
-1552
-2496
-3152
-2384
-1616
-1712
-880
1728
4240
4864
3280
416
-1648
-1904
-1408
-1296
-1792
-2624
-3264
-3072
-992
2400
3264
0
-3568
-4400
-2544
640
1840
-672
-3760
-4368
-2640
160
2080
2080
1968
2912
3888
4016
3744
3840
3728
2496
2192
3856
3232
-1120
-2896
688
3904
3184
2048
2976
3664
2736
2112
2512
1680
-1056
-3280
-3504
-3152
-2848
-1168
1952
3792
3008
1888
2192
1760
-544
-848
2384
3232
-1024
-2992
1168
3408
-592
-2928
800
3616
1312
-1632
-2032
-736
1200
1584
-640
-1280
1824
3408
688
-1264
448
2304
2224
2048
2784
3888
4688
3408
0
-1184
1728
3376
256
-3600
-4320
-2576
32
2256
2736
1664
64
-1792
-3264
-2688
48
2224
2112
1744
2352
1616
-1248
-3376
-2928
-1232
464
2400
4112
3152
-848
-2880
-288
1792
64
-1312
288
2720
4144
3184
-480
-3296
-2688
-1392
-1600
-1008
1328
1936
-864
-3264
-2512
-1696
-3008
-2912
256
1840
-288
-1344
1376
3776
3024
1968
2368
1216
-2144
-2880
816
4256
4112
1584
-1408
-3312
-3072
-1008
1344
1648
-848
-3360
-3856
-3072
-1952
-1824
-3200
-2960
608
3952
4496
3488
2336
2176
3200
3168
848
-2016
-3744
-2480
1584
3088
-416
-3008
-800
2720
4288
3152
32
-1184
1568
4080
3264
2080
2464
1664
2128
128
-2160
-3712
-4256
-3152
-624
288
-1968
-3584
-1856
-368
-1808
-3152
-2048
0
960
-112
-2464
-3440
-1776
656
2192
3312
4048
2528
-1280
-3536
-2208
-112
352
-560
-2368
-3488
-2240
-96
640
656
928
64
-2272
-3040
-1152
-160
-1840
-3648
-3904
-3152
-1792
-416
16
-640
-1968
-3184
-3504
-3616
-4000
-3168
-800
96
-1920
-3520
-2272
-272
432
240
-128
416
2256
3280
2016
256
-256
400
1888
3552
4096
2960
864
-688
-768
-544
-848
96
2624
3344
1216
-416
16
208
-576
80
2496
3120
752
-592
1216
3376
3824
2912
1264
352
688
32
-2304
-3712
-2592
-48
2256
3744
4304
2768
-944
-3392
-2208
96
736
48
-512
-256
288
384
48
-720
-2096
-3680
-4560
-2880
1312
3056
-480
-3680
-2256
-784
-2336
-2768
304
3488
4144
2912
960
-352
-320
-608
-2288
-3424
-2336
-400
752
832
496
688
1824
3216
3952
2512
-1200
-3376
-1600
1088
2272
2784
2976
3072
3520
3376
2160
-80
-2832
-2944
816
3168
1216
-832
-496
1072
3104
2864
-1072
-3040
384
3104
1328
-304
480
336
-1712
-3792
-4528
-2720
944
3200
2368
-224
-2752
-3520
-1872
1056
3408
2880
-720
-3616
-2896
-272
1984
3600
4224
3360
1616
-112
-960
16
2336
3680
2640
-160
-2992
-3024
464
3168
2048
336
560
0
-2560
-3520
-1520
208
-16
-864
-1264
-240
2144
3328
1760
-992
-3088
-3200
-1296
208
-96
-720
-528
560
2320
3056
1616
-768
-2480
-2992
-2112
-160
1952
3360
3712
3328
2016
-256
-2336
-3520
-4000
-2944
-400
432
-1920
-3584
-1952
-528
-1888
-3232
-2272
-320
816
80
-2080
-3024
-1456
880
2384
3520
4304
2848
-864
-3216
-2224
-272
208
-912
-2736
-3536
-2368
-688
112
656
1136
-16
-2560
-3120
-960
112
-1568
-3456
-3872
-3184
-1744
-432
-112
-784
-2128
-3392
-3600
-3312
-3424
-2720
-720
-128
-2144
-3568
-2304
-336
480
288
-192
320
2080
2992
1872
256
-272
448
1968
3424
3888
2944
1056
-480
-800
-720
-1008
-64
2400
3232
1248
-256
304
496
-608
-208
2272
3024
912
-96
1728
3632
4048
3232
1488
240
400
-32
-2144
-3616
-2592
-144
2096
3760
4512
2848
-1120
-3584
-2176
272
848
112
-448
-336
96
240
-16
-800
-2160
-3584
-4400
-2864
1200
2880
-688
-3696
-2048
-640
-2448
-2784
656
3856
4256
2960
912
-624
-512
-544
-2272
-3376
-2080
-192
640
448
48
448
1872
3584
4368
2656
-1056
-3184
-1808
752
2448
3296
3440
3248
3232
3136
2256
-32
-2960
-2960
800
3184
1488
-592
-672
736
2944
2720
-1232
-2944
672
3392
1632
-80
560
384
-1808
-3872
-4304
-2496
976
3440
2864
48
-2592
-3184
-1680
816
3056
2736
-768
-3648
-2928
-352
1968
3472
3776
2960
1568
-64
-1040
-128
2144
3504
2656
-80
-3088
-3264
320
3296
2384
608
528
-208
-2608
-3296
-1184
448
16
-976
-1376
-272
2128
3072
1312
-1104
-2736
-2784
-928
432
-144
-720
-224
976
2560
3024
1408
-800
-2448
-3232
-2320
32
2256
3584
3920
3376
2544
576
-1920
-3776
-4304
-2720
192
832
-1824
-3456
-2128
-1424
-2816
-3584
-2368
-192
1424
512
-2368
-3408
-1136
1648
3024
3888
4384
2544
-1392
-3600
-2416
-624
-320
-1248
-2768
-3552
-2432
-400
944
1584
1824
464
-2288
-2800
-80
1056
-1424
-3824
-4016
-3120
-1760
-464
-256
-1200
-2656
-3712
-3664
-3520
-3808
-2560
208
640
-2000
-3552
-2240
-288
960
1328
1072
1536
3056
3616
2400
976
688
1600
2992
4112
4416
3232
688
-1120
-1072
-944
-1424
-128
2784
3264
608
-784
480
832
-704
-400
2528
3280
560
-496
1984
4128
4160
3296
1968
1120
1312
576
-1920
-3696
-2816
-208
2416
4304
4880
2784
-1248
-3504
-2416
-224
1072
848
-352
-672
336
832
-16
-1312
-2496
-3824
-4544
-2352
2064
3136
-768
-3456
-1952
-1136
-2832
-2592
976
4224
4816
3072
400
-1040
-784
-1040
-2560
-3312
-2272
-496
784
1152
1072
1504
2592
3936
4592
2688
-1312
-3280
-1280
1648
3232
3728
3600
3488
3744
3648
2560
16
-2944
-2528
1568
3408
1024
-848
-96
1824
3728
2752
-1600
-3008
1008
3376
864
-784
608
784
-1568
-3920
-4496
-2448
1376
3888
3232
352
-2496
-3136
-1104
2096
4240
3152
-928
-3856
-2896
-64
2416
4096
4416
3504
2288
576
-1056
-352
2416
4112
3248
384
-2768
-2656
1376
4048
2592
1072
1504
528
-2320
-2896
-464
1040
112
-1312
-1680
-128
2688
3648
1648
-1280
-3248
-2784
-160
1200
32
-816
-16
1648
3264
3280
1088
-1552
-3088
-3376
-2304
-80
2368
3936
4112
3488
2448
480
-1936
-3648
-4128
-2672
112
752
-1792
-3296
-1824
-976
-2400
-3440
-2432
-224
1360
384
-2400
-3200
-832
1792
2880
3856
4768
3024
-1216
-3568
-2352
-496
-128
-1120
-2656
-3296
-2144
-352
688
1248
1648
400
-2368
-2832
-160
928
-1408
-3792
-4208
-3328
-1856
-640
-320
-976
-2432
-3536
-3456
-3328
-3744
-2576
272
896
-1680
-3456
-2304
-288
912
1136
880
1456
3024
3584
2336
992
720
1488
2944
4144
4208
2896
608
-1104
-1120
-848
-1232
-96
2688
3216
688
-784
272
592
-672
-144
2688
3264
464
-672
1776
4080
4288
3392
2000
1216
1424
480
-2096
-3648
-2688
-224
2272
4112
4720
2848
-1024
-3392
-2464
-224
1216
976
-320
-528
752
1232
176
-1168
-2256
-3616
-4400
-2272
2128
3216
-864
-3648
-1856
-896
-2944
-2992
752
4272
4848
3088
480
-992
-752
-1024
-2688
-3360
-1904
-32
944
976
784
1312
2528
3904
4592
2640
-1488
-3344
-1216
1648
3184
3856
3984
3920
3840
3392
2448
144
-2976
-2704
1520
3472
1088
-832
-112
1904
3936
2912
-1568
-2976
1136
3552
1056
-592
608
496
-1888
-4000
-4512
-2496
1392
3984
3248
208
-2784
-3280
-1040
2016
3920
2784
-1168
-3968
-3008
-224
2288
4032
4416
3568
2272
512
-1008
-240
2448
3984
2944
32
-2944
-2624
1296
3760
2368
960
1328
336
-2448
-2896
-352
1088
80
-1296
-1600
48
2800
3424
1200
-1488
-3168
-2736
-320
976
0
-768
-32
1648
3408
3376
1104
-1424
-2896
-3344
-2416
-96
2416
3856
3984
3456
-2112
-3408
-2608
-1632
-1520
-2144
-3008
-3424
-2800
-592
2480
2912
0
-784
2304
2992
-1040
-3760
-2528
-1712
-3008
-2864
-336
1776
2048
752
-1104
-1120
1296
3648
4192
2432
-576
-976
1968
2736
-720
-3824
-4032
-2960
-1920
-1872
-3040
-3392
-2128
-1440
-1808
-928
1680
3920
4272
2592
-144
-1936
-1920
-1232
-1136
-1872
-2928
-3568
-3168
-800
2512
2816
-720
-4000
-4448
-2464
496
1424
-1056
-3888
-4336
-2576
160
1856
1680
1712
2928
3696
3520
3456
3632
3136
2016
2000
3312
2320
-1728
-2976
784
3584
2576
1680
2736
3248
2272
1632
1824
896
-1808
-3920
-3840
-3024
-2416
-688
2144
3424
2368
1536
1952
1136
-1120
-864
2352
2560
-1568
-2608
1664
2928
-1312
-2816
1008
3120
736
-1952
-2320
-816
1280
1296
-928
-944
2192
3056
176
-1312
464
1824
1552
1680
2608
3568
4144
2672
-512
-880
2240
2976
-656
-4064
-4384
-2576
48
2064
2336
1184
-480
-2224
-3488
-2928
-336
1776
1824
1664
2080
848
-2112
-3728
-2784
-928
608
2256
3744
2400
-1664
-3104
-240
1424
-320
-1312
144
2288
3744
2656
-1200
-3728
-2736
-1552
-1840
-1008
1184
1056
-1840
-3424
-2272
-1696
-2960
-2608
96
944
-1024
-1168
1776
3568
2480
1616
2048
752
-2432
-2800
848
3824
3360
640
-2368
-3936
-3072
-624
1536
1120
-1840
-4096
-4048
-2976
-1904
-2016
-3392
-2832
816
3872
4176
3024
1824
1856
2992
2688
160
-2640
-4128
-2448
1728
2640
-1264
-3440
-1024
2208
3648
2528
-464
-1216
1696
3632
2400
1360
1792
800
-2032
-3440
-2448
-1296
-1184
-1872
-2960
-3568
-2928
-560
2560
2784
-352
-1136
2016
2752
-1008
-3504
-2368
-1696
-2928
-2784
-224
2048
2368
928
-1008
-1008
1408
3792
4480
2720
-544
-1008
2208
3072
-592
-3856
-4176
-3216
-2192
-1920
-2720
-3056
-2160
-1648
-2000
-1056
1712
4080
4384
2672
-80
-1968
-2128
-1504
-1280
-1872
-2864
-3520
-3056
-608
2688
2944
-544
-3920
-4624
-2720
384
1328
-1104
-3712
-4128
-2464
400
2192
1888
1712
2800
3632
3568
3376
3408
2992
1920
2016
3472
2384
-1680
-2768
928
3504
2352
1376
2576
3344
2352
1600
1872
928
-1808
-3712
-3632
-3216
-2800
-944
1984
3376
2352
1328
1536
720
-1296
-736
2528
2608
-1632
-2784
1328
2640
-1648
-3264
768
3136
736
-1920
-2272
-960
1024
1200
-960
-1104
2032
3088
240
-1376
384
1968
1792
1824
2704
3696
4176
2560
-624
-864
2288
3024
-656
-4096
-4464
-2656
0
2016
2176
1088
-288
-2016
-3488
-2928
-240
1792
1872
1712
1952
736
-2144
-3920
-2960
-944
480
2096
3760
2512
-1584
-3104
-320
1312
-448
-1360
192
2320
3792
2816
-1056
-3712
-2768
-1536
-1792
-976
1120
1040
-1840
-3600
-2464
-1680
-2864
-2608
208
1248
-688
-896
2016
3664
2464
1632
2032
640
-2432
-2592
1056
3824
3184
736
-1920
-3552
-3008
-720
1328
944
-1776
-3888
-4016
-3136
-1952
-1936
-3312
-2592
1088
3872
4096
3072
1824
1760
3024
2912
560
-2288
-4016
-2400
1936
2912
-1152
-3424
-816
2464
3680
2544
-224
-1056
1600
3584
2480
1456
1904
800
